-11  71   0  -11.2834   71.9484 -0.452278  818.348 -661.545 -117.533 -661.545  4636.43  251.366 -117.533  251.366  27.6713
-20  65   0  -20.2797   65.5977 -0.286795 221.366 100.489 58.8671 100.489 383.024 86.3644 58.8671 86.3644 30.6044
 6 57 -1  6.68342  57.8887 -1.45377  155.347  301.284 -87.4886  301.284  814.243 -117.784 -87.4886 -117.784  101.632
-1 53 -1 -1.08776  53.3497 -1.52278  297.981  -53.076 -182.133  -53.076  64.2856  68.2334 -182.133  68.2334  218.485
 0 52 -1 -0.189349   52.5536  -1.60885 106.892 140.425 34.6805 140.425 197.601 33.2994 34.6805 33.2994 81.0193
-14  64  -2 -14.4098  64.4569 -2.31683  15.2986 -19.1614 -38.5561 -19.1614  285.729 -257.159 -38.5561 -257.159    13705
-11  68  -2 -11.4999  68.3586 -2.07279  31.6819  27.0345  271.324  27.0345    234.3 -468.623  271.324 -468.623  6143.28
-8 60 -2 -8.17757  60.2694 -2.22394  230.362  1147.86 -361.968  1147.86  7145.73 -2136.61 -361.968 -2136.61  771.489
-13  64  -2  -13.518  64.5345 -2.31484     21.1 -24.7849  170.959 -24.7849  413.271 -2366.56  170.959 -2366.56  19145.4
 0 52 -2 -0.164257   52.5098  -2.15104 513.582 825.048 415.288 825.048 1333.74 661.617 415.288 661.617 510.375
-10  61  -2 -10.4213  61.7529 -2.35163  678.826  1348.21 -782.215  1348.21   2845.6 -1783.15 -782.215 -1783.15  1337.84
-7 56 -2 -7.53993  56.8679  -2.4144  363.092  -863.91 -2022.13  -863.91  2558.59  3480.59 -2022.13  3480.59  50226.8
-13  66  -2 -13.6607  66.4897 -2.09216  30.8297 -4.93295 -98.0926 -4.93295  49.9207 -64.6672 -98.0926 -64.6672  1214.56
-12  64  -2 -12.7191  64.5254 -2.30509  38.5054  18.4391  -470.34  18.4391  181.186 -1714.95  -470.34 -1714.95  25839.6
 4 50 -1  4.20504  50.1596 -1.84477 917.255 1159.77 166.065 1159.77 1527.27 214.186 166.065 214.186 47.8222
-11  67  -2 -11.6563  67.5049 -2.06123   3464.5 -1990.17  80.3237 -1990.17   1158.8  162.283  80.3237  162.283  7024.72
 6 58 -1  6.31901  58.1069 -1.49339  28.8295  117.271 -28.6091  117.271  989.509 -234.557 -28.6091 -234.557  157.896
 3 50 -1  3.63226  50.5407 -1.72758  103.681  82.5529  21.2892  82.5529  213.795 -95.7092  21.2892 -95.7092  114.241
 1 51 -2  1.56022  51.4673 -2.10706  420.992  708.695 -302.449  708.695  1305.47  272.697 -302.449  272.697  7905.61
