-146 -153    5 -146.272 -153.327  5.21707  212.983  18.1445 -319.943  18.1445  40.2761 -190.657 -319.943 -190.657  1399.81
-147 -163    5 -147.269 -163.515  5.47395 5070.76 2468.42 2575.35 2468.42 1763.66 1086.25 2575.35 1086.25 1369.45
-146 -154    5  -146.34 -154.202  5.44961  1078.95  221.571  63.8047  221.571  149.687 -7.99133  63.8047 -7.99133  19.1431
-146 -154    4 -146.209 -154.843   4.7031  1928.35 -2757.29  4367.92 -2757.29   4286.2 -6692.73  4367.92 -6692.73  10523.7
-133 -156    4 -133.715 -156.394  4.53367  28.9118  -39.434  66.8178  -39.434   322.11 -375.024  66.8178 -375.024  472.662
-148 -159    4 -148.247 -159.427  4.55808  712.647 -2042.07  1109.55 -2042.07  7370.98 -3623.33  1109.55 -3623.33  1873.16
-146 -155    4 -146.289  -155.29  4.48178  1410.79  -422.34  871.782  -422.34  146.338 -265.671  871.782 -265.671  562.014
-144 -158    4 -144.629 -158.258  4.35351  707.331 -60.6166 -19.6697 -60.6166  44.2514  3.07318 -19.6697  3.07318  9.51936
-146 -163    3 -146.411 -163.347  3.68628  871.831 -893.736  294.874 -893.736  1340.07 -235.322  294.874 -235.322  146.677
-135 -157    3 -135.286 -157.224   3.2509  43.9333 -46.2267 -10.0342 -46.2267  257.863 -61.6426 -10.0342 -61.6426  51.7793
-146 -156    3  -146.23 -156.143  3.50983   562.45 -1358.72  1117.28 -1358.72  5832.51 -3997.33  1117.28 -3997.33   2935.7
-145 -150    2 -145.667  -150.57  2.30847 878.708 113.171 790.246 113.171 40.3517  105.09 790.246  105.09 730.993
-146 -158    2 -146.288 -158.858    2.496  137.161  -152.18  81.4803  -152.18  338.876 -73.4182  81.4803 -73.4182  58.2766
-145 -163    2 -145.718 -163.126  2.34949  301.774 -250.314  126.417 -250.314  374.721 -90.4025  126.417 -90.4025  70.9217
-140 -156    1 -140.745 -156.649  1.74562  112.436 -79.9234  117.747 -79.9234  152.761 -220.889  117.747 -220.889  367.257
-145 -158    3 -145.153 -158.618  3.20407 70.8568 -21.587 42.3798 -21.587 525.636 23.2111 42.3798 23.2111 91.0999
-143 -152    1 -143.115 -152.134  1.09002  3525.96 -3234.05  2106.59 -3234.05   3095.3 -2260.02  2106.59 -2260.02  2528.45
-145 -158    2 -145.566 -158.758  2.23738  20.4415 -64.6742 -8.86795 -64.6742  309.808  8.18475 -8.86795  8.18475  34.5474
-138 -153    4  -138.42 -153.661   4.3621  3340.42 -4288.78   259.56 -4288.78  5553.55 -332.102   259.56 -332.102  51.6801
-143 -152    0 -143.667 -152.828 0.815704  9759.87  580.807 -5926.05  580.807  255.902 -549.686 -5926.05 -549.686  3852.83
-141 -158    0 -141.222 -158.647 0.106359  102.124 -9.26909  14.3678 -9.26909  22.8773  -8.4321  14.3678  -8.4321  17.7076
-138 -158    0  -138.262  -158.812 -0.214686  113.955  -244.77  10.6836  -244.77  1354.86 -365.867  10.6836 -365.867  168.056
-146 -155    3 -146.275 -155.801  3.85737   144.32 -153.501  108.881 -153.501  223.928 -203.569  108.881 -203.569  275.079
-141 -152    4 -141.391 -152.376  4.74215  209.809  77.8262    4.094  77.8262  455.954 -355.108    4.094 -355.108  333.506
-145 -156   -7 -145.492 -156.923 -7.70871  28.3491  168.473 -11.0145  168.473  2083.27  34.6819 -11.0145  34.6819  54.9573
-142 -159   -9 -142.367 -159.922 -9.56985  68.5275 -202.657  -16.019 -202.657  1234.61  73.5207  -16.019  73.5207  14.2065
-147 -156   -8 -147.787 -156.135 -8.73756  81.8357 -197.586  41.4884 -197.586   684.72  -35.944  41.4884  -35.944  131.985
-146 -157   -8 -146.315 -157.262 -8.51461  568.011 -923.093  64.0643 -923.093  2452.49 -187.838  64.0643 -187.838  21.6666
-145 -156   -1 -145.766  -156.67 -1.55417  39.9853 -37.4016    34.27 -37.4016  221.686 -207.266    34.27 -207.266    223.5
-145 -152    0 -145.689 -152.467 0.153868  207.244  106.141  3.22552  106.141  77.7551 -3.37596  3.22552 -3.37596  15.0156
-143 -159   -4 -143.709  -159.52 -4.54983  29.9488  6.26815 -2.20335  6.26815  138.231 -51.5741 -2.20335 -51.5741  32.4462
-143 -160   -7 -143.195 -160.046 -7.50571  33.0798 -94.0572 -8.15342 -94.0572  1709.87  89.6282 -8.15342  89.6282  23.2798
-146 -157   -9  -146.46 -157.283 -9.80836  2018.41 -2144.13 -1286.59 -2144.13  2338.75  1381.81 -1286.59  1381.81  957.764
-145 -157    1 -145.415 -157.773  1.84431  237.249  536.079 -271.709  536.079  5320.48 -7619.44 -271.709 -7619.44  12572.8
-144 -157    5 -144.276 -157.283  5.36511  943.199  -3296.5  2256.67  -3296.5  13269.9 -9063.08  2256.67 -9063.08  6221.42
-143 -159   -6 -143.405 -159.937 -6.49183  105.829 -91.3438  14.8007 -91.3438     1173  -110.83  14.8007  -110.83  22.3647
-142 -159   -7  -142.11 -159.912 -7.66317    195.9 -161.188 -10.1964 -161.188  579.777  31.5904 -10.1964  31.5904  14.3727
-142 -159   -8 -142.272 -159.897 -8.43577  26.8852 -109.673  7.01987 -109.673  1498.68 -17.0923  7.01987 -17.0923  15.3276
-141 -159    4 -141.177 -159.434  4.39001  289.711 -276.808  -50.154 -276.808  451.434  125.666  -50.154  125.666  51.7078
-142 -159  -10 -142.503 -159.835 -10.2754   10.6818  -8.41965 -0.180925  -8.41965   72.3811   58.6747 -0.180925   58.6747   82.1846
-142 -160   -9 -142.676  -160.08  -9.6158  118.883 -655.649 -33.1081 -655.649  5415.07  93.0348 -33.1081  93.0348  31.4526
-144 -151    1 -144.656 -151.567   1.3222  161.833 -126.755 -834.623 -126.755  114.901  687.439 -834.623  687.439  4463.61
-101 -156  -11 -101.705 -156.295 -11.3082  12.9925 -33.0071 -13.9194 -33.0071  167.268  75.2973 -13.9194  75.2973  43.4548
-148 -156   -8  -148.24 -156.291 -8.65144  385.611 -183.362  2.80168 -183.362  125.272  5.18703  2.80168  5.18703  14.1558
-141 -160   -5 -141.884 -160.033 -5.40368  191.111 -1194.66 -199.511 -1194.66    11014  1823.33 -199.511  1823.33   320.13
 -94 -157  -10 -94.3037 -157.278 -10.4422  1944.22 -1297.82  138.929 -1297.82  1003.65 -285.638  138.929 -285.638   300.25
-143 -160   -8 -143.259 -160.048 -8.51858  96.6782 -30.8792  15.8607 -30.8792  996.042 -93.3287  15.8607 -93.3287  17.8696
-145 -156  -10 -145.485 -156.664 -10.5382 780.195 216.939 2257.23 216.939 93.4751 648.032 2257.23 648.032 6712.71
-143 -159   -5 -143.568 -159.754 -5.44421  62.1528 -46.9237  -1.6226 -46.9237  79.1752  -3.7452  -1.6226  -3.7452  15.2254
-140 -154    3 -140.554 -154.486  3.49573  56.8135  54.8403 -41.0978  54.8403  104.992  -41.897 -41.0978  -41.897    38.16
-140 -157    1 -140.904 -157.416  1.39011  539.598  51.3876 -72.0106  51.3876   81.504 -62.9308 -72.0106 -62.9308  62.6825
-145 -158    1 -145.276 -158.527  1.41816  147.829 -33.1279  102.989 -33.1279  24.9018 -26.1915  102.989 -26.1915  88.6833
-146 -156    0   -146.605   -156.681 -0.0143225  28.6634  1.01003 -2.83794  1.01003  37.2097  11.0434 -2.83794  11.0434  6.81374
-147 -159    3 -147.147 -159.208  3.43123 219.601  122.66 99.9839  122.66 2305.65 679.772 99.9839 679.772 235.538
-147 -157    0 -147.164 -157.263 0.398429  152.896  340.899 -244.854  340.899  1057.91 -724.026 -244.854 -724.026  504.584
-144 -159   -2 -144.615 -159.144 -2.44814  380.085 -535.208 -54.4686 -535.208  930.363  30.1834 -54.4686  30.1834  31.0292
-141 -159   -1 -141.285 -159.225 -1.38746  150.567 -337.529  67.4399 -337.529   985.03 -207.564  67.4399 -207.564  62.8807
-137 -158    0 -137.585 -158.571 0.111451  88.0749  -275.59  45.0644  -275.59  1468.83 -288.438  45.0644 -288.438  118.224
-109 -163  -10 -109.215 -163.342 -10.2699  71.5519 -57.5302 -18.4527 -57.5302  75.0486 0.987383 -18.4527 0.987383  35.0139
-144 -152    0 -144.544 -152.471  0.61944  58.9319   11.057   7.1325   11.057  161.969 -232.506   7.1325 -232.506  357.792
-146 -153  -10  -146.15 -153.153 -10.5475 153.126 60.3562 170.103 60.3562 186.296 196.691 170.103 196.691 403.136
-141 -158    4 -141.614 -158.332  4.34029  73.1215  62.8993 -19.1439  62.8993  2262.41 -228.302 -19.1439 -228.302   37.049
-141 -159   -6 -141.806 -159.917 -6.54467  135.645  52.6871 -19.5238  52.6871  511.284  3.99143 -19.5238  3.99143  14.3828
-142 -159   -6 -142.118 -159.956 -6.67186 404.432 763.725 483.312 763.725 15180.1  5875.1 483.312  5875.1 2445.15
-144 -153    0   -144.254    -153.61 -0.0343212  32.5229 -21.7073  13.0998 -21.7073  27.7822 -7.31703  13.0998 -7.31703  11.9104
-146 -156   -3 -146.452 -156.444 -3.32179  53.5215 -12.3128  17.7954 -12.3128  13.5061  -9.7733  17.7954  -9.7733  28.3869
-146 -157    0 -146.563 -157.189 0.125224  48.1655  -35.267  25.0578  -35.267  113.863 -37.3316  25.0578 -37.3316  20.4331
-141 -159   -4 -141.781 -159.932 -4.50023  179.996 -302.425 -14.6112 -302.425  893.916  8.40199 -14.6112  8.40199    12.43
-143 -160   -9 -143.152  -160.18 -9.40862 1490.26 787.254 391.893 787.254 857.936 278.821 391.893 278.821 127.761
-141 -159   -3 -141.518 -159.764 -3.36564   188.54 -164.215  45.2012 -164.215  411.858 -52.9132  45.2012 -52.9132  22.6913
-146 -156   -2 -146.507 -156.388 -2.42599   7.00117  0.499149 -0.850725  0.499149    10.468  -1.20682 -0.850725  -1.20682   10.6022
-143 -157   -3 -143.369 -157.523 -3.32189  320.655 -278.002  297.692 -278.002  460.662  -441.73  297.692  -441.73  475.513
-143 -156   -2 -143.694 -156.641 -2.51718  682.045 -430.843  750.911 -430.843  760.543 -882.895  750.911 -882.895  1177.41
-140 -159   -2 -140.399 -159.511 -2.35459  74.6108 -163.715 -21.1033 -163.715  925.872 -90.4879 -21.1033 -90.4879  49.1752
-143 -162   -1 -143.533 -162.505 -1.65535  33.5769  12.4946  14.6087  12.4946  165.432 -24.1325  14.6087 -24.1325  27.3928
-146 -156   -1 -146.601 -156.568  -1.6166 12.9737 5.03581 3.51142 5.03581 17.8075 7.05877 3.51142 7.05877 16.2617
-143 -158   -3 -143.629 -158.557 -3.78462  245.436 -259.237  359.293 -259.237   327.11 -440.723  359.293 -440.723  635.084
-144 -158   -1 -144.705 -158.945 -1.48404  117.043  120.363  46.4345  120.363  4742.39 -665.779  46.4345 -665.779  143.632
-139 -159   -1 -139.553 -159.253 -1.46218  168.477  -448.15 -57.0962  -448.15  1602.71 -44.2413 -57.0962 -44.2413  138.214
-138 -159    0  -138.872  -159.045 -0.828901  119.568 -105.874 -70.2609 -105.874  1048.03  52.3527 -70.2609  52.3527  159.712
-144 -158    0   -144.91  -158.727 -0.159723  436.809 -316.336  34.4565 -316.336  451.405 -48.4559  34.4565 -48.4559   8.0729
-141 -159    0  -141.468  -159.062 -0.083593  73.9409 -56.5607  17.7288 -56.5607  175.771 -21.3102  17.7288 -21.3102  7.45465
-145 -158    0   -145.096    -158.75 -0.0930895  214.193  8.72944 -6.79308  8.72944  474.757 -79.6465 -6.79308 -79.6465  18.7223
-144 -162    0  -144.352  -162.665 -0.354081  386.213 -443.401  217.776 -443.401  2469.55   307.25  217.776   307.25  286.074
-144 -155    0  -144.194  -155.265 -0.460492 469.306 306.527 420.538 306.527 236.098 304.435 420.538 304.435 417.907
-144 -154    0  -144.188  -154.372 -0.319629 2570.02 33.9693 676.925 33.9693  9.9825 6.39711 676.925 6.39711 182.557
