-67  59   1 -67.6933  59.5995  1.51072  19.0427 -32.6108 -10.1828 -32.6108   109.34  26.0248 -10.1828  26.0248  20.9308
-67  58   0  -67.7157   58.6404 0.0847627  270.281   179.59 -61.8625   179.59  140.712 -51.4762 -61.8625 -51.4762  21.7725
-61  59   0  -61.7842   59.4672 -0.409452  114.564 -44.5606  78.4559 -44.5606  49.1614 -47.9448  78.4559 -47.9448  82.4306
-67  59   0 -67.3225  59.5439 0.179327   35.6091  -19.6992   1.64931  -19.6992   31.5619 -0.683202   1.64931 -0.683202   2.40119
-62  60   0 -62.3272  60.3368 0.390038  23.434 31.7045 9.35352 31.7045 111.627 35.7706 9.35352 35.7706  14.356
-68  58  -1  -68.593  58.5983 -1.59772  347.608  -223.27 -4.07222  -223.27  161.126   6.9199 -4.07222   6.9199  7.79714
-63  59   0  -63.0458   59.4939 -0.199932 1646.97 816.494 116.085 816.494 605.421 69.4188 116.085 69.4188 19.6224
-68  58   0  -68.0987   58.6891 -0.347775  561.568  9.55886  40.1068  9.55886   8.7123 -2.11809  40.1068 -2.11809  7.70577
-66  60   0  -66.6102   60.3481 -0.766947   50.691 -13.9972   16.505 -13.9972  25.9523 -3.10729   16.505 -3.10729  14.0045
-62  59   0 -62.4392  59.5915 -0.16552  10.6313  1.70383  1.37273  1.70383  20.5157 -1.82238  1.37273 -1.82238  3.59577
-66  59   0  -66.7951   59.5864 0.0153289   67.044  5.84007 -4.93384  5.84007  10.5824  1.61292 -4.93384  1.61292  2.97122
-136   64    0  -136.518   64.9191 -0.582024  27.8328  36.9128  2.34537  36.9128   575.52 -8.06701  2.34537 -8.06701  7.90003
