-179 -154    0  -179.492  -154.561 -0.276204  18.4362   11.512  1.68082   11.512  36.0066 -15.6485  1.68082 -15.6485  15.8704
-244 -154    0  -244.515  -154.336 -0.111332  114.782 -113.481  87.2358 -113.481  147.611 -97.4631  87.2358 -97.4631  72.8295
-184 -150    6 -184.575 -150.397  6.24662  14.8562  -30.835  3.59033  -30.835  634.338 -54.4391  3.59033 -54.4391  18.2976
-194 -165    0 -194.513 -165.266 0.254028    34.55 -2.80431 -2.66153 -2.80431  132.587   3.6606 -2.66153   3.6606   3.3422
-182 -151    0  -182.462  -151.056 -0.127854  32.0032  -1.0019   4.9643  -1.0019  718.415 -19.3144   4.9643 -19.3144  5.29532
-238 -153    0  -238.464  -153.358 -0.307588 18.4286 21.4304  5.1666 21.4304 62.7163 5.36525  5.1666 5.36525 4.68371
-178 -153    0  -178.677  -153.525 -0.554288 10.0082 1.65588 -3.1117 1.65588 15.2194 5.35498 -3.1117 5.35498 16.2298
-181 -153    0   -181.51  -153.689 -0.582378  125.666 -57.1689  116.068 -57.1689  45.8344  -65.113  116.068  -65.113  121.235
-183 -151    2   -183.3 -151.291  2.48697  31.5424 -19.5149 -1.17453 -19.5149  146.794  14.8744 -1.17453  14.8744   12.055
-242 -152    0  -242.488   -152.56 -0.172758  23.9186 -7.04631  10.3245 -7.04631  14.7586 -7.77226  10.3245 -7.77226  8.57913
-243 -152    0 -243.563 -152.501 0.141027  18.9079  7.99286  -8.2935  7.99286  18.4998 -8.05548  -8.2935 -8.05548  8.15719
-245 -153    0  -245.378  -153.195 -0.607977  83.9964 -6.62994   5.2556 -6.62994  121.008 -13.2572   5.2556 -13.2572  17.5492
-185 -152    4 -185.732 -152.652  4.74653  40.1122 -44.9252  52.5311 -44.9252   66.788 -64.2047  52.5311 -64.2047  114.056
-160 -153    0  -160.707  -153.353 -0.601085  44.1344 -13.1348 0.193299 -13.1348  30.4684 -15.1562 0.193299 -15.1562   21.887
-172 -150    6 -172.591 -150.547  6.58478   74.07 23.7369 -14.698 23.7369 787.203 626.515 -14.698 626.515 522.702
-243 -154    0 -243.395  -154.38 -0.44333  79.7208 -43.9426  37.0374 -43.9426  34.8719 -22.0979  37.0374 -22.0979  19.3465
-242 -154    0  -242.715  -154.226 -0.926864 23.9855 45.1699 178.024 45.1699 256.708  712.51 178.024  712.51 2517.72
-221 -154    0  -221.381  -154.402 -0.528526  405.981  136.571  130.074  136.571  193.568 -41.7756  130.074 -41.7756  103.398
-236 -152    0  -236.764  -152.596 -0.060469   26.1103   2.58211   5.26216   2.58211   13.7958 -0.602806   5.26216 -0.602806   2.79887
-162 -156    0  -162.74 -156.633 0.155476  76.2406 -21.2523 -8.65196 -21.2523  26.1941  2.95363 -8.65196  2.95363  5.93814
-154 -163    5 -154.662 -163.226  5.46814  141.923 -199.096  28.8873 -199.096  683.479 -82.5862  28.8873 -82.5862  20.5527
-178 -154    0  -178.407  -154.257 -0.404274  9.35157 -8.23991  2.22707 -8.23991  54.9698 -10.8294  2.22707 -10.8294   7.4135
-221 -157    8 -221.433 -157.225   8.2382  91.5054 -389.328 -220.264 -389.328  1900.34   1170.3 -220.264   1170.3  790.145
-151 -150   -1 -151.363 -150.596  -1.4497   10.158 -1.44064 0.197054 -1.44064  60.3579 -49.3905 0.197054 -49.3905  56.5619
-244 -154   -1 -244.632 -154.733 -1.38807  21.2571  5.01207  10.7101  5.01207  22.2142 -2.73745  10.7101 -2.73745   60.229
-150 -150   -1  -150.68 -150.231 -1.41639  24.5002 -5.11056  24.5598 -5.11056  10.2038 -2.43986  24.5598 -2.43986  32.8153
-178 -151   -1 -178.606 -151.924 -1.69239  301.255 -934.713 -187.197 -934.713  3116.87  589.096 -187.197  589.096  153.971
-177 -152   -1 -177.565 -152.525 -1.60449 78.3614 52.1846 18.7582 52.1846 59.5769 34.7631 18.7582 34.7631 39.4055
-237 -152   -1 -237.507 -152.366 -1.37472  7.93317 -1.45633  1.70774 -1.45633  29.5599  8.36381  1.70774  8.36381  13.9186
-178 -152   -1 -178.692 -152.145 -1.42415  46.3174   24.638 -7.58216   24.638  206.554  32.6029 -7.58216  32.6029  22.3899
-222 -157   -1 -222.708 -157.238  -1.3816  34.9362  65.8239 -2.06795  65.8239  418.396 -41.2972 -2.06795 -41.2972  16.6995
-182 -150   -1 -182.369 -150.843 -1.50073  47.6663    26.92 -2.11577    26.92  49.6517  17.2145 -2.11577  17.2145  20.5307
-180 -152   -1 -180.565 -152.682 -1.45031 46.3394  8.9221  22.698  8.9221 31.4655 5.31165  22.698 5.31165 24.2026
-222 -157    6 -222.448 -157.294  6.69873  61.1105  141.916 -53.7889  141.916  399.408  -165.91 -53.7889  -165.91  97.2133
-179 -153   -1 -179.544 -153.116 -1.48172  74.7106  90.5088 -39.1669  90.5088  435.292 -54.3361 -39.1669 -54.3361  33.9267
-243 -153   -3 -243.696 -153.134 -3.28635  113.704 -130.083   12.834 -130.083  189.886 -14.4114   12.834 -14.4114  34.9686
-151 -150   -2 -151.383 -150.758 -2.21256  65.4412 -327.304  410.334 -327.304  2168.51 -3200.79  410.334 -3200.79  5402.82
-182 -151   -2 -182.321 -151.153 -2.49259  92.2647 -45.4519 -11.9642 -45.4519  63.5972  7.30364 -11.9642  7.30364  16.6817
-222 -157    2 -222.685 -157.321   2.4721  140.493  150.051 -26.3425  150.051  262.806 -14.3717 -26.3425 -14.3717  20.2867
-183 -150    6 -183.533 -150.054  6.44081   91.6232   100.523 -0.443408   100.523   1211.29  -116.485 -0.443408  -116.485   33.6325
-180 -153   -2 -180.242 -153.617 -2.35139  90.6957   121.31 -41.9558   121.31  1626.87  210.318 -41.9558  210.318  80.5641
-244 -153    0  -244.357  -153.386 0.0707766  34.1668  11.5194 -3.72854  11.5194  19.8746 0.151317 -3.72854 0.151317   3.4419
-237 -152   -2 -237.315 -152.245 -2.38109   12.4219 -0.261453   1.36443 -0.261453   13.1279   8.30839   1.36443   8.30839   16.2518
-180 -152   -2 -180.551 -152.807 -2.54089  23.6903  76.0078 -15.9379  76.0078   2244.9 -282.563 -15.9379 -282.563  49.6637
-242 -152   -2 -242.418 -152.625 -2.54529  76.8556 -16.7254 -51.3597 -16.7254  12.1385  4.72984 -51.3597  4.72984  56.9475
-181 -153   -2 -181.291 -153.469 -2.42021 87.6844 97.8782 27.6159 97.8782 358.193 83.1513 27.6159 83.1513 29.6399
-177 -152   -2 -177.723  -152.27 -2.38944  529.226  91.7752  129.724  91.7752  53.0327 -21.2284  129.724 -21.2284  99.6706
-178 -154   -2 -178.589 -154.374 -2.92341  72.6353  14.0441  124.328  14.0441  1409.11 -2761.59  124.328 -2761.59  5905.41
-222 -150    2 -222.249 -150.347  2.58005  68.2033  19.8823 -7.44535  19.8823  38.4655  25.9127 -7.44535  25.9127  35.1202
-243 -153    2 -243.544 -153.216  2.59759  44.8496 -9.85205  29.7838 -9.85205  18.9193 -11.7087  29.7838 -11.7087  34.4432
-242 -151   -1 -242.561  -151.73 -1.42154    55.578   4.78884 -0.468594   4.78884   26.2535  -22.2281 -0.468594  -22.2281   32.0568
-178 -154    2 -178.125 -154.434   2.5427   141.52  36.1473 -48.0329  36.1473  29.4911  -26.637 -48.0329  -26.637  33.3684
-239 -151   -3 -239.159 -151.391 -3.28316  435.586  15.8989 -442.426  15.8989  208.792 -113.975 -442.426 -113.975  533.291
-163 -156    0  -163.528  -156.573 -0.521352  433.851 -378.092 -275.784 -378.092  339.894  242.636 -275.784  242.636  178.436
-152 -150   -2 -152.085 -150.882 -2.61837 8823.26 741.868 1470.39 741.868 339.089 127.586 1470.39 127.586  254.48
-194 -165   -1 -194.831 -165.323 -1.18888  107.016 -69.3809 0.653513 -69.3809  122.015 -26.8128 0.653513 -26.8128  95.8917
-243 -151   -3 -243.772 -151.415  -3.5735  13.4314  4.82703  1.26583  4.82703  13.4168 -1.68928  1.26583 -1.68928   22.082
-238 -152   -1 -238.437 -152.541 -1.57556 45.1881 28.2985 43.2393 28.2985 48.6556 35.3523 43.2393 35.3523 60.3015
-177 -152    0  -177.727  -152.663 -0.167409  27.5378  19.7989  1.61579  19.7989  53.9455 -7.48826  1.61579 -7.48826  3.43824
-160 -152    1 -160.249 -152.146  1.41732  237.148 -164.761 -21.4054 -164.761  513.947 -80.7771 -21.4054 -80.7771  36.3513
-183 -152    0  -183.383  -152.387 -0.566198  59.7068 -17.7596  37.0444 -17.7596  16.3052 -10.5312  37.0444 -10.5312  35.8911
-243 -152   -3  -243.62 -152.895 -3.60172  798.955 -599.541 -32.4078 -599.541  765.499 -19.5394 -32.4078 -19.5394  12.3317
-236 -153   -3 -236.444 -153.672 -3.59419  342.147 -23.8636 -308.653 -23.8636  14.2718  26.1884 -308.653  26.1884  286.065
-244 -151    0 -244.448 -151.559 -0.54305  17.6742 -6.72262 -4.95218 -6.72262  19.1738  7.26865 -4.95218  7.26865  15.3916
-177 -152    7 -177.643 -152.891  7.72875  38.333 27.1052 -5.7985 27.1052 824.492 275.095 -5.7985 275.095 149.477
-243 -153    0  -243.515  -153.381 -0.337839   14.1375    2.4243 -0.125303    2.4243   15.2245 -0.949546 -0.125303 -0.949546   2.45708
-243 -154   -1 -243.224 -154.362 -1.48596  15.4477  6.48626  -1.7492  6.48626  110.943 -123.043  -1.7492 -123.043  220.175
-181 -151    1 -181.679 -151.103  1.58957   21.9381 -0.875031   1.54581 -0.875031   210.917   3.44249   1.54581   3.44249   16.3898
-177 -152   -8 -177.406 -152.436 -8.53337  27.0639 -40.7457 -15.7178 -40.7457  380.071 -7.74804 -15.7178 -7.74804  27.6515
-242 -152   -3 -242.634 -152.626 -3.38225  88.5023 -40.5497 -36.8251 -40.5497  37.7241   17.712 -36.8251   17.712  21.2378
-244 -152    0  -244.583  -152.488 -0.146458  9.94844 0.960975 -1.94365 0.960975  9.48481  0.18527 -1.94365  0.18527  4.20679
-223 -156    7  -223.67 -156.418  7.49545    174.1  218.572 -9.66658  218.572  288.869 -17.3379 -9.66658 -17.3379  16.5963
-244 -153   -3 -244.568 -153.396 -3.54894  60.0461 -35.7087 -36.1712 -35.7087  43.5254  12.2364 -36.1712  12.2364  57.6458
-163 -153    3 -163.766 -153.754  3.66907  173.499 -65.8629  43.9026 -65.8629  35.3156 -17.4072  43.9026 -17.4072  20.5374
-242 -153    0  -242.344  -153.769 -0.472678 34.8907  34.162 4.36275  34.162 75.9367 2.39977 4.36275 2.39977 3.26925
-245 -154   -1 -245.377 -154.808 -1.80013  2225.25 -2961.89 -1467.24 -2961.89  4107.48  1932.67 -1467.24  1932.67  982.704
-176 -150   -7 -176.356 -150.851 -7.31085  589.884  142.376 -703.935  142.376  132.527 -233.072 -703.935 -233.072  904.524
-181 -150   -3 -181.675 -150.062 -3.48099  482.183 -141.807  4.83204 -141.807  1036.85 -45.7207  4.83204 -45.7207  9.56047
-180 -150    9 -180.858 -150.726  9.60802  422.322  14.5882 -125.914  14.5882  41.7122 -12.8313 -125.914 -12.8313  64.3338
-238 -151   -2  -238.22 -151.622 -2.40669  49.3855  103.167  -3.4365  103.167  425.577 -7.38809  -3.4365 -7.38809  11.3825
-179 -151    0 -179.507 -151.674 -0.40598   38.6915   26.9073   2.98657   26.9073   29.5535 -0.626657   2.98657 -0.626657    2.4856
-188 -151    7 -188.528  -151.47   7.2774  269.738  795.903  -584.23  795.903  2430.39 -1782.21  -584.23 -1782.21  1354.15
-212 -157    6 -212.532   -157.7  6.60891  33.2662 -15.6005  47.8475 -15.6005  28.4773 -28.3127  47.8475 -28.3127  108.594
-181 -152    2 -181.297 -152.463  2.29067  669.034 -438.906  517.879 -438.906  313.676 -333.877  517.879 -333.877  434.513
-243 -151   -4 -243.384 -151.731 -4.41689  103.485 -77.4081 -165.763 -77.4081  72.1118  123.401 -165.763  123.401  289.462
-237 -151   -2 -237.547 -151.562 -2.45256  173.926 0.701487  4.42351 0.701487  14.4747 -8.13751  4.42351 -8.13751  23.0875
-237 -152   -3 -237.483 -152.535 -3.76489 13.5761 5.51158 8.57562 5.51158 21.1112 12.1237 8.57562 12.1237 22.6709
-183 -151    3 -183.682 -151.462  3.41983 121.059 3.17523 54.9837 3.17523 821.336 187.352 54.9837 187.352 79.0841
-238 -152   -4 -238.332 -152.707 -4.46292  3570.88 -2829.51  2068.83 -2829.51  2280.61 -1626.15  2068.83 -1626.15   1217.9
-181 -153   -4 -181.309 -153.072 -4.18404 58.4652 26.2691 23.8261 26.2691 276.089 28.1796 23.8261 28.1796 56.0921
-218 -150    6 -218.566 -150.545  6.43285   81.018 -5.70996 -59.4567 -5.70996  33.9553 -29.1976 -59.4567 -29.1976   86.527
-237 -152    0  -237.547  -152.391 0.0830408   19.7686 -0.293755  -1.45405 -0.293755   33.4008  -1.08305  -1.45405  -1.08305   3.24803
-166 -150   -4 -166.528 -150.725 -4.82898  16.8469 0.698151 -97.0166 0.698151  9.35276  15.4734 -97.0166  15.4734  1132.82
-238 -153   -4 -238.365 -153.312 -4.45684 45.2501 18.5031 15.7061 18.5031 29.9491 10.4359 15.7061 10.4359 25.2956
-169 -150   -3 -169.427 -150.296 -3.70063   33.276 -54.8168  17.4338 -54.8168  163.016 -23.7867  17.4338 -23.7867  24.0673
-241 -153   -4 -241.767 -153.383 -4.25677  91.8768  7.07859 -5.12459  7.07859  31.7572 -7.46905 -5.12459 -7.46905  11.4402
-243 -152    1 -243.578 -152.583  1.51443 12.5575 4.37221 2.23119 4.37221 33.1083 7.19892 2.23119 7.19892 12.9716
-219 -155   -1 -219.647 -155.488 -1.47944  28.5342 -20.6663 -5.11342 -20.6663  32.8784  2.83842 -5.11342  2.83842   13.767
-179 -151   -4 -179.136 -151.548 -4.72893  98.2629 -10.3854  13.8368 -10.3854  85.1116  17.8308  13.8368  17.8308  27.5295
-179 -153    0  -179.589  -153.434 -0.198197  17.6768 -11.8929 -3.81946 -11.8929  29.8106  2.67183 -3.81946  2.67183  3.20437
-221 -152   -5 -221.353 -152.535 -5.57956   33.9424   -15.207 -0.402324   -15.207   18.2109  -20.1227 -0.402324  -20.1227   75.8289
-185 -150   -1  -185.55 -150.517 -1.28276  27.6236 -15.3682 0.857992 -15.3682  49.0811  35.1868 0.857992  35.1868  50.8905
-175 -150   -5 -175.466 -150.742 -5.47406   23.238 0.184025 -2.57518 0.184025  48.9891 -19.6845 -2.57518 -19.6845  21.6528
-236 -151   -1 -236.643 -151.838 -1.64969 54.8405 114.768 33.4471 114.768 337.696 85.4298 33.4471 85.4298 39.0812
-241 -153   -1 -241.683 -153.097 -1.60478  170.839   322.23 -139.554   322.23  695.005  -290.49 -139.554  -290.49  348.946
-238 -151   -1  -238.25 -151.342 -1.57636 119.142 49.0489 25.8271 49.0489 72.7626 26.6604 25.8271 26.6604 26.7973
-249 -159   -4 -249.452 -159.729 -4.90813   264.75 -776.103  208.347 -776.103  2429.19  137.437  208.347  137.437  7821.56
-181 -150   -5 -181.668 -150.327 -5.49945  26.7166  8.15584 -5.49625  8.15584  43.6785  -8.6143 -5.49625  -8.6143    12.45
-181 -150    0 -181.724 -150.807 0.447352  428.773 -441.033  1.15923 -441.033  704.409  116.911  1.15923  116.911  57.2733
-182 -150    3 -182.622 -150.753  3.50939   56.514  79.7748  -4.0297  79.7748    282.7 -22.3723  -4.0297 -22.3723   16.816
-219 -155    0  -219.207  -155.142 -0.197358   98.946  -131.43 -6.19981  -131.43  363.326 -4.95403 -6.19981 -4.95403  6.42078
-244 -151   -1 -244.462 -151.443 -1.28211 12.9344 5.08027 3.06395 5.08027 25.5893 1.91609 3.06395 1.91609 11.8107
-244 -162   -4 -244.296  -162.55 -4.44354  4092.32 -3087.08  4173.88 -3087.08  2346.76 -3139.11  4173.88 -3139.11  4595.55
-182 -151   -4 -182.163 -151.121 -4.65024  38.5849 -21.8029   4.1068 -21.8029   209.16 -3.44809   4.1068 -3.44809    22.24
-152 -150   -6 -152.142   -150.9 -6.59151   245.777   179.977 -0.662405   179.977   730.538  -26.5228 -0.662405  -26.5228   9.90762
-152 -150   -7 -152.183 -150.831 -7.51976  961.381 -745.603  64.0031 -745.603  645.303 -57.9162  64.0031 -57.9162  13.9007
-182 -151   -6 -182.231 -151.189 -6.49933  86.7838 -21.1662  10.2319 -21.1662  52.0719 -4.71928  10.2319 -4.71928    9.891
-218 -153    4 -218.569 -153.818  4.47602  304.896  159.629 -171.737  159.629   252.35 -150.284 -171.737 -150.284  127.599
-184 -150    8 -184.729 -150.244  8.61913  432.625  -706.53  790.338  -706.53  2842.83 -862.305  790.338 -862.305  1707.55
-222 -157    1 -222.751 -157.255  1.40346  307.849  217.903  36.9028  217.903  629.004 -18.5754  36.9028 -18.5754  17.7512
-216 -153    6 -216.416 -153.265  6.29805  7039.17 -4879.26  4197.92 -4879.26  3510.77 -3312.48  4197.92 -3312.48  4126.83
-220 -155   -2 -220.459 -155.474 -2.49445  103.619 -53.3729  75.9278 -53.3729  60.6077 -61.1679  75.9278 -61.1679   80.748
-239 -152   -3 -239.317 -152.194 -3.53384  50.4975  16.7918 -32.1199  16.7918  39.1179 -13.3341 -32.1199 -13.3341  33.9133
-216 -155    7 -216.164 -155.349  7.08254  106.649 -69.5217 -18.9911 -69.5217  191.266 -21.0511 -18.9911 -21.0511  260.843
-151 -150   -5 -151.888 -150.584 -5.63864  291.971 -71.8196 -17.5126 -71.8196    34.45  13.7462 -17.5126  13.7462  22.2171
-180 -153   -8 -180.221 -153.064 -8.39558 509.952 782.857 45.9355 782.857 2644.19 246.704 45.9355 246.704 31.4474
-179 -151   -7 -179.564 -151.405 -7.75957  56.5844   35.977  6.22561   35.977  120.717 0.945027  6.22561 0.945027   25.136
-180 -153   -3 -180.312 -153.425 -3.36625 1524.71 2462.53  309.16 2462.53 4317.34 573.219  309.16 573.219  84.994
-179 -153   -2 -179.707 -153.497 -2.43064   388.54 -1542.98 -1039.12 -1542.98  6544.08  4414.47 -1039.12  4414.47  2997.82
-181 -152   -7 -181.316 -152.165 -7.37739 45.7037 29.0532 16.0779 29.0532 188.193 40.0063 16.0779 40.0063 28.2553
-221 -151    5  -221.72 -151.627  5.40042   34.1127  0.221886   14.7785  0.221886   22.1669 -0.956489   14.7785 -0.956489   17.3611
-222 -152    0  -222.805   -152.46 0.0173239  189.477 -16.2889 0.907303 -16.2889  14.2637 -2.58188 0.907303 -2.58188  4.03059
-178 -150   -6 -178.769  -150.47 -6.26728  47.1439 -30.8596 -34.6619 -30.8596   26.615  27.7836 -34.6619  27.7836  38.3319
-194 -165    1  -194.37 -165.299  1.56495   11.765  3.91518 -3.72366  3.91518  119.525 -18.0251 -3.72366 -18.0251  12.0333
-181 -150   -7  -181.84 -150.618 -7.52749  241.138   -13.87  19.1823   -13.87  121.873 -13.7207  19.1823 -13.7207  15.7687
-161 -154    5 -161.709 -154.753  5.64085  226.907  398.517 -52.3436  398.517  1551.09 -276.944 -52.3436 -276.944  78.8674
-177 -151   -8 -177.449 -151.403 -8.53711  126.269 -66.8815 -120.328 -66.8815  86.2622  63.5046 -120.328  63.5046  133.191
-209 -151   -1 -209.691 -151.455 -1.27553  358.972  283.432 -506.273  283.432  271.439 -434.909 -506.273 -434.909  753.866
-176 -152   -2  -176.45  -152.31 -2.38751  23.3243 -27.5043  23.2538 -27.5043  65.7408 -43.1962  23.2538 -43.1962  49.5188
-223 -157    1 -223.08 -157.48 1.57732   2940.7   -455.9  327.375   -455.9  88.9381 -46.3948  327.375 -46.3948  54.1752
-159 -151    2 -159.729 -151.882  2.43167  37.6815 -25.4764  11.0783 -25.4764  96.6829  22.3101  11.0783  22.3101   23.143
-161 -153    6 -161.734 -153.815  6.87494 670.996 -424.53 -574.04 -424.53 457.559 280.789 -574.04 280.789 988.189
-178 -153   10 -178.139 -153.375  10.6903  194.883 -95.5452  21.0331 -95.5452  169.114  19.5515  21.0331  19.5515  21.6394
-180 -153   -4  -180.43 -153.255 -4.54235  65.4141 -24.1214  32.2274 -24.1214  36.0458 -8.33294  32.2274 -8.33294  30.8475
-163 -154    0  -163.427   -154.09 -0.284471  300.516 -503.018   43.005 -503.018  1132.68 -83.3577   43.005 -83.3577  8.70535
-181 -150   -8 -181.635  -150.51 -8.53445  36.8696 -34.2431  14.8636 -34.2431  57.2786  3.53324  14.8636  3.53324  33.3325
-180 -152   -3 -180.417 -152.896 -3.40694  251.054  338.637 -32.0114  338.637   960.91 -106.886 -32.0114 -106.886  21.9316
-222 -157    4 -222.786 -157.345  4.38149 75.0609 45.6482 5.79846 45.6482  59.944 3.60521 5.79846 3.60521  10.999
-243 -152   -4 -243.441 -152.583 -4.38494   23.7942 -0.167724   8.84268 -0.167724   15.3644  -6.49848   8.84268  -6.49848   21.3287
-243 -153   -2 -243.515 -153.072 -2.50364   93.482  33.3276 -102.767  33.3276  400.207 -51.3799 -102.767 -51.3799  130.845
-181 -152   -6 -181.312 -152.451 -6.58759  82.171 239.037 21.5065 239.037  924.82 72.8074 21.5065 72.8074 36.2074
-236 -152   -2 -236.549 -152.274 -2.62372  12.2354 -12.0934 0.168152 -12.0934   121.24 -11.5499 0.168152 -11.5499  14.5545
-182 -150   -8 -182.255 -150.273 -8.36754  349.386  209.312 -193.867  209.312  136.583 -123.353 -193.867 -123.353    140.4
-176 -151   -1 -176.655 -151.349 -1.60912  30.8331  8.97887  4.14656  8.97887  10.0319 -1.17507  4.14656 -1.17507  16.0573
-236 -152   -3 -236.465  -152.44 -3.72979  27.9514   26.474 -16.1511   26.474  44.3829  -20.555 -16.1511  -20.555   19.015
-176 -152   -8 -176.516 -152.073 -8.74813  36.9672 -73.8966 -39.3386 -73.8966  370.707  80.4419 -39.3386  80.4419  63.5863
-176 -150    0 -176.471 -150.694 0.383209   13.4778   5.23667 -0.229199   5.23667   48.0024   15.0894 -0.229199   15.0894   6.73077
-224 -155    8 -224.505 -155.795  8.45599  146.633  423.554 -172.732  423.554  1312.85 -533.914 -172.732 -533.914  239.438
-151 -150   -7 -151.662 -150.566 -7.52841  272.908 -375.334 -111.166 -375.334  533.409  142.165 -111.166  142.165  71.3765
-182 -151   -7 -182.136 -151.208 -7.42888 251.302 -169.06 4.44521 -169.06 281.853 15.7244 4.44521 15.7244 26.1152
-186 -152    7 -186.293  -152.84   7.7827 97.1064 107.983  37.432 107.983 151.909 65.4875  37.432 65.4875 65.9742
-162 -155   -9 -162.675 -155.191 -9.33585   42.875 -45.4627   36.523 -45.4627  95.6507 -43.9661   36.523 -43.9661  54.8477
-183 -150    2  -183.48 -150.825  2.12548 101.678 137.128 127.446 137.128  395.89 65.6433 127.446 65.6433 288.515
-178 -150   -5 -178.452 -150.532 -5.73279   11.2088 -0.581062  -4.34965 -0.581062   23.2628  -14.2263  -4.34965  -14.2263   27.5351
-182 -151   -8 -182.332 -151.437   -8.355  67.3423 -59.5288   -3.319 -59.5288   70.827  11.6892   -3.319  11.6892  31.6168
-161 -155    1 -161.743 -155.435  1.55249  56.8537 -20.1182  -19.784 -20.1182  26.9309  11.7275  -19.784  11.7275  19.4318
-176 -151   -2 -176.776 -151.616  -2.4043  643.788  476.465 -628.966  476.465  376.275 -475.592 -628.966 -475.592   651.49
-152 -150   -5 -152.105 -150.848 -5.32254  278.033 -1167.85  62.6971 -1167.85  10893.6 -560.598  62.6971 -560.598  44.2162
-161 -155    3 -161.611 -155.293  3.54154  504.434   19.556 -130.256   19.556  50.7545 -18.7451 -130.256 -18.7451  57.1803
-209 -151   -2  -209.45 -151.583 -2.27648 24.6849 9.25476 12.5186 9.25476  8.9955  5.7305 12.5186  5.7305 12.2585
-161 -154   -1 -161.233 -154.331 -1.78644  200.301  142.082 -351.194  142.082  624.794 -886.863 -351.194 -886.863  1443.19
-221 -153    0 -221.592 -153.668 0.438943  18.9548  3.96404 -6.22795  3.96404  81.2971  -44.842 -6.22795  -44.842   32.116
-216 -150    7 -216.499  -150.23   7.2651   361.32 -139.923 -282.783 -139.923  146.481  91.4932 -282.783  91.4932  316.594
-181 -153   -1 -181.395 -153.742 -1.48204 52.1725 48.3232 21.3026 48.3232 510.031 121.536 21.3026 121.536 48.6955
-178 -150   -8 -178.522 -150.768 -8.76271    19.16  18.6409 -10.2862  18.6409  51.0088 -12.1045 -10.2862 -12.1045  20.3646
-216 -151    7 -216.549 -151.276  7.59936  272.616 -206.026 -326.625 -206.026  188.917  257.778 -326.625  257.778  406.988
-163 -153    4 -163.744 -153.686  4.38726  238.578 -123.333  63.8504 -123.333  84.4662 -25.9301  63.8504 -25.9301  38.6766
-247 -155   -5 -247.354 -155.634 -5.23695  567.022 -1204.69 -974.991 -1204.69  2610.68  2179.74 -974.991  2179.74  2044.26
-242 -152   -5 -242.679 -152.669 -5.38515  40.8083 -70.9958  -7.6201 -70.9958   176.29  26.0218  -7.6201  26.0218  39.5395
-179 -152   -1 -179.507  -152.43 -1.37635   20.175 -6.83669 -10.0324 -6.83669   19.995 -2.83363 -10.0324 -2.83363  15.8208
-152 -150   -9 -152.334 -150.794 -9.32764   59.53 19.4478 4.75541 19.4478 99.6702 12.3855 4.75541 12.3855 17.1382
-150 -150    0 -150.678 -150.401 0.298638  44.5066 -55.5826 -31.6278 -55.5826  99.7675  41.0918 -31.6278  41.0918  31.2645
-222 -157    5 -222.663 -157.468  5.50734  138.052  74.8976 -11.2469  74.8976  49.1714 -4.46529 -11.2469 -4.46529  9.06294
-181 -150    8 -181.435 -150.825  8.53362  109.328 -192.077 -53.4416 -192.077  748.054  86.8394 -53.4416  86.8394  35.6299
-151 -150   -3 -151.755 -150.862 -3.50828  69.1021 -58.4219  -8.7511 -58.4219   923.02 -53.3205  -8.7511 -53.3205  14.7492
-177 -153    8 -177.789 -153.177  8.63166   205.09 -186.105 -31.7299 -186.105  344.605  62.7797 -31.7299  62.7797  31.8726
-180 -153    8 -180.397 -153.373  8.10483  474.395 -1009.23  98.2752 -1009.23  2215.31 -141.016  98.2752 -141.016  201.599
-223 -155   11 -223.319 -155.291  11.4304  1000.11 -182.789  134.394 -182.789  308.032   -228.6  134.394   -228.6  184.745
-234 -158   -5 -234.613 -158.255 -5.16757  105.925 -17.5133 -763.108 -17.5133  21.4635  109.422 -763.108  109.422  6148.99
-222 -156    4 -222.859  -156.44  4.36618  297.224 -142.056  42.9015 -142.056  132.781 -73.0569  42.9015 -73.0569  64.6135
-222 -157   -3 -222.764  -157.07 -3.70711  358.047 -1192.68  30.4432 -1192.68  5215.87  78.3336  30.4432  78.3336  44.1165
-182 -150   -7 -182.313 -150.326 -7.48958  932.498  1078.22 -169.456  1078.22  1262.81 -199.125 -169.456 -199.125  43.4782
-181 -152   -4 -181.417 -152.855 -4.59749  394.845 -592.827 -423.096 -592.827  2132.15  1129.95 -423.096  1129.95  675.862
-174 -151   -2 -174.625 -151.319 -2.40281  320.555 -31.5378 -166.109 -31.5378  28.7634  8.04152 -166.109  8.04152  119.702
-231 -159   -4 -231.585 -159.498 -4.90114 42.3489 45.8823 193.284 45.8823 228.098 1452.94 193.284 1452.94 10288.4
-150 -153  -10 -150.503  -153.39 -10.4053 41.4698 18.6191 91.7688 18.6191 45.1898 105.677 91.7688 105.677 363.357
-177 -152    4 -177.723 -152.361  4.48951 152.152 34.3274 35.3514 34.3274 105.319 35.7874 35.3514 35.7874 37.8321
-152 -159    2 -152.372 -159.438  2.25701  132.92 188.146 37.9427 188.146 301.045 61.7073 37.9427 61.7073 93.5728
-245 -152   -2 -245.551  -152.43 -2.46225  115.063 -64.6421 -314.772 -64.6421  46.2971  194.971 -314.772  194.971  1055.94
-217 -154    5  -217.42 -154.807  5.26807  70.6993 -29.8568 -22.4936 -29.8568  76.5371  84.6454 -22.4936  84.6454  141.167
-167 -150   -5 -167.632  -150.18 -5.87234   226.05 -132.168 -645.953 -132.168   154.63 -454.826 -645.953 -454.826  14992.7
-194 -165    3 -194.337 -165.318  3.48319  95.6614  25.8505  60.4537  25.8505  403.426 -4.28825  60.4537 -4.28825  51.1549
-242 -153    1  -242.84 -153.593  1.29816  157.672  6.57064 -34.2471  6.57064  13.4741 -4.32501 -34.2471 -4.32501  24.2869
-182 -151    1 -182.786 -151.147  1.69068   65.187 -84.7083  10.7466 -84.7083  280.299   42.462  10.7466   42.462  53.4296
-181 -155    2 -181.498 -155.246  2.51936 43.1792 7.48995 4.21586 7.48995 12.9327 1.72217 4.21586 1.72217  8.3376
-237 -153    0  -237.754  -153.373 -0.228939  40.2602 -67.1296  -1.0918 -67.1296  156.838  12.3148  -1.0918  12.3148  4.75274
-181 -152   -5 -181.302 -152.621 -5.71397 321.398 261.415 226.366 261.415 351.158 230.159 226.366 230.159 193.225
-217 -153    6 -217.744 -153.051  6.10757  196.742 -114.831 -342.189 -114.831  576.051  69.8555 -342.189  69.8555   850.94
-179 -151   -8 -179.642 -151.433 -8.36373   46.038 -17.5033  6.15315 -17.5033  83.7223  5.28289  6.15315  5.28289  33.5578
-152 -159    3 -152.312 -159.233  3.64126  122.243 -220.191  80.0448 -220.191  472.702 -171.414  80.0448 -171.414  88.6675
-178 -151   -3 -178.743   -151.7  -3.3405  23.1304  7.71614 -3.47073  7.71614  117.821  21.4199 -3.47073  21.4199  18.3116
-156 -153    0 -156.566  -153.41 0.627929   1120.6  841.434 -2036.28  841.434  830.668  -1484.8 -2036.28  -1484.8  3737.89
-181 -150   -1 -181.408 -150.229 -1.57413  23.4457  8.49543 -4.84767  8.49543  19.5921 -13.3549 -4.84767 -13.3549   27.995
-237 -151   -1 -237.513 -151.272 -1.43039  29.8188 -20.1281  10.5436 -20.1281  30.1421 -3.93412  10.5436 -3.93412  18.8756
-242 -152   -1 -242.413 -152.521 -1.61001  35.5617  -31.652 -25.4555  -31.652  43.3606  33.8901 -25.4555  33.8901  39.8536
-187 -150   -7 -187.271 -150.397 -7.76689  566.558  306.369 -139.181  306.369  227.807 -207.865 -139.181 -207.865  363.686
-181 -151   -8 -181.367 -151.685 -8.43587  45.5337  34.0478  1.49992  34.0478  39.8603 0.309986  1.49992 0.309986  53.2209
-230 -158    7 -230.562 -158.496  7.49549  2752.13 -2185.36  1638.61 -2185.36  1746.73 -1310.35  1638.61 -1310.35   1000.6
-182 -151   -1 -182.342  -151.12 -1.44589  45.6649  -23.987 -1.70764  -23.987  49.7194  6.98025 -1.70764  6.98025   13.872
-249 -155   -5 -249.627  -155.76 -5.10319    77.23 -191.737  -571.38 -191.737  911.353  1757.36  -571.38  1757.36  4689.29
-176 -150   -1 -176.722 -150.775 -1.40788 24.8152 13.2009 4.73724 13.2009 40.9473 12.7257 4.73724 12.7257 50.8825
-216 -154    9 -216.608 -154.379  9.59119 1231.19 2264.22 91.5109 2264.22 4211.47 169.136 91.5109 169.136 242.992
-176 -151   -5  -176.44 -151.324  -5.6358  6.25703  -4.2357 0.677309  -4.2357  16.4073 -2.72879 0.677309 -2.72879  12.9483
-182 -151   -5 -182.239 -151.122 -5.56915  20.5664  2.30905 -3.74688  2.30905  233.475 -3.34686 -3.74688 -3.34686  11.6222
-245 -153   -4 -245.078 -153.349 -4.82674  1075.58  532.394 -1739.01  532.394  361.926 -1115.15 -1739.01 -1115.15  3633.02
-185 -150    0   -185.68  -150.678 -0.562755  23.4273 -12.2652  1.73944 -12.2652  39.4804 -15.2737  1.73944 -15.2737  9.27356
-223 -157    2 -223.416 -157.448   2.4877  47.4813 -8.38006  51.6418 -8.38006  29.1041 -13.7651  51.6418 -13.7651  79.9136
-218 -153    7 -218.316 -153.725  7.49992  71.7714 -25.0282  23.4953 -25.0282  107.394 -34.3797  23.4953 -34.3797  24.1152
-238 -152    0   -238.479   -152.651 0.00547529    14.4673   -1.79323 -0.0305418   -1.79323    32.6072   0.873886 -0.0305418   0.873886    3.20327
-179 -151   -5  -179.22 -151.486 -5.47744 91.6238 17.2575 13.8542 17.2575 96.6926 3.23301 13.8542 3.23301 21.1123
-151 -150   -6 -151.734 -150.583 -6.63022  30.7882  8.70939 -7.21504  8.70939  44.0449  19.6497 -7.21504  19.6497  34.2013
-245 -153   -1 -245.413 -153.394 -1.27684  18.0985  1.04486 -22.2572  1.04486  30.8105 -30.7742 -22.2572 -30.7742  97.4543
-177 -153    0    -177.5  -153.242 -0.432396  11.3802 -1.00891   2.6225 -1.00891  49.6896  -12.258   2.6225  -12.258  13.6594
-241 -152   -1 -241.736 -152.677 -1.67444  1399.34  721.557 -516.923  721.557  383.403  -257.25 -516.923  -257.25  224.269
-229 -156    8 -229.371 -156.568  8.65961  45.3009 -285.625  63.3283 -285.625  4416.15 -843.138  63.3283 -843.138  182.283
-244 -153    1 -244.296 -153.423  1.32034  41.9121 -32.0135 -11.1699 -32.0135  70.4446  19.5315 -11.1699  19.5315  46.3597
-161 -155    0 -161.795 -155.254 0.220325  163.375 -121.781 -6.90962 -121.781   342.34 -10.1715 -6.90962 -10.1715  5.43684
-163 -157   -1 -163.566 -157.229 -1.56681  63.7593  31.5538  -13.219  31.5538  25.8493 -9.64511  -13.219 -9.64511  12.9794
-223 -157    6 -223.486 -157.382  6.37447  14.4113 -21.0028  6.97083 -21.0028   72.011 -27.6001  6.97083 -27.6001  17.6109
-181 -152   -2 -181.167 -152.754  -2.3419  85.1134  38.7856  16.2183  38.7856  161.929 -80.8736  16.2183 -80.8736  177.297
-181 -153   -3 -181.341 -153.242 -3.51654 56.4932 48.0952 16.2998 48.0952 260.713 46.2044 16.2998 46.2044  21.128
-221 -157    7 -221.738 -157.237  7.63302  110.774 -98.3426 -74.3194 -98.3426  362.042 -3.45193 -74.3194 -3.45193  86.8494
-227 -154   -5 -227.308 -154.258 -5.46832  271.839  305.431 -271.797  305.431  390.904 -356.432 -271.797 -356.432  442.037
-164 -153    6 -164.496 -153.961  6.54995  716.633 -404.963  384.657 -404.963  2419.19 -118.008  384.657 -118.008  222.994
-235 -158   -4 -235.855 -158.503 -4.59779  660.927  635.255 -93.8168  635.255  811.451 -110.106 -93.8168 -110.106  21.7362
-161 -155   -2 -161.905 -155.266 -2.47357  828.422 -280.258 -266.734 -280.258   179.06  130.018 -266.734  130.018  150.121
-243 -151   -1 -243.352 -151.463 -1.66592  36.0835 -8.79977   46.514 -8.79977  30.1071  -28.685   46.514  -28.685   102.07
-177 -150   -5 -177.353 -150.759 -5.80215  58.8078  56.3705 -43.8998  56.3705  489.972 -5.64993 -43.8998 -5.64993  89.1788
-160 -155    3  -160.58 -155.638  3.52976  122.436 -64.8508  3.35611 -64.8508  233.295 -2.87676  3.35611 -2.87676  10.6521
-163 -156   -2 -163.344 -156.214 -2.29736  129.443  368.284 -192.184  368.284  1156.51 -561.746 -192.184 -561.746  322.151
-243 -153   -5 -243.561 -153.127 -5.15202  24.4591 -13.0655 -37.4741 -13.0655  76.1859  22.6052 -37.4741  22.6052  176.175
-247 -156   -5 -247.788 -156.475 -5.18281 65.5403 23.5258 127.042 23.5258 15.5935 53.0801 127.042 53.0801 776.652
-223 -151    0 -223.464 -151.662 0.185534    115.6   84.335  -40.595   84.335   78.801 -34.5962  -40.595 -34.5962  18.4115
-177 -152    3 -177.696 -152.323  3.56836  122.084  42.7627 -22.5765  42.7627  84.0314 -17.5745 -22.5765 -17.5745  20.8993
-181 -154    0 -181.439  -154.46  0.24441 41.1082 10.5997 9.75309 10.5997 88.5849 31.3719 9.75309 31.3719 15.6682
-242 -153   -4 -242.542 -153.372 -4.18878   693.57  293.675 -874.014  293.675  139.064 -381.748 -874.014 -381.748  1145.54
-163 -153    2 -163.562 -153.743  2.41505  101.677 -27.5792  10.0627 -27.5792   156.83 -49.4072  10.0627 -49.4072  27.4684
-163 -156   -1 -163.456 -156.391 -1.45692  14.5877 -8.16515 -3.16431 -8.16515    11.38  1.59419 -3.16431  1.59419  8.39009
-186 -152    5 -186.58 -152.67  5.0895   92.737 -175.053  192.941 -175.053  404.601 -419.201  192.941 -419.201  620.483
-217 -152    6 -217.559 -152.546  6.54881  28.3071   9.7823 -17.0934   9.7823  22.1191 -22.1302 -17.0934 -22.1302  40.0089
-238 -153   -2  -238.32  -153.33 -2.39705  22.8179  1.70233 0.717974  1.70233  15.6344  5.29627 0.717974  5.29627  9.39117
-162 -155    0 -162.494 -155.726 0.314635 20.3103 2.91607 5.57696 2.91607 33.8189 11.8536 5.57696 11.8536  9.6464
-236 -153    0 -236.892 -153.203 0.376021  1092.88  566.849 -53.2412  566.849  491.829 -32.7138 -53.2412 -32.7138  4.16457
-178 -152    0  -178.296  -152.424 -0.125404  29.1917 -5.99105 -5.51661 -5.99105  51.8374  1.51758 -5.51661  1.51758  4.89486
-222 -156   -4 -222.652 -156.823 -4.73414  29.0078 -11.2365 -18.7194 -11.2365  36.1947  10.2069 -18.7194  10.2069  47.7078
-222 -157    0 -222.779 -157.295 0.215032  49.5741  20.3802 -2.96957  20.3802  179.775  14.0631 -2.96957  14.0631  4.27547
-183 -152   -8 -183.466 -152.551 -8.33857  680.323  412.829  245.831  412.829  966.118 -149.732  245.831 -149.732  221.374
-244 -153   -4 -244.459  -153.52 -4.54392   15.7045   3.38575  -1.55873   3.38575   12.5238 -0.174393  -1.55873 -0.174393   8.57941
-168 -150   -3 -168.627 -150.185 -3.68549  756.498 -528.265 -285.449 -528.265  657.793  109.057 -285.449  109.057  149.637
-243 -153   -4 -243.443 -153.165 -4.67194  12.7045 -1.42811 -1.17366 -1.42811  46.8208 -2.54785 -1.17366 -2.54785  13.9571
-187 -153    9 -187.394   -153.1  9.28938  34.4813  100.229 -168.326  100.229  639.421  -759.46 -168.326  -759.46  1213.51
-236 -152   -4 -236.637 -152.456 -4.58279  32.3678  5.98199 -16.0491  5.98199  29.2055  10.4297 -16.0491  10.4297  25.2962
-162 -151   -1 -162.617 -151.775 -1.14964  993.235 -1042.96 -109.546 -1042.96  1216.93  224.685 -109.546  224.685  236.417
-151 -150   -4  -151.84 -150.543 -4.58873  96.7069 -27.9883 -15.4799 -27.9883  15.4507  7.24223 -15.4799  7.24223   10.577
-242 -152    1 -242.787 -152.607  1.53728  80.234 35.2003 9.02862 35.2003 54.3995 6.81059 9.02862 6.81059 33.9677
-220 -155   -4 -220.314 -155.558 -4.52353 1517.21 1681.93 1726.83 1681.93 2105.92 2098.64 1726.83 2098.64 2115.59
-162 -156    4 -162.586 -156.862  4.36076 2195.31 321.896  1780.3 321.896 786.292 -12.029  1780.3 -12.029 1567.05
-238 -151   -3 -238.499 -151.345 -3.53742  27.5947  -35.512  29.0776  -35.512  62.2186 -47.6751  29.0776 -47.6751  53.0655
-162 -157    2 -162.707 -157.536  2.59668  187.229  122.351 -196.513  122.351  136.135 -103.296 -196.513 -103.296  241.422
-223 -157   -4 -223.328 -157.367 -4.51954  34.1444 -5.09016 -4.55098 -5.09016  11.3911 -1.07648 -4.55098 -1.07648   15.336
-239 -154   -4 -239.738 -154.754 -4.67281  1230.63 -1287.66 -277.788 -1287.66  1580.15  302.026 -277.788  302.026  76.5824
-182 -150    0 -182.531 -150.852 0.340197 45.9286 8.95484 9.98703 8.95484 20.2221 2.44067 9.98703 2.44067 5.75467
-152 -150    0  -152.513  -150.554 -0.145761   73.194  56.4881 -42.8874  56.4881  100.866 -56.0183 -42.8874 -56.0183  36.7356
-180 -150    0  -180.573  -150.106 -0.477464  47.0096  70.2881 -60.8809  70.2881  637.481 -154.056 -60.8809 -154.056  98.3673
-159 -157    0   -159.58  -157.662 -0.271995  1106.01 -267.789 -1383.46 -267.789  106.842  379.714 -1383.46  379.714  1788.82
-236 -151   -3 -236.499 -151.864 -3.61972 322.083 358.096 172.709 358.096 495.751 137.042 172.709 137.042 151.943
-175 -153    0  -175.664   -153.61 0.0202097   13.8331 -0.821543  -1.51767 -0.821543   37.2102  -5.22656  -1.51767  -5.22656   4.38166
-158 -152    0   -158.46  -152.839 -0.419141  94.7753  28.9656 -122.218  28.9656  301.822  -101.95 -122.218  -101.95  199.882
-180 -152    1 -180.207 -152.488  1.51789  35.0584 -4.40967 -7.13352 -4.40967  25.0905   -12.36 -7.13352   -12.36  20.0313
-241 -152    0  -241.785  -152.377 -0.618128   114.94  99.0288 -204.689  99.0288  623.011 -624.799 -204.689 -624.799     1625
-236 -151    0  -236.745  -151.688 -0.114762   75.511 -72.4012  -25.301 -72.4012  149.045  40.0665  -25.301  40.0665  26.5014
-157 -152    0 -157.527 -152.696 0.418585   57.484 -28.6728 -5.62707 -28.6728  262.458 -6.66867 -5.62707 -6.66867  6.77059
-182 -150    5 -182.489 -150.765  5.47878   61.211 -10.6508 -8.20575 -10.6508  180.819  17.5688 -8.20575  17.5688  12.5709
-181 -151    0   -181.9 -151.036 0.267955  415.381 -44.7876 -27.5331 -44.7876   2305.9 -1.56731 -27.5331 -1.56731  6.85899
-163 -151    8 -163.732 -151.268  8.60556  184.671 -82.3684  73.5263 -82.3684  58.7539 -35.8115  73.5263 -35.8115  38.4435
-175 -154    0 -175.543  -154.31 0.192145  22.3554 -27.4165  23.1263 -27.4165  74.1701 -46.7441  23.1263 -46.7441  37.9781
-163 -153    0 -163.368  -153.93 0.242479  92.1216 -97.8792  8.38427 -97.8792  737.011  -44.523  8.38427  -44.523  6.81594
-174 -153    0    -174.37   -153.378 -0.0568762  3763.81  122.707  -3237.2  122.707  15.9208 -110.096  -3237.2 -110.096  2799.26
-176 -153    0  -176.236  -153.558 -0.057589  42.4283  58.3187  18.5967  58.3187  606.973 -1.38786  18.5967 -1.38786  16.4444
-175 -150    0   -175.4 -150.531  0.32695 74.7617 41.0531 32.6672 41.0531 53.2939 6.72918 32.6672 6.72918 24.4135
-178 -150    0  -178.588  -150.385 0.0107703  41.7367  -92.005 -102.575  -92.005  392.227  339.709 -102.575  339.709  344.349
-156 -164    0 -156.511 -164.905 0.220841  482.862 -253.525 -10.2332 -253.525  743.881  142.596 -10.2332  142.596  38.7332
-180 -152    0 -180.437  -152.66 0.084989   96.0271  -10.3735   14.5571  -10.3735   61.5058 -0.884298   14.5571 -0.884298   6.64853
-182 -153    0  -182.646  -153.419 0.0802542  179.077 -959.518 -401.053 -959.518  5391.17  2272.34 -401.053  2272.34  974.963
-160 -152    0 -160.433 -152.657 0.145209  86.6775   10.129 -17.7014   10.129  172.396 -95.9435 -17.7014 -95.9435  63.4973
-179 -150    0  -179.502  -150.224 0.0773808  2784.06 -580.444  2644.62 -580.444  126.698 -552.958  2644.62 -552.958  2554.26
-178 -153    9 -178.352 -153.539  9.35271 91.3377 129.853 47.3473 129.853 234.881 91.9533 47.3473 91.9533 66.1503
-219 -156    0 -219.574  -156.25   0.5733  124.924 -9.58938 -3.72089 -9.58938  114.002  14.4072 -3.72089  14.4072  14.5102
-179 -152    0  -179.538  -152.165 0.0531389  96.7747 -117.113   42.025 -117.113  246.578 -34.7288   42.025 -34.7288  30.4376
-218 -154    0 -218.789 -154.836 0.669575    940.1 -885.778  276.912 -885.778  1488.35 -533.319  276.912 -533.319  217.096
-175 -151    0 -175.508 -151.216 0.532442  385.843  666.423 -456.612  666.423  1686.86 -962.876 -456.612 -962.876  608.037
-222 -158    6   -222.2 -158.226  6.68276  613.313 -12.9984 -146.922 -12.9984  103.821  27.8621 -146.922  27.8621  50.9999
-238 -151    0 -238.214 -151.399 0.324708  62.2763  6.19145 -7.59474  6.19145   72.852   6.2677 -7.59474   6.2677  4.34397
-164 -153    7 -164.715 -153.889  7.48406  291.562  13.6328  127.155  13.6328  579.819 0.180732  127.155 0.180732  67.4718
-226 -154    9 -226.435 -154.777  9.28689 87.9811 32.3508 84.8514 32.3508 109.979  15.395 84.8514  15.395 93.5283
-218 -154    1 -218.668 -154.732  1.44043  42.6972 -26.7993  3.07063 -26.7993  192.381 -52.2512  3.07063 -52.2512  41.0768
-181 -154    1  -181.39 -154.743  1.54202  38.7059  8.24828 -0.85042  8.24828   56.869  18.1588 -0.85042  18.1588  15.2245
-221 -153    1 -221.608 -153.324  1.39258  452.572  830.134 -112.047  830.134  1540.61 -206.889 -112.047 -206.889   47.718
-237 -152    1 -237.548 -152.447  1.62668  31.2126  38.2744 -2.79842  38.2744  109.854 -22.9899 -2.79842 -22.9899  16.0491
-178 -152    1 -178.047 -152.501  1.47158 2247.52 -7.6655 83.2207 -7.6655 37.6076 21.0031 83.2207 21.0031 22.9052
-177 -152    1 -177.892 -152.402  1.53088  222.256 -44.2613 -9.45259 -44.2613  76.3325  11.0239 -9.45259  11.0239  13.1123
-182 -150    1 -182.551 -150.923  1.47375  83.8561  23.8934 -8.31382  23.8934  376.614 -4.86029 -8.31382 -4.86029  11.4522
-178 -150    1 -178.766 -150.349    1.217  2374.84  192.861 -316.293  192.861  540.164 -136.992 -316.293 -136.992  90.8691
-162 -156    1 -162.687 -156.659  1.42897  42.6299  -2.9767  -6.5486  -2.9767  17.8884 -2.05631  -6.5486 -2.05631   18.891
-243 -153    1  -243.5 -153.38 1.37401 36.8079 28.3301 64.1931 28.3301 44.4302 49.8913 64.1931 49.8913 137.166
-223 -151    1 -223.623 -151.651  1.61847  213.908 -30.2905 -64.0451 -30.2905  71.0422  45.3153 -64.0451  45.3153  54.7838
-222 -150    1 -222.179 -150.817  1.36806  5335.02 -3108.13 -713.472 -3108.13  14359.3  7072.84 -713.472  7072.84  3651.57
-182 -150    7 -182.564  -150.42  7.32074 31.7995 31.1599 1.00953 31.1599 49.2168 2.69166 1.00953 2.69166 26.3015
-224 -159    5 -224.381 -159.881  5.46525   99.335 -29.4263   41.055 -29.4263  612.525  104.181   41.055  104.181  46.7346
-213 -150    1 -213.675 -150.228  1.34815  72.2836 -145.117 -138.567 -145.117  2675.63 -869.869 -138.567 -869.869  1292.34
-237 -151    0   -237.49  -151.627 0.0309388  11.8666   5.1677 -1.77683   5.1677  24.1577 -4.25861 -1.77683 -4.25861  3.78021
-178 -152   -2 -178.321 -152.121 -2.27316 27.5658 4.39779 6.83626 4.39779 103.645 -23.982 6.83626 -23.982 40.9126
-177 -151   -7 -177.341 -151.493 -7.63826  3612.2 26.0731 -1187.1 26.0731 15.1142 4.12286 -1187.1 4.12286 416.966
-151 -150    0  -151.443  -150.338 -0.169796 33.1875 56.0884 1.56409 56.0884 115.753 2.07984 1.56409 2.07984 2.98021
-219 -156    1 -219.295 -156.598  1.69307   158.35 -232.385 -248.992 -232.385  918.574   886.44 -248.992   886.44  905.123
-220 -153    1 -220.832 -153.622  1.75801  7492.11  5008.16 -921.114  5008.16  3382.95 -578.629 -921.114 -578.629  198.998
-245 -152    0  -245.202  -152.785 -0.646652  66.8447 -14.8246  52.7361 -14.8246  140.884 -137.988  52.7361 -137.988  201.371
-195 -164    1 -195.483 -164.495  1.81974   77.763  -10.962 -15.7346  -10.962  23.8606  11.6552 -15.7346  11.6552  69.8629
-181 -150   -6  -181.76 -150.425 -6.36627  56.6091 -138.497 -2.86049 -138.497  544.626 -24.8146 -2.86049 -24.8146  20.7539
-244 -152   -4 -244.564 -152.625 -4.28371   31.0913  -3.44579  -24.7706  -3.44579    14.025 -0.213051  -24.7706 -0.213051   48.4266
-194 -165    2 -194.343 -165.382  2.55007 23.2003 -21.738 1.69243 -21.738 79.4193 4.92207 1.69243 4.92207 15.0372
-178 -151   -2 -178.631 -151.814 -2.50815  13.7699 -8.59497 -4.13967 -8.59497  115.192  11.5501 -4.13967  11.5501  18.7048
-163 -159    2 -163.633 -159.641  2.36353  110.667  -14.133 -28.3955  -14.133   139.57  92.9411 -28.3955  92.9411  75.0115
-162 -156    2 -162.521 -156.726  2.43692    45.4315   -17.2382 0.00294568   -17.2382    114.409     -22.21 0.00294568     -22.21    17.0113
-217 -154    3 -217.871 -154.621  3.63627  8110.59  3029.71 -2526.45  3029.71  1511.48 -938.596 -2526.45 -938.596  802.344
-218 -154    2 -218.559 -154.507   2.4729  48.0745   18.041 -10.7476   18.041   154.25 -25.5958 -10.7476 -25.5958  14.1409
-178 -153    2 -178.243 -153.459  2.21368 1579.54 561.985  97.761 561.985  208.17 47.0499  97.761 47.0499 111.499
-177 -153    2 -177.801 -153.249   2.4463  88.2694 -13.0108 -4.06483 -13.0108  50.4842  10.5466 -4.06483  10.5466   12.938
-243 -152    2 -243.529 -152.789  2.48642 26.2264 4.71589 6.34809 4.71589 79.2208  18.396 6.34809  18.396 15.8028
-237 -152    2 -237.581 -152.318  2.22325  36.5698 -10.3669 -11.6998 -10.3669  376.989 -68.0115 -11.6998 -68.0115  60.0319
-182 -150    2 -182.553 -150.838  2.53759   84.231 -15.4773   8.8256 -15.4773  175.915 -17.6133   8.8256 -17.6133  20.4311
-163 -157    0   -163.193   -157.179 -0.0518988   144.15 -78.4517 -34.8121 -78.4517  145.951  30.5412 -34.8121  30.5412  13.0042
-161 -155    2 -161.599 -155.338  2.64153  24.3585  6.86008 -0.35215  6.86008   15.336 0.898866 -0.35215 0.898866  13.4973
-179 -152    2 -179.761 -152.175  2.33026  1343.49  40.4593 -179.361  40.4593  28.6926  -10.108 -179.361  -10.108  34.9658
-155 -163    2 -155.114 -163.221  2.59953 688.981 76.3467  151.98 76.3467 1533.33 146.983  151.98 146.983 54.4652
-186 -152    8 -186.411 -152.957  8.38234  482.626 -596.817  282.713 -596.817  2647.39 -210.698  282.713 -210.698  182.059
-217 -157    2 -217.271 -157.419  2.35974  2987.53  371.065 -371.962  371.065   89.318 -9.80568 -371.962 -9.80568  89.7831
-214 -150    2 -214.178 -150.531  2.59793  172.682 -97.4349  105.601 -97.4349  555.496 -249.318  105.601 -249.318  154.921
-242 -152   -4 -242.499 -152.619 -4.33563  67.2207  39.1841 -78.2416  39.1841  41.8103 -41.6616 -78.2416 -41.6616  115.413
-177 -152   -3 -177.104 -152.612  -3.7774  199.461  30.8832 -7.72629  30.8832   26.352  5.11184 -7.72629  5.11184  20.6137
-186 -152    6 -186.491 -152.171  6.71921   20.864 -16.1894  27.4558 -16.1894  139.107 -118.746  27.4558 -118.746  134.627
-223 -156    6 -223.302 -156.579  6.60936  80.2047   62.418 -7.23434   62.418  123.765 -47.8383 -7.23434 -47.8383  37.8416
-161 -156    2 -161.705 -156.492  2.80695  157.131 -18.1073 -313.639 -18.1073  119.286  40.1396 -313.639  40.1396   810.16
-184 -159    2 -184.552 -159.321  2.49831  540.027 -664.457  484.348 -664.457   965.21 -828.331  484.348 -828.331  922.124
-181 -155    3 -181.603 -155.404  3.45064 112.956 58.6213 21.1705 58.6213  53.414 17.8359 21.1705 17.8359 15.8147
-218 -154    3 -218.575 -154.285  3.39485  60.8091  75.6404  -17.177  75.6404  132.877 -33.7751  -17.177 -33.7751  21.7531
-177 -153    3 -177.502 -153.543  3.54356  28.0387   10.674 -12.3514   10.674  171.448  35.6885 -12.3514  35.6885  25.7485
-221 -151    3 -221.492 -151.869  3.28014  30.1743 -11.5741  -54.726 -11.5741  172.774  123.605  -54.726  123.605  199.626
-194 -165    4 -194.382  -165.52  4.45664  124.074 -125.297 -4.10501 -125.297  140.098  3.64345 -4.10501  3.64345  7.76213
-221 -151    4 -221.335 -151.693  4.77984 663.031 352.488 218.684 352.488 1329.38 9.75501 218.684 9.75501 136.404
-194 -164    5 -194.291 -164.501  5.35186  2456.58  2416.49 -298.479  2416.49  2747.74 -438.384 -298.479 -438.384  99.0436
-236 -152   -1 -236.481 -152.601  -1.2412  12.3785  2.17189   2.8898  2.17189  17.1486 -2.24216   2.8898 -2.24216  20.1443
-225 -161    6 -225.593 -161.343  6.14093  78.6126 -45.8894  21.9593 -45.8894  103.495   98.648  21.9593   98.648  306.416
-222 -157    7 -222.244 -157.321  7.50272  149.976  332.401 -5.11559  332.401  817.546 -17.4552 -5.11559 -17.4552  14.2919
-197 -173    4 -197.355 -173.728  4.39109 274.813 123.691 144.376 123.691 678.287 35.3671 144.376 35.3671 84.2932
-163 -153    1 -163.449 -153.832  1.47718  45.0299 -92.1039  28.0385 -92.1039  366.059 -80.6241  28.0385 -80.6241  31.0473
-184 -151    3 -184.154 -151.632   3.8535   396.6 51.7576  452.04 51.7576 48.3952 118.182  452.04 118.182 827.406
-179 -151   -6 -179.478 -151.272 -6.62754  51.7662  68.3198 -8.33538  68.3198  119.242 -3.33048 -8.33538 -3.33048  15.8735
-181 -155    4 -181.692  -155.65  4.45545  48.8432 -66.2372 -16.4743 -66.2372  368.659    113.9 -16.4743    113.9  43.3164
-182 -151   -3 -182.287 -151.143 -3.38592  46.6101 -32.3528  4.08277 -32.3528  86.1439 -16.6201  4.08277 -16.6201  16.0986
-217 -154    4 -217.682 -154.621  4.40975  107.077  30.8444 -14.2892  30.8444  135.029  31.7256 -14.2892  31.7256  25.5787
-177 -153    4 -177.212 -153.822  4.37195  63.6366 -37.3087 -21.9821 -37.3087  621.403  247.495 -21.9821  247.495  115.546
-184 -151    4 -184.202 -151.743  4.24393 245.889 69.8549 126.675 69.8549 456.183  334.63 126.675  334.63  287.99
-217 -153    8 -217.863 -153.376   8.7009  1534.23  60.3087 -494.254  60.3087  24.3465 -28.1791 -494.254 -28.1791   218.18
-182 -150    4 -182.666 -150.694  4.36204 66.9484 62.6523 4.06711 62.6523 123.352  21.842 4.06711  21.842 28.3805
-183 -150    4 -183.132 -150.411  4.72928 198.792 156.552 3.26252 156.552 517.474 -96.698 3.26252 -96.698 35.0413
-242 -153   -1 -242.302 -153.412 -1.35111  33.4419  -44.056  66.1156  -44.056   2305.9 -4269.27  66.1156 -4269.27  7978.46
-185 -175    4 -185.376 -175.615  4.49545  27.5275 -150.315 -34.0081 -150.315   1177.1  251.197 -34.0081  251.197  62.6309
-155 -163    4 -155.196 -163.213  4.41849  3054.55 -3688.46  2031.44 -3688.46  5312.24 -2481.06  2031.44 -2481.06  1364.99
-176 -154    6 -176.703 -154.451  6.30556 177.587 194.511 4.46489 194.511 700.889 167.056 4.46489 167.056 67.4952
-194 -165   -4 -194.844 -165.312 -4.33788  406.862 -124.419 -40.1027 -124.419  1726.64  685.765 -40.1027  685.765  282.358
-161 -155    4 -161.735 -155.274  4.53927  981.176 -2974.16 -767.584 -2974.16  10884.8  2809.41 -767.584  2809.41  738.389
-179 -151    2 -179.728 -151.725  2.25893  216.834 -65.9061 -23.4339 -65.9061  39.0032  14.4227 -23.4339  14.4227  16.8119
-182 -156    7 -182.433 -156.623  7.52249  273.413 -811.366 -183.556 -811.366  2946.36  766.632 -183.556  766.632  225.423
-222 -153    2 -222.628 -153.132   2.4263   1189.3 -3427.03 -442.477 -3427.03  9984.47  1290.21 -442.477  1290.21  180.392
-187 -174    4 -187.504  -174.35  4.67099 286.534 508.757 445.078 508.757 1100.58 761.306 445.078 761.306 740.288
-163 -152    6 -163.604 -152.513  6.38874   64.236  -43.886    40.09  -43.886  123.828 -78.4343    40.09 -78.4343  70.5794
-177 -152    2 -177.784 -152.433  2.50007  137.208  65.0742 -15.2657  65.0742  136.953 -20.2702 -15.2657 -20.2702  16.2945
-243 -153   -1 -243.508 -153.253 -1.57983 41.9106   29.94 28.6899   29.94 53.0406 49.5701 28.6899 49.5701 94.0189
-161 -155   -1 -161.771 -155.454 -1.39719  424.055  560.906 -68.1631  560.906  785.558 -115.195 -68.1631 -115.195  51.0364
-180 -153   -1 -180.248 -153.711  -1.6134  16.8461  29.1978 -7.72649  29.1978  82.3906 -14.9358 -7.72649 -14.9358  16.1814
-194 -165    5 -194.805 -165.485  5.34238 202.143 10.7795   119.1 10.7795  14.617 -8.1111   119.1 -8.1111 103.538
-229 -156    9 -229.797 -156.362  9.38467 202.002 262.216 60.9708 262.216 475.604 39.0158 60.9708 39.0158 57.2721
-223 -156    5  -223.09 -156.797  5.61993  329.523  57.8775 -29.0087  57.8775   91.811  52.0864 -29.0087  52.0864  48.8209
-223 -156   11 -223.515 -156.786  11.2785 3105.48    4092  1082.6    4092 5425.65 1432.41  1082.6 1432.41 395.001
-218 -153    5 -218.548 -153.635    5.402   32.1022  -4.35078 -0.142822  -4.35078   13.2325   9.32083 -0.142822   9.32083   26.9639
-184 -152    5 -184.796 -152.207  5.19312   152.22 -180.789  -67.206 -180.789  1536.05  391.095  -67.206  391.095  182.667
-183 -150    5 -183.329 -150.299  5.69967  47.5285 -31.1284  28.0119 -31.1284  177.227 -48.0172  28.0119 -48.0172  42.1841
-176 -154    5 -176.803 -154.241  5.52782  250.948  155.367 -9.18309  155.367  158.268  31.6029 -9.18309  31.6029   38.936
-185 -175    2 -185.429 -175.461  2.78164   2247.1 -1727.74  1216.87 -1727.74  1336.81 -960.103  1216.87 -960.103   999.78
-181 -150   -4 -181.794 -150.123 -4.48009  178.293 -38.2144  2.95674 -38.2144  224.268  20.4682  2.95674  20.4682  14.9542
-163 -153    5   -163.6 -153.189  5.34222  377.226 -361.457  148.389 -361.457  953.866 -464.644  148.389 -464.644  244.637
-182 -156    5 -182.155 -156.069  5.64802   577.42  202.717 -16.6549  202.717  923.894  56.4797 -16.6549  56.4797  19.3334
-164 -154    5 -164.481 -154.125  5.56401  6011.57 -8645.58  1322.25 -8645.58  12703.2 -1947.59  1322.25 -1947.59  341.546
-217 -151    6 -217.381 -151.863  6.84995  1799.93 -537.326 -1809.13 -537.326  334.828  354.161 -1809.13  354.161  2175.85
-218 -152    5 -218.705 -152.501  5.73198  79.7484  59.3953 -80.5872  59.3953  57.2717 -59.3308 -80.5872 -59.3308  146.064
-222 -151    5 -222.568 -151.501  5.62072  87.2513  94.1034  8.30507  94.1034  125.965 -11.6752  8.30507 -11.6752  51.6674
-186 -175    5   -186.4 -175.416  5.62894  10.0859  12.5759 -27.8822  12.5759  1336.24  -1250.5 -27.8822  -1250.5  1302.19
-238 -152   -3 -238.646 -152.572 -3.73205  262.806 -206.818  292.066 -206.818   262.71 -308.959  292.066 -308.959   398.17
-162 -152    5 -162.778 -152.172  5.88451  533.615 -1941.62  1148.08 -1941.62  7925.45 -4740.15  1148.08 -4740.15   3036.3
-163 -158    3 -163.652 -158.231  3.22444 281.253 2.47483 35.2419 2.47483 367.024 274.262 35.2419 274.262 248.998
-218 -153    6  -218.44 -153.858  6.42108  569.973  539.988 -181.415  539.988  1208.02 -215.779 -181.415 -215.779  67.9419
-177 -152    6 -177.764 -152.625  6.46711  120.279 -116.537 -16.9372 -116.537   672.17  74.5075 -16.9372  74.5075  18.3371
-185 -152    6 -185.421 -152.506  6.40595   57.37 75.9193 55.4178 75.9193 139.072 82.1562 55.4178 82.1562 71.3927
-182 -150    6 -182.425  -150.75  6.51963   19.2244   14.3468  -1.92838   14.3468   60.4076 -0.734154  -1.92838 -0.734154   15.2912
-182 -156    6 -182.167 -156.312   6.5631  234.903 -187.975  10.3761 -187.975  3447.09  803.182  10.3761  803.182  206.536
-216 -155    6  -216.49 -155.447  6.65308   103.46  111.706 -51.0008  111.706  175.072 -54.6168 -51.0008 -54.6168  38.5542
-178 -152    6 -178.509 -152.753  6.41772  247.676 -756.398  45.8541 -756.398  2726.23 -55.0246  45.8541 -55.0246  34.9326
-218 -151    6 -218.744 -151.443   6.2377  310.676  76.7036  -79.643  76.7036  44.1878 -35.8471  -79.643 -35.8471  180.485
-176 -154    7   -176.3 -154.785  7.31463  236.723  -459.22 -388.246  -459.22  1175.92  951.708 -388.246  951.708  814.109
-227 -157    6 -227.381 -157.258  6.52389  52.0477   15.265  32.6953   15.265  121.542 -21.1283  32.6953 -21.1283  43.0398
-181 -156    6 -181.781  -156.39  6.69904  6777.29 -1369.91 -2334.13 -1369.91  1717.82  1186.79 -2334.13  1186.79  1174.68
-161 -153    7 -161.761 -153.394  7.27443  1348.71   3063.4 -1512.91   3063.4  7266.51 -3692.97 -1512.91 -3692.97  1937.45
-182 -151    7 -182.65 -151.14 7.42888  166.028 -13.9522  68.8846 -13.9522  136.157  57.4007  68.8846  57.4007  71.1359
-181 -156    7 -181.674  -156.66  7.44014  638.15 285.008 65.0786 285.008 200.857 37.3846 65.0786 37.3846 20.7837
-222 -152    2 -222.219 -152.662  2.36148  105.272  42.6958 -14.5424  42.6958  43.8014 -27.7655 -14.5424 -27.7655  30.3774
-179 -153    7 -179.499 -153.201   7.6312  3096.03 -1249.24  2437.45 -1249.24  601.544 -956.241  2437.45 -956.241  1937.16
-216 -152    7 -216.735 -152.295  7.45326  291.959  81.2029 -239.517  81.2029  146.783  -100.68 -239.517  -100.68  234.137
-181 -150    7 -181.811 -150.809  7.57378  292.163 -141.884 -135.769 -141.884  391.538  62.0363 -135.769  62.0363  77.5634
-224 -155    9 -224.627 -155.372   9.4437  802.207  726.943 0.580352  726.943   726.75 -48.7033 0.580352 -48.7033  50.6916
-162 -156    3 -162.556 -156.747  3.44948  109.969  -11.471 0.212625  -11.471    58.81  13.9306 0.212625  13.9306  17.7786
-217 -152    9 -217.347 -152.522  9.48274  372.348 -189.391  -116.52 -189.391  112.776  70.0366  -116.52  70.0366  56.4588
-228 -156    7 -228.422 -156.823  7.89511  227.226  59.9957  487.743  59.9957   224.19 -110.349  487.743 -110.349  1495.73
-224 -156    7 -224.235 -156.136  7.89071  88.3201  87.4336   -33.73  87.4336  478.774 -181.508   -33.73 -181.508  147.758
-182 -156    8  -182.69 -156.859  8.47239  157.034 -45.4483  33.7152 -45.4483  454.338  53.2423  33.7152  53.2423  24.3001
-176 -155    8 -176.336 -155.269  8.25239  303.502  187.213 -117.289  187.213  298.154  35.2667 -117.289  35.2667  133.542
-218 -153    8 -218.524 -153.443  8.37109  30.8932 -20.4668  26.2354 -20.4668  92.8782 -53.1385  26.2354 -53.1385  46.1136
-186 -153    8 -186.881 -153.265  8.49619  2464.13 -1486.84  331.855 -1486.84  990.173 -225.056  331.855 -225.056  55.0044
-244 -152    1 -244.267 -152.516  1.30961  45.2338  8.64245 -6.00796  8.64245  21.9923 0.833819 -6.00796 0.833819  15.8947
-182 -150    8 -182.865  -150.25  8.28858  195.646 -121.654  36.2915 -121.654  266.836  -59.029  36.2915  -59.029  26.2302
-223 -156    8 -223.186 -156.621  8.63414 221.483 257.735 -64.809 257.735  329.25 -70.428 -64.809 -70.428 29.1706
-225 -155    8 -225.374 -155.308  8.72278  895.851  1354.48  -611.84  1354.48  2159.41 -1042.52  -611.84 -1042.52  572.871
-185 -150    8  -185.67 -150.163  8.61373   126.81  -325.72 -673.857  -325.72  907.576  1827.22 -673.857  1827.22  3828.04
-249 -157    8 -249.824 -157.204  8.79516  15920.5   -10278  7584.15   -10278  6949.89 -5541.53  7584.15 -5541.53  5112.57
-249 -156    9 -249.474 -156.553  9.65251  2778.67 -2008.15  310.592 -2008.15  1633.22 -361.006  310.592 -361.006  144.921
-223 -156    9 -223.272 -156.489  9.55719  406.468  -80.035  49.5692  -80.035  175.481 -41.0768  49.5692 -41.0768  25.0138
-177 -153    9 -177.648 -153.211  9.58213 71.1714  205.11 39.0925  205.11 1083.96 219.094 39.0925 219.094 59.3641
-178 -151   -4 -178.792 -151.584 -4.41035  52.3691  48.3202 -7.64348  48.3202  100.718 -9.38825 -7.64348 -9.38825  16.8839
-218 -152    9 -218.922 -152.766  9.59017  393.312 -173.968   205.44 -173.968  261.816 -274.377   205.44 -274.377  310.051
-249 -156   10 -249.347 -156.237   10.228  3804.11 -3824.24  1730.53 -3824.24   3889.6  -1807.8  1730.53  -1807.8  944.702
-223 -156   10 -223.329 -156.439  10.4128 75.7944  25.948 46.1575  25.948 59.3243 30.6406 46.1575 30.6406 39.1624
-177 -153   10  -177.69 -153.267  10.1564  80.3094 -284.706 -4.38491 -284.706  1173.74  24.4825 -4.38491  24.4825  36.9857
-219 -152   10 -219.574 -152.441   10.471  46.2548  156.221 -269.057  156.221  648.999 -1090.93 -269.057 -1090.93  1854.19
-237 -152   -4 -237.475  -152.48 -4.59862  23.3024   14.385 -6.78926   14.385  55.8622 0.115574 -6.78926 0.115574  20.5003
-223 -155   10  -223.28 -155.815  10.6684  1139.24  859.806 -256.242  859.806  727.285 -247.221 -256.242 -247.221  124.751
-177 -152    5 -177.766 -152.552  5.45391  79.9435 -15.3052 -5.91245 -15.3052   560.39  61.5153 -5.91245  61.5153   21.978
-225 -153   10 -225.251 -153.702  10.7894  171.275 -41.2443 -19.0275 -41.2443  25.5595 -18.6282 -19.0275 -18.6282  110.038
-225 -153   11 -225.476  -153.47  11.3821  2448.95 -767.207   1680.4 -767.207  253.962 -527.569   1680.4 -527.569  1162.29
-243 -151    0  -243.523  -151.731 -0.146906   11.1011  -2.37557 -0.257557  -2.37557   25.9843   1.86023 -0.257557   1.86023   2.77116
-237 -152   -5 -237.471 -152.407 -5.22158   23.5733 -0.784029  -11.5462 -0.784029   26.3327   27.2147  -11.5462   27.2147   69.3016
-243 -152   -1 -243.415 -152.773 -1.63324   249.92 -213.271  142.276 -213.271  223.735 -121.677  142.276 -121.677  88.6541
