-193   51    4 -193.081  51.5774  4.67688 319.167  2.2382 -14.448  2.2382 17.1175 1.36067 -14.448 1.36067 9.10869
-192   56    3 -192.865  56.6285   3.6766 1158.86 -636.37 399.462 -636.37 405.975 -254.55 399.462 -254.55 171.377
-224   53   -2 -224.432  53.5481 -2.84044  16.4013 -24.0204  5.43903 -24.0204  190.747  103.592  5.43903  103.592  166.471
-192   61   -1 -192.726  61.4144  -1.5782  1073.79  -439.98  232.833  -439.98  195.281 -102.396  232.833 -102.396  69.6799
-163   55   -1 -163.488  55.7799 -1.74449  750.132  641.805   -66.97  641.805  805.208 -99.6436   -66.97 -99.6436  40.1761
-178   50   -3 -178.391  50.3039 -3.41725  1032.98  625.533 -3535.05  625.533  417.877 -2460.91 -3535.05 -2460.91  21874.1
-180   50   -3 -180.564  50.2015  -3.4764   2215.6 -2941.27 -6199.59 -2941.27  4079.69  8868.63 -6199.59  8868.63  20439.9
-165   56   -2  -165.59  56.3737 -2.34543 22.5811 17.0908 22.0715 17.0908 41.1322 29.0441 22.0715 29.0441 37.3483
-188   60   -2 -188.748  60.6197 -2.72762  9133.64 -2052.73  599.446 -2052.73  473.599 -138.559  599.446 -138.559  109.625
-188   62   -2 -188.568  62.5384 -2.78825 137.162 13.7097 14.4117 13.7097  10.498 5.85773 14.4117 5.85773 22.9627
-222   53   -2 -222.356  53.4472 -2.56158 13.0724 14.4112  3.7894 14.4112  727.91 69.2639  3.7894 69.2639 31.3199
-166   56   -2 -166.037  56.1341 -2.45966  5895.81 -984.589 -735.609 -984.589  196.028  131.564 -735.609  131.564  100.949
-189   59   -2   -189.4   59.612 -2.65814  10.6724  5.01974  4.75966  5.01974  30.2502 -60.2996  4.75966 -60.2996   223.04
-188   63   -2 -188.374  63.3165 -2.65053 328.339 1.05736 206.459 1.05736  17.953 27.9472 206.459 27.9472 349.857
-221   53   -2 -221.464  53.4267  -2.4907  14.1796  38.4496 -2.18713  38.4496  4034.28  37.6721 -2.18713  37.6721   15.625
-220   53   -2   -220.7  53.2647 -2.53027  85.9138  44.5235 -10.6953  44.5235  50.9255 0.933329 -10.6953 0.933329  27.0287
-163   50   -3 -163.456  50.3958 -3.43683  27.7449 -23.1045  68.1377 -23.1045  30.1655 -39.3853  68.1377 -39.3853  5729.02
-223   53   -2 -223.655  53.5561 -2.81617 18.5702 47.2406 12.5854 47.2406 1651.01  466.83 12.5854  466.83 228.573
-165   55   -1 -165.546   55.935 -1.80231 80.2851  124.81 81.3932  124.81 882.492 288.812 81.3932 288.812 165.756
-163   55   -2 -163.461  55.7461 -2.26526  92.1911 -307.416  113.388 -307.416  13127.8 -7139.24  113.388 -7139.24  4107.29
-165   56   -1 -165.669  56.1057 -1.73296 24.4113 30.2534 16.3426 30.2534 160.763 64.2941 16.3426 64.2941 80.2762
