-278 -157   10 -278.061 -157.747  10.8517  2372.04 -806.386  45.2889 -806.386  324.949 -48.0248  45.2889 -48.0248  96.4197
-278 -152   10 -278.378 -152.405   10.795  15912.2 -3657.39 -789.478 -3657.39   882.07  177.268 -789.478  177.268  56.8149
-275 -156   10 -275.247 -156.628  10.6638  6208.57  4133.65 -220.411  4133.65  2828.34 -182.385 -220.411 -182.385  36.6923
-252 -156   10  -252.67 -156.812  10.4428  2248.91  4694.03 -1399.53  4694.03  12863.7  -3882.9 -1399.53  -3882.9     1190
-264 -154   10 -264.648 -154.377  10.4943  3809.37 -537.874   1574.3 -537.874  1163.16 -60.4361   1574.3 -60.4361  684.329
-280 -150    1 -280.188  -150.14  1.36333  29712.9  8912.37 -5476.85  8912.37  2893.67 -1625.46 -5476.85 -1625.46   1065.9
-263 -152    2 -263.434  -152.28  2.47847  18.9586 0.731496 -6.55847 0.731496  34.9908 -14.5203 -6.55847 -14.5203  20.3223
-267 -157    2 -267.537 -157.675  2.46944  1303.78 -2491.46  711.682 -2491.46  5500.63 -1552.23  711.682 -1552.23  446.045
-278 -159    9 -278.255 -159.197  9.49127  1593.21 -4358.77 -864.805 -4358.77    14018  2841.31 -864.805  2841.31  594.286
-262 -152    1 -262.674 -152.177  1.67033   50.673 -13.8581  34.8941 -13.8581  64.1748  8.05183  34.8941  8.05183  68.1409
-259 -159    5 -259.717 -159.217   5.6339  652.529 -63.2173 -170.417 -63.2173  39.2848  8.69214 -170.417  8.69214   50.969
-274 -158    1 -274.289 -158.336  1.67178   33.736 -22.1771  16.1877 -22.1771  48.6313 -25.4839  16.1877 -25.4839  32.7612
-267 -151    1 -267.335   -151.7  1.57247  1508.7 1377.72 356.355 1377.72 1263.39  326.66 356.355  326.66  96.718
-263 -152    1 -263.583  -152.25  1.47738  103.288  7.61333 -113.344  7.61333  19.6052 -2.20399 -113.344 -2.20399   140.75
-273 -158    1 -273.777 -158.466    1.267  37.3122  26.6119 -17.5858  26.6119  41.5686  -27.306 -17.5858  -27.306  50.9772
-275 -159    1 -275.631 -159.437  1.54579 48.1758 31.4045 12.2139 31.4045 34.0247 10.1947 12.2139 10.1947 14.0594
-252 -160    5 -252.571 -160.715     5.36  91.4801 -318.217  83.1221 -318.217  1243.88 -330.196  83.1221 -330.196   103.77
-260 -159    3 -260.193 -159.349  3.68155  288.152  171.075 -85.4052  171.075  237.278 -151.456 -85.4052 -151.456   160.87
-271 -159    1 -271.756 -159.731  1.55671 152.101 19.4572 35.2109 19.4572 41.4147 12.2893 35.2109 12.2893 19.0467
-275 -159    3 -275.287 -159.385  3.31977  193.716  55.3497 -51.4736  55.3497   57.996 -1.23436 -51.4736 -1.23436  27.8252
-272 -159    1 -272.357 -159.509  1.33692   9.45865  -14.5997 -0.977302  -14.5997   88.7348   7.98875 -0.977302   7.98875   22.9318
-262 -150    8  -262.12 -150.842  8.81634  161.251 -21.5483  -24.759 -21.5483  424.449 -198.977  -24.759 -198.977  160.682
-266 -152    0 -266.636 -152.082  0.39114 203.737 387.159 104.424 387.159 888.122 212.373 104.424 212.373  62.727
-254 -150   -3 -254.672 -150.714 -3.06826 19.5737 17.4663 38.5864 17.4663 46.2754 11.1141 38.5864 11.1141 781.215
-251 -160    5 -251.694 -160.739  5.77997  1999.36 -5598.59 -3339.01 -5598.59  16082.9  9755.94 -3339.01  9755.94     6115
-260 -150   -1 -260.595 -150.554 -1.61038  110.707 -34.5777  13.3422 -34.5777  25.5348  -17.434  13.3422  -17.434  25.0089
-284 -151    7 -284.769 -151.341  7.50496  152.428  -139.47  122.332  -139.47  214.558 -157.019  122.332 -157.019  135.796
-253 -160    0 -253.281 -160.801 0.127341  73.5632  10.9166 -10.9604  10.9166  228.491 -13.8275 -10.9604 -13.8275  3.92597
-255 -150    0  -255.563  -150.273 -0.164392   8.87012  -6.04928 -0.185641  -6.04928   37.0516   9.03638 -0.185641   9.03638   4.86879
-260 -150    2 -260.722 -150.639  2.50431  150.212  176.171 -36.6507  176.171  362.431 -75.5287 -36.6507 -75.5287   25.446
-251 -163    2 -251.587 -163.332  2.50742  1733.05 -554.741  478.535 -554.741  193.939 -157.115  478.535 -157.115  154.671
-263 -151    2 -263.395 -151.621  2.26503  17.0053 -11.6146 -5.45836 -11.6146  28.6259  14.8304 -5.45836  14.8304  32.0309
-253 -161    4 -253.268  -161.27  4.29626  178.242 -220.663 -39.1616 -220.663  521.238   80.457 -39.1616   80.457  42.8882
-262 -154    2 -262.801 -154.095  2.47972  1500.88  1667.43 -34.9111  1667.43  2593.54 -144.566 -34.9111 -144.566  46.2988
-262 -152    0 -262.668  -152.53 0.224202  132.306  23.6896 -8.90946  23.6896  15.1527 -3.75261 -8.90946 -3.75261  2.75379
-252 -159    0  -252.214  -159.514 -0.140435   10.0857   -1.3921 -0.268009   -1.3921   19.0233 -0.581484 -0.268009 -0.581484    3.1995
-260 -150    0 -260.587 -150.541 0.197259   14.1234  -5.16657 -0.474027  -5.16657   21.0344   7.41082 -0.474027   7.41082   5.24527
-262 -150    0  -262.456  -150.663 -0.208596  31.2422 -12.5937 -5.12262 -12.5937  28.1834 0.018854 -5.12262 0.018854  7.42997
-261 -150    0  -261.167  -150.149 -0.381231  79.4673 -50.4924 -13.0173 -50.4924  299.472  36.2481 -13.0173  36.2481  24.6641
-250 -164    3 -250.308 -164.719  3.49715  232.017 -1353.35  58.0109 -1353.35  8848.21  -485.08  58.0109  -485.08  52.5144
-264 -150    0  -264.242  -150.688 -0.078656 48.6928 4.56723 3.10101 4.56723 51.7402 11.7691 3.10101 11.7691 12.1253
-257 -150    0  -257.569  -150.476 0.0770248  502.989 -940.235 -80.4678 -940.235  1814.55  154.713 -80.4678  154.713  15.5295
-261 -151    0   -261.497   -151.265 -0.0606108  27.0251 -28.3652  6.16732 -28.3652  50.3832 -7.51215  6.16732 -7.51215  3.68606
-262 -153    0  -262.113  -153.214 -0.359974  4154.12 -1122.56 -1927.08 -1122.56  333.787  530.264 -1927.08  530.264   903.64
-269 -153    2 -269.716 -153.864  2.49241  2331.12 -1693.61  798.749 -1693.61  5650.02 -1690.71  798.749 -1690.71  563.532
-266 -151    0   -266.661   -151.811 0.00665316  45.0745 -1.73375  9.89726 -1.73375  44.2527  7.11207  9.89726  7.11207   5.9214
-283 -151    1 -283.885 -151.697   1.4921  824.288 -73.9173 -213.104 -73.9173  106.757 -3.69724 -213.104 -3.69724  88.9541
-263 -152    0  -263.492  -152.507 0.0105338     22.3454    -5.09968 0.000243795    -5.09968     20.7902    -1.96561 0.000243795    -1.96561     3.19175
-280 -150   -1 -280.559 -150.612 -1.59082  254.202  950.459 -895.563  950.459  4987.57 -4602.49 -895.563 -4602.49  4413.87
-268 -158    9 -268.578 -158.398  9.49437 1499.92 240.208 3.70333 240.208 55.0464 12.4353 3.70333 12.4353 26.3689
-273 -160    2 -273.554  -160.27  2.56133  65.1677 -104.155 -14.6047 -104.155  271.835  20.0319 -14.6047  20.0319  11.6153
-284 -151    6 -284.367 -151.741  6.54903  205.456 -290.069  175.332 -290.069  573.995 -263.661  175.332 -263.661   163.08
-264 -152    0 -264.578 -152.601 0.131451  15.5951 -30.6005 -10.9073 -30.6005  144.618  58.2631 -10.9073  58.2631  26.2789
-273 -158    0 -273.502 -158.534 0.449515 375.585 327.348 281.863 327.348 308.286 239.372 281.863 239.372  222.28
-264 -150   -1 -264.508 -150.525 -1.39473   11.8003  -11.2644   1.11648  -11.2644   31.3142 0.0433168   1.11648 0.0433168   12.2579
-252 -158   -3 -252.412 -158.515  -3.6411  162.359  -154.66 -59.5754  -154.66   156.26   56.758 -59.5754   56.758  28.5358
-259 -152   -4 -259.346 -152.298 -4.52805  63.3483  28.2141  -13.438  28.2141  33.6464 -17.8338  -13.438 -17.8338  23.0901
-268 -158    2 -268.236 -158.742  2.63388  1226.32 -1516.84  297.673 -1516.84  2834.01 -422.321  297.673 -422.321  85.0622
-268 -158    7 -268.443 -158.717  7.56013  479.208  142.283 -29.7972  142.283  1060.39 -165.775 -29.7972 -165.775  32.4368
-251 -163   -4 -251.354 -163.751 -4.26715  18.8808  14.3598 -155.481  14.3598  98.5409  364.612 -155.481  364.612  12032.9
-253 -161    2 -253.603 -161.501  2.48219   111.61 -80.8158  2.98035 -80.8158  4635.89  -1167.1  2.98035  -1167.1  304.833
-263 -150    0  -263.419  -150.739 -0.234782   12.5749  -3.14703  -1.31353  -3.14703    31.086 -0.260565  -1.31353 -0.260565   3.79734
-258 -150   -3  -258.05 -150.461 -3.56073 3593.72  252.64 484.908  252.64 45.9829 53.7057 484.908 53.7057 94.3662
-261 -151    1 -261.212 -151.657  1.33346  46.4752  15.2914 -17.5771  15.2914  20.5961 0.812268 -17.5771 0.812268  22.3913
-280 -150   -3 -280.789 -150.628 -3.58456  46.6625 -24.9678 -18.0483 -24.9678   42.567  8.13535 -18.0483  8.13535   16.726
-267 -151    2 -267.465  -151.77  2.50535  251.873 -313.882  97.5969 -313.882  1204.83 -139.881  97.5969 -139.881  54.2059
-284 -154    8 -284.547 -154.372  8.53701 31.9822 154.434 43.8816 154.434 1693.45 290.896 43.8816 290.896 90.6891
-273 -160    4 -273.768 -160.792  4.49118  11333.1 -5315.89  618.582 -5315.89  2669.58 -324.229  618.582 -324.229  54.8433
-256 -158    4   -256.7 -158.336  4.29037   247.72  224.963 -176.663  224.963  562.114 -183.056 -176.663 -183.056  138.345
-255 -152   -3 -255.468  -152.29 -3.67236  9.88352 -5.02794 -17.2958 -5.02794  9.34448  5.09743 -17.2958  5.09743  103.381
-254 -159   -4 -254.847 -159.714  -4.7829  330.505 -456.929  12.2112 -456.929  742.986  53.9971  12.2112  53.9971  103.389
-285 -151    2 -285.456 -151.567  2.29865  67.7821 -148.127  77.0732 -148.127  694.982 -338.198  77.0732 -338.198  171.489
-254 -157    7 -254.326 -157.872   7.7591  53.7542 -142.725  178.387 -142.725  839.461 -1490.59  178.387 -1490.59  3130.63
-274 -157    0 -274.461 -157.555 0.376563  20.1594 -3.48125 -1.27781 -3.48125  19.4502  7.53924 -1.27781  7.53924  11.2312
-283 -152    5 -283.505 -152.427  5.33517    2309 1121.58 1663.93 1121.58 560.207 825.638 1663.93 825.638 1230.09
-252 -159   -4 -252.748 -159.624 -4.63975  47.1941 -28.3373 -9.74758 -28.3373  33.5802  16.2743 -9.74758  16.2743  19.8306
-258 -151   -4 -258.623 -151.522 -4.63901  15.4857 -7.49243 -9.82636 -7.49243  14.7612 0.887791 -9.82636 0.887791  19.8593
-254 -160   -1 -254.686 -160.522 -1.56988  2831.69  793.878 -334.308  793.878  269.381 -131.062 -334.308 -131.062  74.5056
-268 -158    1 -268.137 -158.774  1.60304  317.859 -344.695 -0.72536 -344.695  1304.84  63.2786 -0.72536  63.2786  12.8829
-263 -151    0  -263.527  -151.243 0.0297487  9.65225 -1.37766 -1.88918 -1.37766  28.8138  4.32595 -1.88918  4.32595  3.82653
-279 -151    6 -279.774  -151.24  6.61402  193.587  19.4222  -75.177  19.4222  26.3875 -15.3861  -75.177 -15.3861  41.7393
-258 -158    1 -258.701 -158.495  1.55491  2247.02   1333.9  -1429.8   1333.9  1059.47 -840.927  -1429.8 -840.927  915.758
-254 -152   -4 -254.738   -152.3 -4.32441  25.4244 -15.7352 -12.5833 -15.7352  146.577  5.57525 -12.5833  5.57525  14.9547
-256 -150   -3  -256.34 -150.346 -3.33832  42.3683 -88.2038  86.8095 -88.2038  409.449 -341.966  86.8095 -341.966  305.426
-267 -150    1 -267.642 -150.286  1.41686   61.963 -108.928 -250.657 -108.928  615.851  1460.46 -250.657  1460.46  3567.79
-280 -150    0  -280.379  -150.394 0.0225108  93.7996  33.6051   -17.75  33.6051  415.851 -66.9793   -17.75 -66.9793  16.3266
-269 -154    1 -269.385 -154.153  1.48837  101.419 -45.2496   29.251 -45.2496  124.515 -3.77065   29.251 -3.77065  15.2386
-254 -161   -4 -254.547 -161.289 -4.15224  31.0943 -35.8019 -43.7387 -35.8019  89.0091  69.1236 -43.7387  69.1236  121.718
-264 -151    1 -264.242 -151.775  1.35436   43.504 -27.1466  24.9637 -27.1466  143.392 -116.423  24.9637 -116.423  178.041
-262 -151    1   -262.6 -151.662  1.29396  15.6861  -6.4601 -7.77809  -6.4601  21.4642   25.378 -7.77809   25.378  54.7009
-280 -151    2 -280.617  -151.12  2.60555  337.853 -190.472  -142.92 -190.472  967.067  175.338  -142.92  175.338  83.9161
-283 -151    5 -283.799 -151.906  5.58922    391.1  292.416  85.6147  292.416  1891.45 -410.744  85.6147 -410.744   187.77
-267 -156    8   -267.7 -156.686  8.47806  186.914  217.676 -95.1385  217.676  329.703 -111.515 -95.1385 -111.515  60.0006
-251 -156   -5 -251.508 -156.422 -5.15753  180.957  11.5423 -946.456  11.5423  119.594 -896.179 -946.456 -896.179    12370
-274 -155    6 -274.641 -155.392  6.47485   42.676  -20.004  3.24565  -20.004  103.585 -128.498  3.24565 -128.498  182.344
-283 -153    7 -283.911 -153.719  7.34869  1663.66 -527.237 -115.434 -527.237  177.316  24.3071 -115.434  24.3071  104.933
-284 -152    2 -284.771 -152.579  2.29765  165.505 -42.1532  70.8075 -42.1532  23.2705 -23.2951  70.8075 -23.2951  51.5861
-252 -158   -4 -252.508 -158.594 -4.77381  13.1729  -2.0733 -9.56163  -2.0733  10.7873  6.05187 -9.56163  6.05187  16.6019
-270 -150    0  -270.586  -150.253 0.0369071  762.95 125.509 216.885 125.509 334.278  100.04 216.885  100.04 76.8312
-255 -155   -5 -255.327 -155.375 -5.12962   122.35 -44.6844 -116.363 -44.6844   45.411  132.716 -116.363  132.716  735.219
-260 -152    8 -260.597 -152.607  8.44064  139.146 -21.7184 -141.296 -21.7184  360.428  -120.03 -141.296  -120.03  213.535
-253 -159   -4 -253.586 -159.527 -4.53792  14.8419  -5.1294 -4.04248  -5.1294  16.6083  8.29004 -4.04248  8.29004  13.8826
-285 -151    1 -285.279 -151.407  1.49884  38.5652 -10.3893  7.73497 -10.3893  24.1772 -10.8305  7.73497 -10.8305  21.3776
-256 -152   -4 -256.656 -152.401 -4.70658  14.3869 -10.1925 -5.93772 -10.1925  46.5139   25.386 -5.93772   25.386  44.9026
-254 -161   -2 -254.458 -161.443 -2.47016  174.337  44.5131 -167.326  44.5131  404.401 -268.012 -167.326 -268.012  299.787
-252 -157   -3 -252.407 -157.563 -3.47167  16.0794 -51.7598  22.4866 -51.7598  409.044 -214.368  22.4866 -214.368  119.743
-256 -151   -3 -256.399 -151.833 -3.56145 2647.07 2034.76 3104.21 2034.76    1601 2360.43 3104.21 2360.43 3703.29
-257 -151   -3 -257.514 -151.224 -3.47732   87.29 89.9465 5.43493 89.9465 137.425 3.12777 5.43493 3.12777 14.6747
-259 -150    0 -259.575 -150.329 0.152553  44.5776  -44.818  29.3872  -44.818  87.6305 -39.2994  29.3872 -39.2994  24.5544
-281 -150    5 -281.402 -150.795  5.55154  222.923  4.30055  216.363  4.30055  223.495 -67.0653  216.363 -67.0653  254.947
-276 -159    4 -276.436 -159.456  4.30809  1323.12  1893.09 -97.2754  1893.09  2728.13 -132.112 -97.2754 -132.112  19.0548
-273 -150    1 -273.521 -150.145   1.5125  85.0858 -2.22196 -25.1843 -2.22196  217.077  20.6657 -25.1843  20.6657  20.9065
-262 -151    8 -262.252 -151.242  8.36828  64.6171  22.1496  7.91965  22.1496  220.737 -61.5237  7.91965 -61.5237  34.6404
-255 -150   -2 -255.652 -150.079 -2.50756  178.695 -168.456  43.0714 -168.456  772.245 -88.7303  43.0714 -88.7303  20.4104
-258 -150   -4  -258.06 -150.366 -4.68608  5660.74 -386.438  1002.56 -386.438  36.8293 -43.5978  1002.56 -43.5978  319.964
-275 -158    3 -275.311  -158.24  3.30645  887.862  612.919 -411.665  612.919  456.341 -284.193 -411.665 -284.193  204.791
-272 -159    2 -272.485 -159.396  2.51686 20.3529 22.4327 5.21719 22.4327 49.1666 6.83068 5.21719 6.83068 9.14574
-262 -153    7 -262.711 -153.573  7.43594  72.9614 -139.902 -19.3239 -139.902  363.645   63.472 -19.3239   63.472  20.6955
-280 -151    8  -280.67 -151.284   8.5966 231.362 187.831 95.8012 187.831 1541.46 507.096 95.8012 507.096 189.715
-282 -151    2 -282.252 -151.922  2.37364 76.6769 37.0743 33.5164 37.0743 555.989  101.77 33.5164  101.77 41.4468
-257 -151   -2 -257.606 -151.167 -2.57655  32.9013 -53.0582  20.0345 -53.0582  129.098 -26.8249  20.0345 -26.8249  26.4184
-274 -156    5 -274.828 -156.358   5.6717   449.02 -402.251  242.025 -402.251  398.768 -195.956  242.025 -195.956  161.042
-284 -152    1 -284.558 -152.549  1.68559  247.167 -389.879  94.1162 -389.879  793.716 -186.926  94.1162 -186.926    62.15
-259 -150   -2 -259.492 -150.152 -2.33101  46.4064  101.474 -69.1915  101.474  312.838 -154.272 -69.1915 -154.272   143.46
-280 -150   -2 -280.754  -150.57 -2.31562  146.659 -10.3453 -88.3535 -10.3453  22.6952   15.915 -88.3535   15.915  91.9675
-278 -159    8 -278.153  -159.12  8.36145  7797.19  1229.65  -118.82  1229.65  482.885 -32.9891  -118.82 -32.9891  10.5342
-260 -150    1 -260.711 -150.767  1.47609  103.665 -97.5149  6.32533 -97.5149  118.147  2.47804  6.32533  2.47804   19.281
-266 -152    1 -266.471 -152.436  1.55661  11467.1 -6109.48 -5536.51 -6109.48   3293.8  2986.19 -5536.51  2986.19  2756.84
-277 -150    4 -277.465 -150.106  4.24301  47.4739 -94.5337 -14.4183 -94.5337  578.431  147.183 -14.4183  147.183  68.2662
-275 -150    5  -275.45 -150.726  5.55953  431.242   317.54 -361.985   317.54  243.813 -264.351 -361.985 -264.351  332.403
-263 -150   -1 -263.537   -150.4 -1.58744 17.5515  8.7444 7.82136  8.7444 23.6379 5.44632 7.82136 5.44632 13.7101
-257 -150   -1 -257.575 -150.481 -1.71034 843.348 396.233 -567.59 396.233 566.802 431.522 -567.59 431.522 1744.81
-263 -151    1 -263.461 -151.633  1.51653  24.2522 -3.01276 -1.15709 -3.01276   14.844 -5.12549 -1.15709 -5.12549  17.5119
-280 -150    8 -280.889 -150.766  8.18721  669.471  1468.67 -849.256  1468.67  5667.44 -3805.94 -849.256 -3805.94  2690.04
-262 -153   -1 -262.321  -153.43 -1.36539  961.027 -387.981 -357.091 -387.981  169.841  135.392 -357.091  135.392  147.873
-265 -160    7 -265.455 -160.338  7.61169  813.207 -463.803 -123.648 -463.803  1546.01 -101.167 -123.648 -101.167  48.6573
-276 -150    4 -276.526 -150.508  4.47693 419.936 500.542 51.3557 500.542 608.472 65.1906 51.3557 65.1906 24.6403
-252 -160    2 -252.777 -160.651   2.5149  634.133  665.198  -289.27  665.198  937.378 -346.267  -289.27 -346.267  161.791
-275 -159    2 -275.746 -159.469  2.61391 119.669 336.467 27.3775 336.467 1522.11 6.78006 27.3775 6.78006 48.8762
-282 -152    2 -282.563 -152.069  2.75468  68.1696 -59.0977  39.9815 -59.0977   290.66  25.3932  39.9815  25.3932  93.6851
-262 -153    5 -262.733   -153.3  5.47259  111.988 -69.3553  7.39509 -69.3553  104.817 -44.7569  7.39509 -44.7569  47.4958
-283 -153    6 -283.644 -153.337  6.54644  137.947 -145.434 -29.3221 -145.434  322.995  140.469 -29.3221  140.469  85.8245
-250 -160    7 -250.239 -160.871  7.65937   145.04 -70.8137 -131.832 -70.8137  604.707  51.8768 -131.832  51.8768  193.194
-298 -152    2 -298.505 -152.391  2.80876 17.6663 5.06378 10.2303 5.06378 37.5468 71.0732 10.2303 71.0732 357.187
-278 -159    2 -278.397 -159.625  2.87981  190.226 -822.953  998.146 -822.953  4203.77 -4509.53  998.146 -4509.53  5528.72
-259 -150    6 -259.661 -150.098  6.53575  13.1869 -41.4983 -21.3647 -41.4983  277.929  -44.457 -21.3647  -44.457  531.963
-267 -157    6 -267.505  -157.21  6.51923 2073.03 1981.07 407.546 1981.07 5323.73 172.872 407.546 172.872 100.517
-256 -150    4 -256.565 -150.547  4.43079  143.664 -30.4935  -170.41 -30.4935  24.4801  48.9879  -170.41  48.9879  233.885
-253 -161    3 -253.353 -161.356  3.51971  121.662  127.977  -33.078  127.977  1026.09 -102.647  -33.078 -102.647  26.1214
-264 -160    3 -264.445 -160.697  3.46194 203.547 319.586 120.329 319.586 4054.76 1349.97 120.329 1349.97 455.586
-268 -158    3 -268.273   -158.8  3.31926  133.795 -100.447 -6.55287 -100.447  275.559  19.0899 -6.55287  19.0899   10.038
-263 -156    3 -263.402 -156.161  3.57259  820.528 -72.2035 -20.4983 -72.2035     1656  350.086 -20.4983  350.086  81.5433
-262 -153    3 -262.796 -153.836   3.5347  96.8807  103.107 -11.2403  103.107  417.385 -53.6904 -11.2403 -53.6904  15.2367
-278 -150    3 -278.376 -150.235  3.43582  104.028  238.407 -162.049  238.407  860.618 -477.114 -162.049 -477.114  304.404
-260 -150    3 -260.646   -150.4  3.47704  101.003  64.3714 -36.2805  64.3714  77.1681 -7.72659 -36.2805 -7.72659  29.3906
-252 -160    3 -252.469 -160.241  3.59213  285.159 -116.516  24.9498 -116.516  76.7181 -23.6713  24.9498 -23.6713  22.6948
-267 -151    3 -267.719 -151.902   3.2654  421.629 -16.7909  220.958 -16.7909  1295.96   321.47  220.958   321.47  224.887
-280 -151    3  -280.51 -151.173  3.67257 39.7211 9.15331 1.99462 9.15331 169.318 7.17552 1.99462 7.17552 12.4207
-279 -151    7 -279.779 -151.614  7.51465  185.335 -177.825  -196.82 -177.825  236.271  253.045  -196.82  253.045  283.596
-276 -159    3 -276.233 -159.549  3.55766  124.456 -62.0661  92.7984 -62.0661  62.3121 -44.4688  92.7984 -44.4688  92.6552
-267 -159    3 -267.238 -159.486  3.57135  581.253 -1130.17 -14.6867 -1130.17  3338.04 -17.8773 -14.6867 -17.8773  17.3784
-264 -159    3 -264.501 -159.629  3.46964  971.628  663.781 -373.658  663.781   485.14 -210.478 -373.658 -210.478  227.639
-265 -150   -1 -265.167 -150.612 -1.34893  841.338  -1733.3  457.808  -1733.3  3797.19 -980.963  457.808 -980.963  347.771
-267 -157    3 -267.578  -157.44  3.49342  650.379  401.733 -347.696  401.733  870.478 -171.067 -347.696 -171.067  263.783
-265 -152    3 -265.142 -152.869   3.4791  412.412 -238.595 -47.1414 -238.595   256.78  50.9734 -47.1414  50.9734  22.6737
-275 -157    3 -275.322 -157.653  3.72705  673.902  385.544 -443.125  385.544  260.117 -296.305 -443.125 -296.305  364.977
-272 -160    3 -272.477 -160.295  3.77928  13.9215 -1.39794  6.34869 -1.39794  61.4355 -36.6553  6.34869 -36.6553  68.2009
-277 -150    3 -277.581 -150.266  3.85573  271.302  398.486 -510.792  398.486  757.527 -764.163 -510.792 -764.163  1041.66
-275 -150    3 -275.611 -150.252  3.85464   250.26 -1527.02  1111.01 -1527.02  9969.04 -7307.66  1111.01 -7307.66  5716.89
-283 -152    3 -283.197 -152.234  3.91144  33.8957 -31.2885  155.313 -31.2885  438.163 -20.4715  155.313 -20.4715  1549.95
-262 -153    9 -262.585 -153.625  9.57472   221.58  -178.28  14.4118  -178.28  670.478 -48.0936  14.4118 -48.0936  14.0183
-262 -153    4 -262.795 -153.679  4.43621    63.42  32.5105 -11.0582  32.5105  295.127 -50.1272 -11.0582 -50.1272  19.5403
-283 -152    4 -283.265  -152.24  4.54694 189.117 66.3244 54.3595 66.3244 120.094 18.0748 54.3595 18.0748  25.842
-280 -151    5 -280.242 -151.166  5.41463  53.6605  46.6642 -17.9077  46.6642  356.101 -2.36083 -17.9077 -2.36083   20.205
-260 -150    4 -260.272 -150.475  4.48622  143.749 -27.6727 -1.01025 -27.6727  749.495 -117.754 -1.01025 -117.754  32.9816
-267 -157    4 -267.537 -157.369  4.49659  319.349  121.627 -72.0179  121.627  115.594   -13.45 -72.0179   -13.45  29.0187
-281 -151    4 -281.364 -151.482  4.19316 125.515 117.686  354.55 117.686 728.301 570.901  354.55 570.901 1273.87
-280 -151    4 -280.408 -151.174  4.60141  33.1758  31.4291  4.22158  31.4291  151.579 -3.14376  4.22158 -3.14376  19.7784
-254 -156   -4 -254.706 -156.331 -4.75411  111.947 -125.147 -16.6221 -125.147  168.235  37.3908 -16.6221  37.3908  94.5582
-252 -156    6 -252.495 -156.481  6.44336   16.626 -13.7475  8.94434 -13.7475  28.7443 -14.7518  8.94434 -14.7518  51.3506
-286 -150    4 -286.384 -150.636  4.55834 7521.55 141.213 2640.75 141.213 124.363 9.47742 2640.75 9.47742 950.878
-280 -151    6 -280.099 -151.245  6.56697  984.034 -631.316  -77.108 -631.316  924.076  139.093  -77.108  139.093  42.0809
-252 -160    4  -252.41 -160.543  4.66717  84.4022  -73.741 -16.3286  -73.741  78.4469  20.0266 -16.3286  20.0266  19.6379
-277 -159    4 -277.544 -159.547  4.59021  147.137 -168.535  19.4907 -168.535  498.706  9.28612  19.4907  9.28612  55.1287
-274 -157    8 -274.516 -157.484  8.36004  523.357 -1138.25  492.664 -1138.25  3844.12 -1574.07  492.664 -1574.07  659.823
-279 -161    8 -279.292 -161.252  8.38594  122.376 -165.509 -36.0464 -165.509  279.909  62.5559 -36.0464  62.5559   26.705
-253 -160    1 -253.141 -160.699  1.54825   94.9086  -33.7886 -0.997647  -33.7886   1075.92  -192.488 -0.997647  -192.488    48.194
-282 -151    4 -282.597 -151.502  4.66636 119.636 345.065 97.0774 345.065 1317.08 452.508 97.0774 452.508 196.724
-278 -151    2 -278.641 -151.752  2.55877  170.055 -109.239 -256.597 -109.239  94.1704   165.55 -256.597   165.55  420.596
-267 -157    5 -267.436 -157.365  5.43661  208.934  34.1271 -7.60099  34.1271  897.677  -136.21 -7.60099  -136.21  37.4827
-251 -159    5  -251.66 -159.271  5.29797  190.529   127.45 -147.526   127.45   348.47 -206.192 -147.526 -206.192  172.881
-264 -151    0 -264.322 -151.338 0.362007  36.5286 -14.5832 -1.02001 -14.5832  22.0604 -1.00819 -1.02001 -1.00819  11.6378
-286 -150    5 -286.511 -150.349  5.45632  200.157  556.147  -177.27  556.147  2269.58 -845.252  -177.27 -845.252  338.974
-262 -153    8 -262.578 -153.684  8.54475  322.242 -35.8981 -56.9213 -35.8981  237.867  21.3906 -56.9213  21.3906  30.6674
-253 -159    0  -253.279  -159.459 -0.302439  638.431 -537.665  137.697 -537.665   480.21 -122.879  137.697 -122.879  33.3321
-263 -156    6 -263.762 -156.693  6.42033  3810.59 -2264.66  116.144 -2264.66  1544.39  -19.655  116.144  -19.655  23.4132
-262 -152    6 -262.392 -152.505  6.53817  184.713 -119.344  44.1302 -119.344  117.523 -42.6661  44.1302 -42.6661  27.7107
-281 -150    6 -281.929 -150.573  6.41472  3320.69  2848.61 -427.308  2848.61  2548.25 -383.427 -427.308 -383.427  68.3925
-260 -150    6 -260.171 -150.102  6.42223  151.658  234.882 -14.3706  234.882   764.04 -64.6864 -14.3706 -64.6864  11.8468
-274 -158    2  -274.22 -158.436  2.35799  72.2868  27.7745  13.2949  27.7745   91.363 -40.3113  13.2949 -40.3113  60.2197
-251 -156    6 -251.497 -156.109  6.35401  1710.01 -2131.03 -374.216 -2131.03  2906.15  483.901 -374.216  483.901  90.3636
-296 -152    6 -296.553 -152.359  6.39547  895.524  447.617 -1286.56  447.617   256.94  -640.71 -1286.56  -640.71  1865.32
-274 -158    6 -274.497 -158.486  6.67011  703.807 -6.22761 -98.3913 -6.22761  22.5573 0.336831 -98.3913 0.336831   24.927
-279 -152    6 -279.562 -152.807  6.62844   497.76 -337.456 -252.926 -337.456  1061.61  98.0528 -252.926  98.0528  148.272
-286 -150    3 -286.409 -150.931  3.84785  12.4337 -100.271  50.2829 -100.271  1516.96 -700.524  50.2829 -700.524  436.498
-262 -153    6 -262.744 -153.493  6.58126  482.248 -577.174 -39.1263 -577.174  989.809  71.4762 -39.1263  71.4762  29.3838
-269 -150    1 -269.452  -150.38  1.65973 1921.37 556.317 3024.08 556.317 848.052 964.367 3024.08 964.367 4905.21
-262 -151    0   -262.534   -151.449 -0.0818368  13.9909 -3.55731   -3.213 -3.55731  9.87212 0.813693   -3.213 0.813693  5.39977
-282 -150    6 -282.524  -150.45  6.71275 45.7403 90.5791  20.244 90.5791   924.3 -213.62  20.244 -213.62 113.488
-262 -151    7 -262.286 -151.678  7.52833  179.625 -64.6046  53.3997 -64.6046  143.778 -105.719  53.3997 -105.719  87.8845
-280 -151    7 -280.325 -151.193  7.41907  123.511   91.259   30.369   91.259  142.885 -5.32155   30.369 -5.32155  30.4436
-279 -150    7  -279.36 -150.763  7.59969  348.756 -106.534 -95.8501 -106.534  50.6144  19.9676 -95.8501  19.9676  48.8052
-250 -158    7 -250.586 -158.139  7.47197  4042.83 -6867.43  933.147 -6867.43  13287.4 -2370.06  933.147 -2370.06  623.171
-283 -150    7 -283.197 -150.148  7.27465    21947 -3633.34  12127.3 -3633.34  1257.28    -2340  12127.3    -2340  6913.28
-284 -151    5 -284.619 -151.926  5.92558  15.4511 -14.8668 -181.062 -14.8668  1163.97  2393.47 -181.062  2393.47  9047.82
-285 -152    7 -285.514 -152.151  7.36142  546.021 -2068.52 -723.868 -2068.52  8766.08  3686.24 -723.868  3686.24  2097.15
-268 -155   10 -268.916 -155.164  10.2928    704.5 -66.8805  100.491 -66.8805  273.881 -71.6436  100.491 -71.6436  55.2882
-263 -154    8  -263.54 -154.112  8.63064  190.079 -293.687  110.392 -293.687  1365.08  23.4571  110.392  23.4571  120.253
-253 -157    8 -253.551 -157.736  8.24007  287.654 -728.687 -77.6618 -728.687  1935.79  133.583 -77.6618  133.583  174.673
-285 -151    8 -285.39 -151.13 8.32799  35.4621 -105.313  37.7245 -105.313  664.027 -92.3107  37.7245 -92.3107  70.4759
-279 -150    8  -279.12 -150.682  8.32815  518.467 -1288.51    232.4 -1288.51  6745.12 -2706.18    232.4 -2706.18  1510.56
-278 -150    8 -278.868  -150.55  8.68791  213.566  1.75082 -78.5289  1.75082  320.982 -146.759 -78.5289 -146.759  117.316
-279 -150    2 -279.324 -150.351  2.56978  781.093  154.808 -663.111  154.808  1526.57 -201.663 -663.111 -201.663  577.142
-282 -152    3  -282.82 -152.318   3.7202 226.304 302.616 119.648 302.616 511.471 183.105 119.648 183.105 75.8073
-281 -150    8 -281.192 -150.454  8.82013  597.168  151.398  147.713  151.398   5424.8 -1776.52  147.713 -1776.52  748.145
-255 -152   -4 -255.662 -152.529 -4.69487 25.3813 25.0248 7.61169 25.0248 104.536 15.3604 7.61169 15.3604 18.9414
-260 -150    5  -260.24 -150.314  5.48223  355.585  135.135 -49.7394  135.135  570.662 -149.586 -49.7394 -149.586  48.5661
-262 -150    9 -262.136 -150.503  9.42402  78.8177 -112.947  59.7961 -112.947  311.463  -202.63  59.7961  -202.63  151.553
-278 -150    9 -278.461 -150.378  9.33566  2130.74  1234.13 -1756.97  1234.13  1979.74 -833.112 -1756.97 -833.112  1484.19
-253 -161    9 -253.847 -161.606  9.41885   1500.2  508.988 -60.2291  508.988  245.805 -59.0868 -60.2291 -59.0868  31.8693
-286 -151    3  -286.33 -151.417   3.3638  289.205 -779.613  468.524 -779.613  2256.56 -1386.84  468.524 -1386.84  892.081
-282 -150    7 -282.529 -150.483  7.39355  53.4499   -55.57 -73.1766   -55.57  81.2863  85.5071 -73.1766  85.5071  113.186
-250 -155    7 -250.665 -155.718  7.61437  1647.98 -2883.93 -480.488 -2883.93  5095.22  858.169 -480.488  858.169  156.899
-286 -151    9 -286.692 -151.177  9.61608  222.573 -6.03723  164.702 -6.03723  783.534  -9.2884  164.702  -9.2884  130.569
-268 -155    9 -268.634 -155.526  9.48797 4510.28 1938.64 2046.77 1938.64  1486.1 592.826 2046.77 592.826  1074.1
-264 -154    9 -264.321 -154.308  9.73204  221.287 -165.638   117.99 -165.638    438.1 -96.0847   117.99 -96.0847  81.1537
