-306   58    0  -306.369   58.5988 0.0282021   422.73 -19.2946  28.4924 -19.2946  16.8322 -4.06517  28.4924 -4.06517  7.24288
-313   53    0  -313.096   53.2287 -0.300518     61.84   62.9046   7.53481   62.9046   430.411 -0.368706   7.53481 -0.368706   8.21398
-306   57    0  -306.413   57.4776 -0.170552  497.812 -73.9308  48.4563 -73.9308  28.0776 -7.92486  48.4563 -7.92486  6.92096
-306   52    0  -306.521    52.543 -0.602939  3779.44 -248.034 -15.4907 -248.034  22.4121  1.56737 -15.4907  1.56737  7.33123
-306   50    0  -306.523   50.7285 -0.276876  66.3101 -8.18051  -7.4034 -8.18051  10.9555 0.923079  -7.4034 0.923079  4.51434
-306   54   -1 -306.424  54.5645 -1.70457  8604.54 -28.3261 -325.347 -28.3261  38.7713 -46.4343 -325.347 -46.4343  96.0074
-306   53   -1 -306.485  53.4429 -1.58571 5686.29 158.311 -190.17 158.311 95.1261  177.96 -190.17  177.96 407.091
-306   61    0  -306.192   61.6965 -0.219931  369.336 -1.29692 -1.12673 -1.29692  7.33713  1.66627 -1.12673  1.66627   3.0482
-306   56   -1 -306.388  56.5202 -1.75181  471.897 -50.2903 -23.1573 -50.2903  23.4315 -10.8926 -23.1573 -10.8926  36.2456
-306   59    0   -306.32    59.584 -0.322583  115.117 -11.4784 -11.0903 -11.4784  13.4593 0.644733 -11.0903 0.644733  5.95853
-305   68    0  -305.532   68.7194 -0.367188   7.5997 -7.27004 0.598869 -7.27004  1608.96 -129.446 0.598869 -129.446  16.9865
-304   50   -2 -304.723   50.494 -2.33833  222.545 -45.9774  120.814 -45.9774  25.1387 -40.9261  120.814 -40.9261  139.352
-330   56   -3 -330.363  56.7796 -3.95566  361.959 -381.401 -2580.94 -381.401  515.896  2966.03 -2580.94  2966.03  19624.9
-329   57   -3 -329.463  57.4446 -3.90393  179.712 -282.348 -622.228 -282.348  641.478  70.1107 -622.228  70.1107  7552.83
-306   63    0 -306.229  63.5136 0.274099   1753.79  -27.4714   33.9694  -27.4714   10.7551 -0.310513   33.9694 -0.310513   2.41926
-328   57   -3 -328.602  57.6517 -3.82302  137.594  -73.996 -964.332  -73.996   50.236  539.099 -964.332  539.099  7646.58
-345   72    5 -345.588   72.142  5.34724  860.904 -1471.96 -478.928 -1471.96  2586.54  796.443 -478.928  796.443  293.449
-306   56    0   -306.43   56.4148 0.0489905   221.641  -24.8486   9.49199  -24.8486   8.43277 -0.111359   9.49199 -0.111359   2.65721
-306   55    0  -306.41  55.4043 0.276821  232.429 -92.2043  67.3241 -92.2043  49.0657 -22.8321  67.3241 -22.8321   26.411
-306   62    0  -306.259   62.3257 0.0987302   1070.3  147.389 -16.0819  147.389  44.0326 -5.54917 -16.0819 -5.54917  3.25933
-312   53    0  -312.919   53.0894 -0.240757 257.915 198.398 5.89968 198.398 476.752  10.115 5.89968  10.115  2.1757
-304   52   -2 -304.671  52.6155 -2.32849    509.175    3.38836    5.76057    3.38836     7.9312 -0.0307466    5.76057 -0.0307466    19.2667
-312   52   -2 -312.707  52.8111 -2.48346  348.087  49.5764  7.76171  49.5764  22.9611 -9.33714  7.76171 -9.33714  16.8861
