-442   52   13 -442.584    52.61  13.9582 1238.38 309.621 2342.84 309.621 985.368 -1192.8 2342.84 -1192.8 8285.72
-443   54   12 -443.13 54.7467  12.349 327.962 116.659 71.7867 116.659 479.372 510.616 71.7867 510.616  587.91
-423   70   11 -423.565  70.1301  11.7681  158.956 -159.513 -138.354 -159.513  1066.64  534.112 -138.354  534.112  321.921
-442   57   10 -442.846  57.6433  10.5967   89.089 -56.4166 -25.0911 -56.4166  863.481   61.764 -25.0911   61.764  43.3758
-429   52   10 -429.664  52.3769  10.4127 254.934 112.573 35.3893 112.573 253.736 82.7824 35.3893 82.7824 78.8173
-437   50   10 -437.663  50.1541  10.6008 179.218 55.9098 36.4201 55.9098 760.435  173.15 36.4201  173.15 52.4914
-413   58    9 -413.627  58.6381   9.7801  130.688 -116.419 -1067.16 -116.419  953.706  4321.68 -1067.16  4321.68  26909.2
-372   52    9 -372.225  52.2198   9.4912 257.632 210.215 23.0572 210.215  725.07 166.373 23.0572 166.373  53.577
-429   52    9 -429.499  52.7393  9.41379 1387.35 2030.17 1145.54 2030.17 4029.97 2129.21 1145.54 2129.21 1154.44
-437   50    9 -437.643  50.3885  9.43289   131.74 -39.9948  6.03181 -39.9948  432.997  86.2928  6.03181  86.2928  33.5787
-381   56    8 -381.626   56.018   8.5663  128.242  396.522 -20.3766  396.522  4894.23 -50.6586 -20.3766 -50.6586  13.9958
-443   57    8 -443.164  57.6437  8.28494   440.9 647.444 66.7011 647.444 1143.99 142.251 66.7011 142.251 32.5505
-436   50    8 -436.711  50.5196  8.36625  311.093  100.011 -47.5353  100.011  51.1537 -29.5799 -47.5353 -29.5799  32.7654
-370   52    7 -370.834  52.5109  7.76317  354.906 -408.603 -614.659 -408.603  561.526  760.995 -614.659  760.995  1210.86
-423   71    7 -423.664  71.4078  7.44183  271.576 -2431.65 -512.556 -2431.65  25352.7  5326.07 -512.556  5326.07  1168.68
-429   53    7 -429.436  53.3359   7.5759 284.753 221.179 67.0108 221.179 794.589 293.177 67.0108 293.177 125.435
-443   57    7 -443.183  57.7119  7.27492  118.685  43.4321  7.34772  43.4321  404.415 -77.1068  7.34772 -77.1068  35.1579
-428   54    6 -428.696   54.346  6.63805  2365.86  1116.77  -1195.1  1116.77  675.479 -681.857  -1195.1 -681.857  706.771
-372   52    6 -372.507  52.9063  6.56003 39.0586 10.7638   13.13 10.7638 263.332 47.7263   13.13 47.7263  23.546
-443   57    6 -443.29 57.7499 6.30424   132.01  134.565 -20.0659  134.565  216.066  2.61354 -20.0659  2.61354  45.4783
-389   51    6 -389.382  51.5813  6.58922  2514.64  3517.24 -598.611  3517.24  5322.46  -847.98 -598.611  -847.98  150.963
-437   50    6 -437.264  50.7097  6.50869    81.1 17.2764 25.2275 17.2764 136.046 15.2167 25.2275 15.2167 23.4232
-429   53    5 -429.543  53.6858  5.52137  78.3519  27.7603  16.7035  27.7603  503.009 -41.7874  16.7035 -41.7874  24.2977
-443   57    5 -443.279  57.8249  5.57146 69.5818 45.1164 10.6061 45.1164 210.895 30.2731 10.6061 30.2731 14.1297
-358   53    5 -358.631  53.8275  5.51706  114.939  132.941 -8.78406  132.941   223.52 -12.1914 -8.78406 -12.1914  10.6607
-437   50    5 -437.145  50.7533  5.52443  161.731 -59.7312  3.63487 -59.7312  393.787  52.2123  3.63487  52.2123  16.6751
-448   68    4 -448.577  68.0757  4.69127 870.166 1608.81 217.486 1608.81 3360.53 425.964 217.486 425.964 81.2438
-423   71    4 -423.808  71.8287  4.56203 109.728  168.77 51.8021  168.77  526.18 101.735 51.8021 101.735 99.3622
-413   58    7 -413.755  58.9051  7.39997  141.495  171.688 -6.25876  171.688  836.485  116.644 -6.25876  116.644  38.6602
-443   57    4 -443.254  57.9462  4.42651  36.6356 -85.9912 0.401666 -85.9912   1194.7 -2.40793 0.401666 -2.40793  13.0541
-387   56    4 -387.467  56.1453  4.49215  218.892  89.5623 -12.0287  89.5623  95.9573 -5.25365 -12.0287 -5.25365  15.1482
-372   53    4 -372.469  53.1068  4.52624  35.0575  73.9621 -33.3813  73.9621  541.884 -163.258 -33.3813 -163.258  63.4951
-389   51    4 -389.361  51.8598  4.41141  42.7669 -30.7306  17.5036 -30.7306  238.077  15.4932  17.5036  15.4932  27.0744
-419   55    4 -419.593   55.894  4.31011   55.011  29.8381 -3.23386  29.8381  1956.83 -31.8585 -3.23386 -31.8585  19.7155
-429   53    4 -429.326  53.7056  4.59146  61.5398 -88.2023  3.59055 -88.2023  275.389   1.7516  3.59055   1.7516  21.7927
-390   53    4 -390.513  53.1362  4.52325  89.7049  105.867 -12.5255  105.867  1001.18 -27.4965 -12.5255 -27.4965  11.6252
-437   50    4 -437.277  50.7791  4.40405 153.355 55.6587 10.8286 55.6587 322.748 26.7721 10.8286 26.7721 11.2418
-371   52    7 -371.192  52.5717  7.37303  571.116  -88.262 -494.855  -88.262  174.753   120.49 -494.855   120.49   460.96
-442   57    6 -442.822  57.4982  6.55182  1808.18  847.599 -269.763  847.599  751.557  83.7651 -269.763  83.7651  172.729
-389   51    3 -389.324  51.8486   3.7241  166.685  27.9577  12.7459  27.9577  82.2034 0.287734  12.7459 0.287734  20.5465
-372   53    3 -372.408  53.1026  3.69855 28.9502 52.4127  9.0042 52.4127 258.069 9.03757  9.0042 9.03757 30.6345
-429   53    3 -429.398  53.8081  3.68621 84.9614 1.79395 -2.8318 1.79395 182.751 37.2379 -2.8318 37.2379 28.2508
-448   68    3 -448.369   68.084  3.60152  48.4895 -0.88541 -7.91114 -0.88541  251.122 0.678198 -7.91114 0.678198   10.285
-419   55    5 -419.511  55.7966  5.66374  112.014 -81.4908   10.378 -81.4908  2451.04  32.6781   10.378  32.6781  21.6193
-401   60    3 -401.723  60.6768  3.54736  505.136   489.33  39.2432   489.33  544.334 -10.8829  39.2432 -10.8829  46.7457
-382   56    3 -382.528  56.0635  3.59126  187.907  196.517 -10.6427  196.517  1213.68  83.3242 -10.6427  83.3242  21.0038
-419   55    3 -419.665   55.916  3.54864  148.638  -138.69 -6.23724  -138.69  1749.22 -31.9991 -6.23724 -31.9991  7.42961
-372   52    3 -372.423  52.9289  3.49022  110.871  153.644  -17.322  153.644  1111.16 -16.3473  -17.322 -16.3473  13.0428
-380   61    2 -380.14 61.1361 2.40278  75.4477 -146.291   5.4873 -146.291  1985.48 -363.796   5.4873 -363.796  94.0305
-369   53    2 -369.35 53.5259 2.38993   2953.9 -1193.44 -1852.09 -1193.44  704.708  735.351 -1852.09  735.351  1235.27
-443   58    2 -443.319  58.1323  2.55355   21.0843   17.8905 -0.701548   17.8905   115.979  -15.0848 -0.701548  -15.0848   16.0704
-390   53    2 -390.398  53.0895  2.53755   103.956   61.8508   14.1248   61.8508   1268.01 -0.822434   14.1248 -0.822434   9.37391
-372   52    2 -372.633  52.9379  2.40146  112.507 -128.014 -3.79077 -128.014  524.345 -4.77409 -3.79077 -4.77409  8.29773
-389   52    2 -389.419  52.0602  2.51852  37.1568  50.2792 -8.85159  50.2792  385.932  16.2317 -8.85159  16.2317  14.7747
-447   50    1 -447.708  50.1091  1.71067 758.395 475.463 3149.96 475.463 508.541 1791.39 3149.96 1791.39 13614.1
-398   58    5 -398.158  58.6643  5.49541 177.956 115.177 8.05759 115.177 930.055 116.736 8.05759 116.736 28.5588
-372   52    7 -372.513  52.8947  7.51199 1051.13 2072.79 170.908 2072.79 4416.65 364.493 170.908 364.493 35.5531
-448   68    1 -448.441  68.1493  1.66183  593.831 -783.708 -187.608 -783.708   1286.8   216.41 -187.608   216.41  87.4768
-387   56    5 -387.362  56.0624  5.36024 43.9434 83.6279 -9.0084 83.6279 466.376 12.0799 -9.0084 12.0799 13.2809
-368   51    1 -368.692  51.7222  1.64492  6460.82 -1504.76 -4670.15 -1504.76  548.502  1054.42 -4670.15  1054.42  3397.85
-414   59    1 -414.192  59.3156  1.63741  410.435  759.702 -129.194  759.702  1891.66 -319.551 -129.194 -319.551  65.5781
-398   58    3 -398.394  58.8764  3.45087  154.667 -136.761 -33.9812 -136.761  481.445  83.4222 -33.9812  83.4222  23.0433
-372   52    1 -372.571  52.9145  1.61631  132.856  532.029 -19.9247  532.029  5726.76  -139.64 -19.9247  -139.64  17.8345
-429   53    1 -429.374  53.8696  1.64058 73.0042  138.75 12.2999  138.75 478.535 20.4045 12.2999 20.4045 15.4494
-437   50    3 -437.355  50.8436   3.5285  58.4105 -9.14656 -6.08688 -9.14656  325.065  3.93305 -6.08688  3.93305  23.0578
-398   59    1 -398.482  59.0949  1.44235  238.237  316.584 -41.6001  316.584  772.111 -22.9887 -41.6001 -22.9887  25.4404
-442   58    1 -442.943  58.2106  1.60464  6013.64 -2040.08 -343.356 -2040.08  787.033  119.016 -343.356  119.016  26.4277
-382   56    1 -382.751  56.2039  1.45378   75.305 -1.59762 -6.57931 -1.59762  193.649 -11.1703 -6.57931 -11.1703  14.1212
-419   55    1 -419.768  55.8245  1.49819  73.3234 -13.4334   -12.39 -13.4334  296.137 -25.7585   -12.39 -25.7585  17.4224
-390   53    1 -390.318  53.0999  1.45803 39.3736 7.65579 1.84337 7.65579 272.788 28.8379 1.84337 28.8379 17.4385
-437   51    1 -437.358  51.0284  1.50709  450.322 -574.245  88.7206 -574.245   4808.9 -55.2266  88.7206 -55.2266  28.9535
-437   50    1 -437.37 50.9617  1.5657  231.338  665.083 -28.1058  665.083  4374.14 -85.0401 -28.1058 -85.0401  12.9445
-357   50    2 -357.348  50.4366  2.47874  435.633 -327.456  -570.32 -327.456  257.605  447.276  -570.32  447.276  842.865
-430   62    1 -430.71 62.1399 1.52704  36.8239 -25.0148 -9.67842 -25.0148  195.863 -12.1765 -9.67842 -12.1765  14.3981
-368   56    0  -368.68  56.0706 0.239067  267.807  828.443 -143.105  828.443  7803.05 -1328.99 -143.105 -1328.99  234.724
-371   70    0 -371.809  70.1401 0.234389  353.253 -357.243 -76.9318 -357.243   499.26  85.8393 -76.9318  85.8393  30.9223
-375   67    0 -375.852  67.1153 0.367707 171.001 248.917 5.40634 248.917 908.805 17.8882 5.40634 17.8882 6.21859
-445   54    0  -445.18   54.856 0.544698  908.522 -846.676 -69.6037 -846.676  1963.74  268.995 -69.6037  268.995  47.9724
-429   53    0 -429.26 53.9242 0.52859 225.201  248.39 4.56465  248.39 373.032  14.321 4.56465  14.321 5.69568
-359   54    2 -359.262   54.567  2.49429  158.685 -24.2752 -27.9095 -24.2752  808.506  285.864 -27.9095  285.864  117.409
-440   68    0 -440.401  68.6695 0.101809  2202.45  992.974 -77.8892  992.974  769.307 -15.2396 -77.8892 -15.2396  7.12318
-413   59    0 -413.853  59.3329 -0.13302   745.75  -484.27  74.5866  -484.27  680.856 -12.6686  74.5866 -12.6686  16.3202
-440   54    0  -440.77  54.2032 0.241414  554.162 -655.713 -39.8638 -655.713  2890.15  292.012 -39.8638  292.012   34.366
-390   53    0 -390.249  53.0617 0.342232  131.814  76.6239  5.08242  76.6239  676.523 -15.0545  5.08242 -15.0545  3.46107
-428   53    0  -428.837   53.6099 0.0819803 220.052 907.367 158.481 907.367 4503.06 787.655 158.481 787.655 142.751
-439   63    0 -439.132  63.1419 0.270399 2279.14 319.588 18.6061 319.588 434.028 24.8812 18.6061 24.8812 3.76722
-439   56    0  -439.647   56.9127 -0.142581  1346.32 -1569.12 -208.063 -1569.12  2383.34  240.849 -208.063  240.849  35.7951
-433   53    0   -433.627    53.6554 -0.0925269  1380.89 -1173.62  19.3359 -1173.62  2224.28  97.3753  19.3359  97.3753  13.9326
-372   53    0  -372.589   53.1476 0.0816489   16.6448  -17.6378   2.80263  -17.6378   99.4327 -0.361908   2.80263 -0.361908   4.32121
-369   51    0  -369.248   51.8552 0.0688222  57.5771  26.8119 -7.48704  26.8119  252.868  11.4732 -7.48704  11.4732  5.13883
-443   55   11 -443.151  55.4952  11.5433 930.531 295.711 536.976 295.711 4343.51 5707.94 536.976 5707.94 7557.67
-390   53    3 -390.48  53.107 3.48661   123.17 -194.061 -24.1484 -194.061  2596.44  1.81544 -24.1484  1.81544  14.3767
-359   55    0   -359.406    55.1594 -0.0103119    192.8  109.004 -4.66591  109.004  249.676  17.9817 -4.66591  17.9817  6.35265
-445   55    0  -445.168   55.0281 -0.545078  578.714 -341.974 -18.3765 -341.974  7533.84  844.629 -18.3765  844.629  118.549
-446   51    0  -446.211   51.0957 -0.321694 933.102 117.235 -74.865 117.235 1127.56 79.6719 -74.865 79.6719 17.3007
-447   50    0   -447.46   50.0815 -0.262972 493.393 878.061 92.8798 878.061 2568.51 343.554 92.8798 343.554 59.1628
-391   69    0   -391.787    69.5889 -0.0401619  269.919  -515.04 -15.2555  -515.04  1936.77  25.4737 -15.2555  25.4737  3.64764
-431   62    0  -431.348   62.2741 -0.660869   8.0699  7.73925  5.75505  7.73925  215.304 -5.34262  5.75505 -5.34262  20.4632
-437   51    0     -437.4    51.0969 -0.0879569  104.632 -35.2024 -7.94499 -35.2024  323.124  13.4707 -7.94499  13.4707  3.94058
-387   55    8 -387.109    55.85  8.47708 1139.78 882.709 28.5944 882.709 2302.96  354.03 28.5944  354.03 77.1815
-448   68    0  -448.297   68.2974 -0.377659   25.5087 -0.826818   2.33368 -0.826818   111.689   3.50636   2.33368   3.50636   2.45537
-352   65    0  -352.727   65.2835 -0.146465  57.5376 -49.6884  4.12939 -49.6884  361.347 -2.57844  4.12939 -2.57844  2.62086
-394   60    0 -394.424  60.1476 0.147319  135.099 -167.091  7.10481 -167.091   624.75 -5.15703  7.10481 -5.15703  3.21687
-414   59    0   -414.195     59.359 -0.0864046  297.48  295.78 17.1167  295.78 389.856 23.1966 17.1167 23.1966 3.58618
-443   58    0  -443.335   58.1648 0.0451365  59.929  64.583 3.33896  64.583 237.636 12.4398 3.33896 12.4398 3.41073
-443   58    1 -443.283  58.1097  1.55654   28.963  19.8039 -10.1665  19.8039  174.433 -8.37896 -10.1665 -8.37896  22.1364
-374   52    9 -374.638  52.4439  9.35751  1171.78  68.9818 -1258.59  68.9818  253.346 -136.525 -1258.59 -136.525  1375.35
-383   56    0 -383.129  56.2827 -0.75446 2380.01 6738.03 648.767 6738.03 24431.1 3003.38 648.767 3003.38 480.909
-387   56    0   -387.583    56.2703 -0.0750871  57.4138 -27.2725 -3.45633 -27.2725  324.333   18.938 -3.45633   18.938  4.18801
-419   55    0  -419.789   55.8404 0.0418199  111.393 -109.014  2.70376 -109.014  497.736 -1.74418  2.70376 -1.74418  3.00717
-409   54    0  -409.803   54.7912 -0.534453  2467.09  1360.72 -13.2915  1360.72  3573.01 -759.371 -13.2915 -759.371   205.45
-409   52    0  -409.62   52.869 -0.18235  455.742 -86.4925 -49.1966 -86.4925  595.191  40.6646 -49.1966  40.6646  9.31939
-372   52    0     -372.7    52.9061 -0.0390093   58.9511  -12.2005 -0.926484  -12.2005   504.043  -14.5111 -0.926484  -14.5111   3.89032
-389   52    0 -389.401  52.3884 -0.14132 64.5028 61.7085 7.21207 61.7085 84.5271 13.2602 7.21207 13.2602 6.03512
-441   50    0  -441.197   50.7533 -0.387853 493.286 493.857 66.4343 493.857 1481.88 82.2625 66.4343 82.2625 10.9153
-392   69    0   -392.031     69.622 -0.0719313  1035.72 -319.164 -7.07887 -319.164  587.604  7.29914 -7.07887  7.29914   3.2212
-438   70   -1 -438.654  70.3058 -1.07796  24.6788 -40.1411  341.037 -40.1411  158.729 -601.439  341.037 -601.439  8777.87
-437   50    2 -437.307  50.9247  2.53952  122.15 21.5604 12.3683 21.5604 367.077 6.08328 12.3683 6.08328 18.1913
-394   60    3 -394.41 60.0541 3.46115  368.543 -263.379  18.4035 -263.379  711.792 -43.6551  18.4035 -43.6551  12.8522
-396   71   -1 -396.507  71.2411 -1.25646 45.8692 66.9077 369.367 66.9077 208.424 730.863 369.367 730.863  5751.1
-429   54    0  -429.399   54.1164 -0.279173 37.7866 6.74494 -0.7659 6.74494  135.46 5.18293 -0.7659 5.18293  3.4395
-442   57    7 -442.896  57.7345  7.44954  2502.64 -3071.39  123.493 -3071.39  4277.93 -165.873  123.493 -165.873  13.0973
-445   55   -1 -445.156  55.1469 -1.37991 475.268 95.1015 27.1086 95.1015 19439.3 1070.49 27.1086 1070.49 79.5578
-402   60    4 -402.159  60.6859  4.51041 414.791 1.86188  137.99 1.86188 259.662 48.6705  137.99 48.6705  69.796
-442   53   13 -442.863  53.2156  13.5353  12846.6  5871.48 -523.187  5871.48  2968.52  127.397 -523.187  127.397  561.791
-377   51   -1 -377.163  51.7229 -1.23798   999.11   3223.7 -280.545   3223.7  12047.6  -978.34 -280.545  -978.34  95.3181
-416   50   -1 -416.427  50.9323 -1.30939  787.863 -941.815 -150.066 -941.815  3378.93  460.579 -150.066  460.579  80.8637
-445   54    1 -445.134  54.7515  1.22975   9282.7  4968.09 -892.987  4968.09  3080.82 -421.312 -892.987 -421.312  106.199
-429   53    8 -429.435  53.0977  8.36727 225.527  232.09 47.6494  232.09 1360.95 384.623 47.6494 384.623 126.991
-440   68   -1 -440.541  68.5558 -1.45808  49.0086  186.762 -137.172  186.762  949.309 -679.353 -137.172 -679.353  496.396
-436   67   -1 -436.591  67.6568 -1.58781  25.3063   5.5041 -30.3184   5.5041  488.248 -941.327 -30.3184 -941.327  1877.58
-401   61   -1 -401.759  61.1557 -1.43316  208.596 -319.219 -55.8728 -319.219  691.924  110.701 -55.8728  110.701  38.6322
-367   51   -1 -367.293    51.55 -1.55631  574.318 -920.975 -1143.24 -920.975  4086.39  3225.51 -1143.24  3225.51  3037.04
-380   61   -1 -380.327  61.0598 -1.38775  37.9225 -73.5161 -11.5604 -73.5161  1268.54  256.491 -11.5604  256.491  62.3677
-398   59   -1 -398.527  59.3512 -1.32078  81.5833 -128.951 -20.3506 -128.951  366.391   68.721 -20.3506   68.721  23.7625
-383   56   -1  -383.15  56.3067 -1.61146  119.798  54.0528 -5.40109  54.0528  88.4814  37.8347 -5.40109  37.8347  54.0109
-387   56   -1 -387.663  56.3406 -1.48239  63.2699  7.79069 -6.02581  7.79069  229.936  30.9711 -6.02581  30.9711  16.9966
-409   54   -1 -409.793  54.5842 -1.47888  893.379 -100.692 -40.1825 -100.692  203.926 -25.9337 -40.1825 -25.9337  18.3161
-388   53   -1 -388.496  53.8019 -1.47559  125.642  -230.95  20.4692  -230.95  2950.69 -324.092  20.4692 -324.092  47.4909
-409   52   -1 -409.726  52.9317 -1.47131 229.837 -231.22 3.03165 -231.22 594.775 -4.1705 3.03165 -4.1705 8.02269
-369   51   -1 -369.452  51.8564 -1.55542  13092.6 -1266.16  1400.07 -1266.16   1016.6 -28.0772  1400.07 -28.0772  176.353
-410   67    1 -410.395  67.6046  1.65641  429.035 -439.428  46.9451 -439.428  2081.75 -98.9312  46.9451 -98.9312  30.6469
-439   67   -1 -439.562  67.5195 -1.85802  14.1529  1.91799 -9.58241  1.91799  32.6995 -117.719 -9.58241 -117.719  525.765
-435   65   -1 -435.628  65.6933 -1.97597  67.0887  133.853  -100.77  133.853  350.135 -25.6762  -100.77 -25.6762    13281
-394   60   -1 -394.531  60.1991 -1.54655  163.657 -348.926  3.10327 -348.926  1145.46  13.5686  3.10327  13.5686  12.0054
-413   59   -1 -413.822  59.3968 -1.51677  313.272 -917.425 -58.8842 -917.425  3037.86  189.962 -58.8842  189.962  17.8739
-437   50    8 -437.592  50.5946  8.59491  121.824 -52.0991 -17.5171 -52.0991  1111.26  256.277 -17.5171  256.277  68.4331
-419   55   -1 -419.831  55.8664 -1.56622  358.142 -416.538 -31.2057 -416.538  799.103  24.7032 -31.2057  24.7032  12.0687
-429   54   -1 -429.406  54.1514 -1.57774 42.8919 1.24993 5.99325 1.24993 139.264  20.493 5.99325  20.493   19.55
-372   53   -1 -372.655  53.0603 -1.42808  276.189 -973.198  59.4057 -973.198  3720.35 -200.445  59.4057 -200.445  20.9768
-389   53   -1 -389.848  53.0327 -1.88306  205.537 -676.057 -10.7194 -676.057  14383.4 -868.718 -10.7194 -868.718  147.779
-404   59   -3 -404.345  59.3213 -3.80345  58.8013  31.8904 -179.537  31.8904  158.004 -245.042 -179.537 -245.042  1087.68
-417   59   -3  -417.66  59.1806 -3.85839 14.8143 7.73724 227.357 7.73724 49.4694 233.248 227.357 233.248 8893.45
-424   72    0   -424.18   72.3422 -0.336061  1480.46  756.914 -115.303  756.914  721.341 -145.922 -115.303 -145.922  40.3824
-419   53   -4 -419.372  53.6365  -4.5563  28.2011  160.546 -403.591  160.546  2362.88 -5839.07 -403.591 -5839.07  14842.2
-423   72    0   -423.829    72.3008 -0.0268054  1488.94 -1323.62 -371.531 -1323.62  1398.68  342.715 -371.531  342.715  96.3879
-402   58   -3 -402.383  58.4735 -3.84366  96.1183 -37.9587 -10.0152 -37.9587  99.0218 -811.418 -10.0152 -811.418  9091.16
-387   56   -3  -387.63  56.2592 -3.46817  76.2671 -97.1436 -21.5146 -97.1436  676.959  16.5359 -21.5146  16.5359  18.1119
-445   59   -3 -445.496  59.4754 -3.67204  33.6506 -4.45932  9.18258 -4.45932  47.0802 -41.3252  9.18258 -41.3252  43.2657
-440   54   -4 -440.436  54.4427 -4.10713  78.6951  1.84425 -59.7359  1.84425  8.82618  -2.5564 -59.7359  -2.5564  138.835
-372   53    1 -372.575  53.2264  1.35594  16.2708 -13.4467  4.16008 -13.4467  41.6288 -17.1113  4.16008 -17.1113  24.3309
-372   52    5 -372.372  52.9323  5.47308  220.014 -229.027  28.2808 -229.027  645.734 -23.0579  28.2808 -23.0579  13.9496
-430   61    5 -430.44 61.8145 5.40732  117.195 -125.445  4.53744 -125.445  299.118  4.39271  4.53744  4.39271  10.3197
-375   67   -1 -375.866  67.3185 -1.62905  5705.53 -3326.71  87.5912 -3326.71  2005.73 -31.0291  87.5912 -31.0291  16.2632
-424   50   -4 -424.514  50.6721 -4.46227   41.078 -37.2964  92.0659 -37.2964  64.3415 -121.855  92.0659 -121.855  296.804
-399   55   -4 -399.371  55.4886 -4.21937  13.3994  5.36354 -54.0252  5.36354  32.6709 -65.1275 -54.0252 -65.1275  1088.28
-443   58   -3 -443.469  58.2056  -3.4189  18.7504  26.6777 -10.7455  26.6777  145.671 -31.8686 -10.7455 -31.8686   19.802
-448   58   -4 -448.515  58.4708 -4.29578  15.4377 -8.36412  61.8103 -8.36412  90.2903 -580.734  61.8103 -580.734  4470.32
-439   56   -3 -439.318  56.2948 -3.93346  250.043 -360.681  1647.23 -360.681  674.803 -3071.44  1647.23 -3071.44  14344.8
-383   61   -1 -383.794  61.6924 -1.43969  805.209 -1679.35 -203.447 -1679.35   6356.3  629.076 -203.447  629.076  73.0942
-428   53   -3 -428.656  53.5954 -3.73178  344.824  265.348 -74.9489  265.348  243.603 -8.94093 -74.9489 -8.94093  93.4977
-383   61    0 -383.588  61.6646  0.10277  261.353  521.289 -2.93202  521.289  2064.65  29.8529 -2.93202  29.8529  3.49869
-449   63   -3  -449.55  63.5931 -3.53138  5.06473  8.38073 -43.1619  8.38073  184.774 -873.639 -43.1619 -873.639  4265.42
-437   51   -3 -437.693  51.3504  -3.4711   54.2046   35.9301 -0.798686   35.9301   313.606   9.98034 -0.798686   9.98034   16.4268
-390   53    5 -390.664  53.1965  5.73098  186.859 -122.394  4.02841 -122.394  1049.79 -34.9867  4.02841 -34.9867  22.2863
-437   50    7 -437.52 50.7406  7.5894 203.656 158.801 51.1233 158.801  342.11 70.4599 51.1233 70.4599 32.9448
-447   50   -3 -447.488  50.3956 -3.46117 260.009 269.195 25.5774 269.195  915.47 109.891 25.5774 109.891  28.929
-368   51    2 -368.711  51.6941  2.43611 430.677  499.94   13.87  499.94 608.983 18.8984   13.87 18.8984 31.3946
-389   52   -4   -389.6  52.6507 -4.27309  987.291  1293.55 -1151.49  1293.55   1712.3 -1536.38 -1151.49 -1536.38   1424.8
-442   56   -4 -442.532  56.7409 -4.09454  42.0478    41.69 -92.5705    41.69  210.998 -878.503 -92.5705 -878.503  4333.01
-436   50    9 -436.694  50.7525  9.38547  239.992  206.827 -25.8883  206.827  562.545  62.9379 -25.8883  62.9379  45.5389
-447   62   -3 -447.683  62.6074 -3.37336  849.532 -1206.44  406.145 -1206.44  1729.65  -576.09  406.145  -576.09  212.302
-428   53   -4 -428.562  53.1442 -4.07885  437.407 -680.975  1254.41 -680.975  1217.65 -2172.12  1254.41 -2172.12  4092.47
-441   57   -3 -441.391  57.8616 -3.62873  381.948   707.14 -211.154   707.14  1393.06 -421.464 -211.154 -421.464  146.853
-413   59    2 -413.927  59.1829  2.62346  591.814 -124.268  2.31627 -124.268  526.166  62.2556  2.31627  62.2556    16.94
-446   58   -4  -446.41  58.4066 -4.19986   82.557  109.122 -515.252  109.122   184.58 -788.207 -515.252 -788.207  4197.98
-416   51   -3 -416.461  51.0796 -3.70764  744.594  984.572 -32.6715  984.572  3316.29  13.5617 -32.6715  13.5617  11.9724
-440   53   -3 -440.353  53.8739 -3.38716 1620.23 2222.18 200.308 2222.18 3680.98 349.067 200.308 349.067 44.1246
-405   56   -4 -405.765  56.3643 -4.26354  42.3595  12.8789 -47.3461  12.8789  15.5572 -69.4491 -47.3461 -69.4491  2940.79
-445   56   -4 -445.486  56.5517 -4.39461  22.7986 -2.03721 -27.9309 -2.03721  20.5501 -41.0982 -27.9309 -41.0982  168.865
-359   53    4  -359.5 53.7977 4.53366  1311.97  -1903.5 -666.002  -1903.5  2783.01  969.803 -666.002  969.803  343.667
-448   68   -1 -448.386  68.2459  -1.6868  72.2889  14.9475 -15.2838  14.9475  231.143 -20.6642 -15.2838 -20.6642  30.3757
-448   68    5 -448.531  68.0527  5.16782  71.2825  -50.727 -28.8857  -50.727  558.654  28.0113 -28.8857  28.0113  77.1191
-436   50    7 -436.753  50.6425  7.50923  209.138  111.134 -31.1598  111.134  815.988  -34.253 -31.1598  -34.253  33.1398
-416   54   -3 -416.632  54.5584 -3.89376 595.829 152.855 1981.46 152.855 111.063 146.564 1981.46 146.564 8915.83
-401   61    0  -401.875   61.0631 -0.277275 598.281 980.849 26.2109 980.849 2031.37 42.4723 26.2109 42.4723 12.4414
-413   55   -4  -413.57  55.4503 -4.26361  9.72086 -7.26521  75.9962 -7.26521  72.5456 -641.331  75.9962 -641.331  8841.05
-419   55    7 -419.392  55.7884  7.51324 2065.86  3443.5 116.822  3443.5 8569.13 204.784 116.822 204.784 16.7272
-372   53    2 -372.419   53.073  2.38818  89.9768 -223.641  15.4069 -223.641  807.483 -72.9054  15.4069 -72.9054  17.7337
-441   55   -4 -441.434  55.4472 -4.21944  18.7811  12.4141 -20.8708  12.4141  20.7799   66.494 -20.8708   66.494  6782.77
-372   52   -1 -372.689  52.9065 -1.29067  43.1965 -83.8172  7.98127 -83.8172  604.562 -55.8354  7.98127 -55.8354  31.2997
-416   51   -4 -416.369   51.233 -4.60561 40.6866 -16.193 5.38822 -16.193 54.8328 12.8004 5.38822 12.8004 20.8077
-423   51   -4 -423.524  51.0876 -4.49838  233.319 -628.555  383.449 -628.555  2410.39 -628.305  383.449 -628.305  1064.93
-435   51   -4 -435.396  51.3333 -4.11234 29.4799 2.68354 61.1794 2.68354 13.0755 19.8569 61.1794 19.8569 355.473
-436   51   -4 -436.661  51.1737 -4.25183  172.149  251.105   -608.9  251.105  524.167 -506.013   -608.9 -506.013  4398.65
-390   59   -3 -390.487  59.6215 -3.75556   9.8074 -12.0597  79.3801 -12.0597  144.995 -964.377  79.3801 -964.377  6753.75
-366   50   -3 -366.505  50.6678 -3.15358 86.8844 48.1988 746.364 48.1988 53.1501 461.542 746.364 461.542 6996.42
-429   53   -3 -429.364  53.7824 -3.80944  10.5205  4.18068  -8.8863  4.18068  41.1168 -6.45721  -8.8863 -6.45721  41.7294
-447   58   -4 -447.402  58.5304 -4.24083  19.5881  3.24504 -59.9386  3.24504  57.1215 -312.742 -59.9386 -312.742  2135.88
-443   56   -4 -443.293  56.5538 -4.27026  1421.78 -1743.98  -533.74 -1743.98  2376.25 -319.001  -533.74 -319.001  4423.89
-415   55   -4 -415.497  55.3728 -4.27536  17.2435  9.42674 -22.7822  9.42674  34.2964 -238.152 -22.7822 -238.152  2272.88
-449   58   -4 -449.704  58.5506 -4.29573  17.4011  12.2675  13.4508  12.2675  250.041 -492.282  13.4508 -492.282  1479.17
-442   53   -4 -442.503  53.3643 -4.48031  298.897 -15.3395  32.4528 -15.3395  11.4877  4.53329  32.4528  4.53329  30.4074
-440   56   -4 -440.616  56.2473 -4.09211 536.793 340.137 2657.43 340.137  490.59 2324.54 2657.43 2324.54 14945.7
-414   59    3 -414.134  59.2259  3.52045 1207.62 888.839 76.3317 888.839 783.421 66.1177 76.3317 66.1177 17.9738
-441   51   -4 -441.255   51.372 -4.50516  18.4483 -20.8639 -26.1929 -20.8639  699.054  400.632 -26.1929  400.632  253.132
-413   52   -4 -413.516  52.3432 -4.61209 14.5951 8.63738 7.38609 8.63738 21.5925 14.7585 7.38609 14.7585 36.1347
-440   51   -4 -440.705  51.3657 -4.51093  11.0694 -3.09506  5.27391 -3.09506  99.5797  44.0833  5.27391  44.0833  43.2056
-440   55   -4 -440.414  55.3156 -4.03456 393.528 174.817 1335.86 174.817  84.258 600.327 1335.86 600.327 5067.23
-436   66   -1 -436.518  66.2389 -1.86418  229.997 -337.549  100.855 -337.549  4108.61 -6572.03  100.855 -6572.03  11609.5
-441   56   -4 -441.421  56.2439 -4.10218  117.918  149.005 -895.567  149.005  246.144  -1231.3 -895.567  -1231.3     7291
-446   52   -5 -446.323  52.4017 -5.03467  13.0459  11.4692 -141.109  11.4692  69.1333 -577.566 -141.109 -577.566  10604.9
-430   62   -1 -430.787  62.2312 -1.45801  244.462 -226.764  38.5286 -226.764  360.171 -30.0589  38.5286 -30.0589  19.3335
-445   53   -4 -445.744  53.1442 -4.55744   9.8428 -52.1504  5.05306 -52.1504  1236.91 -4.15485  5.05306 -4.15485  11.9348
-359   54    1  -359.3 54.8071  1.4352   185.09 -53.7955 -4.73908 -53.7955  170.728  3.69263 -4.73908  3.69263   12.938
-436   50   -4 -436.419  50.4246 -4.32662  106.396  126.555 -810.653  126.555  186.337 -1105.83 -810.653 -1105.83  6921.81
-443   57   -4  -443.33  57.3274 -4.06042  24.5648  44.9696 -201.949  44.9696   160.16 -665.932 -201.949 -665.932  3448.86
-410   67   -2 -410.262  67.5598 -2.18088  193.214 -334.504  645.891 -334.504  776.744 -1295.25  645.891 -1295.25  2602.49
-434   54   -3 -434.563  54.5833 -3.82341  41.9309  146.497  -472.98  146.497   635.15 -2049.99  -472.98 -2049.99  6809.98
-444   70   -1 -444.505  70.4787 -1.90277  499.227  491.031 -1954.83  491.031  500.572 -1958.68 -1954.83 -1958.68  7886.68
-394   60    1 -394.453  60.1351  1.59635 417.486 553.305 99.5793 553.305  1381.6 200.968 99.5793 200.968 43.4788
-435   53   -3 -435.456  53.3181 -3.76653   27.212 -35.1056 -19.7325 -35.1056  135.849   59.246 -19.7325   59.246  41.1476
-412   52   -4 -412.272  52.3391 -4.77707  61.8577  61.9437 -170.094  61.9437  77.7684 -224.682 -170.094 -224.682  1195.89
-442   54   -4 -442.548  54.3134 -4.46072  28.4736  32.7406 -298.872  32.7406  96.5844 -648.531 -298.872 -648.531  5230.53
-433   53   -3 -433.656  53.6988 -3.63715  139.339  54.6175 -6.50035  54.6175  38.9108  -10.457 -6.50035  -10.457  11.6789
-437   51   -1 -437.478  51.1894 -1.58379  79.5509 -28.1393 0.304887 -28.1393  193.375 -13.7955 0.304887 -13.7955  13.3014
-414   53   -4 -414.369  53.4804 -4.47409  106.245 -79.1187 -40.6688 -79.1187  65.6532  30.7381 -40.6688  30.7381   80.891
-419   55    6 -419.465  55.7984  6.48854  655.656  300.129 -8.11563  300.129  738.139 -22.9763 -8.11563 -22.9763  7.53876
-402   65    0 -402.105  65.0443 0.212129  338.492  812.203 -16.6439  812.203  3084.45 -58.2396 -16.6439 -58.2396  4.42243
-446   56   -4 -446.624  56.4934 -4.48559  42.6377  42.3297 -38.5673  42.3297   62.141 -23.4346 -38.5673 -23.4346   113.21
-418   67   -2  -418.78  67.5683 -2.52276 76.9948 46.5048 45.7987 46.5048 46.3887 35.3279 45.7987 35.3279 50.3748
-426   50   -2 -426.399  50.2704 -2.38755  31.1651  -13.263 -1.39742  -13.263  125.704  15.1561 -1.39742  15.1561  12.5374
-448   51   -5 -448.617  51.5557 -5.25207  24.9939  15.4929 -157.955  15.4929  23.2807 -146.238 -157.955 -146.238  1589.48
-445   52   -5 -445.686  52.4104 -5.02988  74.2117  43.4374   -33.53  43.4374  35.5692 -29.4976   -33.53 -29.4976  3030.63
-440   50   -4 -440.257  50.4951 -4.61651 78.2075 21.1881 11.2285 21.1881 17.9013  34.079 11.2285  34.079 144.054
-447   50   -4 -447.518  50.4571 -4.42164  417.657    438.9 -12.6151    438.9  2212.07  84.1692 -12.6151  84.1692  33.8182
-423   51    1 -423.683  51.4634   1.3104  55.1811  -166.93 -4.14388  -166.93  1111.04  76.4745 -4.14388  76.4745  15.6827
-422   51   -4 -422.597  51.2494 -4.66778  280.033  -907.81  667.713  -907.81   3019.5 -2211.53  667.713 -2211.53  1727.03
-437   51   -4 -437.613  51.3366 -4.14255  13.6811 -1.40779  12.7143 -1.40779   39.924 -31.2691  12.7143 -31.2691  116.317
-448   50   -5 -448.369   50.349 -5.37559  45.7111  49.4921 -249.646  49.4921  70.7665 -339.983 -249.646 -339.983  2100.43
-443   57    2 -443.214  57.9712  2.26549  144.926 -402.367  99.6134 -402.367  3990.15 -509.596  99.6134 -509.596  133.821
-368   55   -2 -368.562  55.7256 -2.59959  38.7431  26.0707 -13.8969  26.0707  50.6296 -21.9911 -13.8969 -21.9911  54.1108
-418   50   -4 -418.506  50.6415 -4.85839  17.0079  13.9692  -45.029  13.9692  26.5799 -71.3842  -45.029 -71.3842  284.218
-433   57   -3 -433.578  57.7577  -3.2908  353.672  -371.64  695.826  -371.64  971.167 -2838.05  695.826 -2838.05  9198.86
-400   55   -4 -400.427  55.5351 -4.24191  14.0581  2.37316 -35.6222  2.37316  84.5538 -288.003 -35.6222 -288.003  1178.96
-426   50    0  -426.382   50.0888 -0.583465   62.509  183.325 -22.1959  183.325  869.165 -67.6728 -22.1959 -67.6728  24.9991
-445   51   -5 -445.424  51.4282 -5.10634  47.3937  24.1014 -141.835  24.1014  25.2235 -96.8775 -141.835 -96.8775  667.835
-383   55   -3 -383.208  55.8413 -3.44284  2662.59 -545.762 -1630.62 -545.762  183.924  347.394 -1630.62  347.394  1023.05
-394   50   -4 -394.481  50.2742  -4.9096  52.7632  163.568 -471.143  163.568  725.654 -2365.75 -471.143 -2365.75  8598.63
-429   53    2 -429.407  53.8601  2.55374  104.117  146.105 -0.75934  146.105   614.54  5.70746 -0.75934  5.70746  11.0907
-446   50   -5 -446.594  50.4934 -5.24056   29.304 0.394499  33.7444 0.394499  27.3614 -409.743  33.7444 -409.743  17779.4
-444   51   -5 -444.513  51.3115 -5.04981  97.7366  162.075 -802.022  162.075  300.829  -1436.1 -802.022  -1436.1  7590.38
-445   52   -4 -445.358  52.3602 -4.96261  819.184  715.715 -2482.89  715.715  692.321 -1788.09 -2482.89 -1788.09    11455
-413   56   -4 -413.547  56.5982 -4.11604  9.15293 -13.5729  74.2719 -13.5729  170.684 -1061.77  74.2719 -1061.77  7553.76
-426   50   -3 -426.492  50.4031 -3.58634   29.6403   13.3342 -0.714884   13.3342   88.9032   14.0458 -0.714884   14.0458   12.8011
-402   55   -4 -402.567  55.5776 -4.30854  40.6314  90.7239 -267.728  90.7239  272.487 -977.312 -267.728 -977.312  4315.36
-419   51   -4 -419.372  51.5532 -4.74352  14.0436  8.96807 -47.2736  8.96807  113.031 -225.015 -47.2736 -225.015  595.375
-442   58    4 -442.968  58.0594  4.20581  2666.67 -3728.32 -671.348 -3728.32  7824.99  1355.44 -671.348  1355.44  278.086
-429   50   -4 -429.459  50.4143 -4.29483  16.8326 -24.5091  229.466 -24.5091  103.714 -664.545  229.466 -664.545   5253.9
-424   51   -3  -424.06   51.529 -3.62895  1087.78 -29.1675 -42.8234 -29.1675  566.942  40.9658 -42.8234  40.9658  20.5528
-415   51   -4 -415.554  51.7345 -4.80536  32.7796 -43.5169  225.208 -43.5169  307.068 -1061.63  225.208 -1061.63  4064.77
-369   53    0  -369.707   53.4463 -0.334694  3057.89  893.312 -312.613  893.312  1370.81 -71.7506 -312.613 -71.7506  35.8173
-444   51   -4 -444.472  51.5888 -4.98679  9.11036  9.80447  -8.0788  9.80447  62.9341 -267.837  -8.0788 -267.837  7116.86
-445   58   -4 -445.543  58.2765 -4.15175  37.2122  52.3362 -210.199  52.3362  111.709 -413.461 -210.199 -413.461  1701.79
-443   58   -1 -443.362  58.2336 -1.55071 35.6217 48.3198 9.21451 48.3198 156.225 18.2152 9.21451 18.2152 14.2633
-449   51   -5 -449.392  51.1921 -5.31232  30.0213 -16.0594  62.1728 -16.0594  29.3409 -55.3174  62.1728 -55.3174  487.743
-433   50   -3 -433.826  50.3407 -3.47169   260.512   482.827   1.06422   482.827   1262.57 -0.959373   1.06422 -0.959373   9.14296
-387   56    1 -387.481  56.2356  1.43038  69.3769 -52.1029 -15.8098 -52.1029  255.577  10.2873 -15.8098  10.2873  13.6135
-393   58   -3 -393.289  58.3651  -3.8666   136.41 -59.1642   32.615 -59.1642  236.837 -1159.63   32.615 -1159.63  6464.61
-443   53   -4 -443.464   53.472 -4.65761  105.892   78.264 -286.341   78.264  72.7437 -164.964 -286.341 -164.964  8978.45
-372   52   -2 -372.763  52.8307 -2.46788  37.5111 -28.3881 -6.00901 -28.3881   441.61 -19.3027 -6.00901 -19.3027  11.2486
-434   51   -4  -434.66  51.3896 -4.15706  78.1148  92.9323 -832.088  92.9323  142.661 -1136.33 -832.088 -1136.33  11590.7
-448   53   -4 -448.519    53.11 -4.50042  837.674 -273.493   505.51 -273.493  273.438 -150.608   505.51 -150.608  319.659
-423   50   -4 -423.365  50.5005  -4.7368  68.6295 -31.4712  48.0195 -31.4712     55.1 -111.048  48.0195 -111.048   402.11
-409   53   -3 -409.818  53.1642 -3.66476    138.3  13.4291 -36.3556  13.4291  2538.48   557.01 -36.3556   557.01   147.07
-447   50   -2 -447.516  50.3261 -2.63666 3990.78 373.601 203.577 373.601 3727.98 685.674 203.577 685.674 145.663
-412   53   -4 -412.625  53.4463 -4.64964   10.9545 -0.444083   15.1893 -0.444083   227.745  -1459.52   15.1893  -1459.52     10543
-423   72    2 -423.877  72.0923  2.50305 144.775 84.3654 21.5874 84.3654 473.694 25.3146 21.5874 25.3146 10.6667
-413   53   -4  -413.63  53.5306 -4.61715  421.045  -300.16  1425.87  -300.16  258.438 -1256.88  1425.87 -1256.88  6387.82
-444   55   -4  -444.77  55.7591 -4.35859  27.7082   17.665 -18.1194   17.665  58.4549  -29.736 -18.1194  -29.736  49.2545
-383   56   -3 -383.291  56.4028 -3.54172  178.124  170.105 -119.511  170.105  188.486 -112.049 -119.511 -112.049  91.2765
-414   55   -4 -414.329  55.4005 -4.26793  60.9955  36.9767 -54.4735  36.9767  79.5369 -710.236 -54.4735 -710.236  10975.7
-387   56   -2 -387.744  56.3659 -2.46445  35.1368 -20.2751  1.85391 -20.2751  268.295 -39.4538  1.85391 -39.4538  17.8743
-404   69    0 -404.127  69.0647 0.328981  1592.39   1724.2 -25.7953   1724.2  7286.08 -39.6397 -25.7953 -39.6397  8.21246
-434   57   -3 -434.756   57.374 -3.39394  218.631  -308.05  789.361  -308.05  829.175 -2863.86  789.361 -2863.86  10972.1
-410   53   -4 -410.589  53.4267 -4.61054  25.2136  5.84031 -170.153  5.84031  109.528 -729.964 -170.153 -729.964   6046.7
-415   53   -4 -415.605  53.4623 -4.36792   11.349  6.67944 -5.18336  6.67944  274.952 -398.032 -5.18336 -398.032  604.196
-413   58    8 -413.566  58.8283  8.40724  1034.08 -4169.18 -140.244 -4169.18  17397.8  602.429 -140.244  602.429  55.8151
-422   53   -4 -422.453  53.3519 -4.56107  23.6254  -8.1218  188.626  -8.1218  34.3556 -403.135  188.626 -403.135  8462.93
-418   55   -4 -418.419  55.2124 -4.33486  11.9013  -16.616  132.111  -16.616  73.4051 -240.313  132.111 -240.313  6873.57
-417   53   -4  -417.34  53.5224 -4.36806  136.582 -86.8637 -140.311 -86.8637   163.68 -206.986 -140.311 -206.986  1027.43
-409   53   -4 -409.724  53.3077 -4.41737  23.3729 -8.20325  14.8548 -8.20325  18.8942  5.25437  14.8548  5.25437  60.3623
-429   53    6 -429.494  53.7505  6.28662  191.56  127.57 49.0439  127.57 208.084 37.6962 49.0439 37.6962  27.224
-432   62   -2 -432.344  62.4691 -2.38054  330.432  165.382 -2225.59  165.382   126.62 -1217.51 -2225.59 -1217.51  15873.7
-447   54   -4 -447.367  54.6023 -4.79038  373.336 -361.925  1176.61 -361.925   365.37  -1094.4  1176.61  -1094.4  5912.77
-420   54   -4 -420.666  54.5389 -4.43156  14.3381 -18.7002  32.7816 -18.7002  56.0126 -110.238  32.7816 -110.238  312.911
-419   55    2 -419.721  55.8931  2.56854  438.651 -389.957 -8.20577 -389.957  1285.34 -85.1897 -8.20577 -85.1897  22.6672
-447   56   -4 -447.548  56.3436 -4.48015  16.7561 -36.9217 -18.8618 -36.9217  175.612  118.571 -18.8618  118.571  139.083
-397   55   -4 -397.382  55.7312 -4.20478  24.0777  62.9301 -299.331  62.9301  256.691 -1238.79 -299.331 -1238.79  6224.86
-387   56    2 -387.457  56.2136  2.47733 30.6718 24.5048 4.05535 24.5048 166.107 8.75741 4.05535 8.75741  14.003
-445   55   -4 -445.439  55.5438 -4.35378  144.352  91.6023 -142.391  91.6023  77.7576 -81.1943 -142.391 -81.1943   157.19
-425   50   -4 -425.467  50.5901 -4.31495  14.4261 -18.0305  32.9088 -18.0305  44.3418 -82.1754  32.9088 -82.1754  198.069
-351   64   -3 -351.413  64.4991  -3.8081  36.0581 -49.0936  448.444 -49.0936  105.222 -710.842  448.444 -710.842  7223.21
-409   52    3 -409.392  52.6923  3.32774 693.906 1236.86 63.6883 1236.86 5015.92  374.12 63.6883  374.12 39.9187
-441   64   -2 -441.426  64.7079 -2.70518  79.5835  182.386 -489.186  182.386   520.69 -1363.27 -489.186 -1363.27   3779.9
-382   56    0 -382.805  56.1982 0.177027  153.986 -70.1492  10.6979 -70.1492  79.7934 -4.67591  10.6979 -4.67591  4.57275
-441   53   -4 -441.461  53.7726 -4.44451  22.3471  23.0861 -96.1214  23.0861  110.705 -227.896 -96.1214 -227.896   1305.1
-419   55   -3 -419.882  55.8756 -3.47992  249.024 -243.083  37.8374 -243.083  576.356 -18.2009  37.8374 -18.2009   20.083
-409   54   -4 -409.621  54.3606 -4.36526 1714.01 2313.52 1515.75 2313.52 3146.35 2024.89 1515.75 2024.89 1484.38
-443   58    3 -443.208  58.1087  3.47198 47.6769 45.4501 14.7758 45.4501 128.574 9.29305 14.7758 9.29305 13.2261
-426   53    2 -426.251  53.1471  2.44684  73.2182 -19.9859 -39.0431 -19.9859  83.0916 -99.9511 -39.0431 -99.9511  327.185
-448   68    2 -448.384  68.1268  2.66096  167.175 -284.717  75.4663 -284.717  1052.52 -69.6008  75.4663 -69.6008  74.4616
-444   57   -4 -444.391  57.2633 -4.18787 16.3986 18.2636 -52.434 18.2636 43.9536 -146.92 -52.434 -146.92 655.335
-438   50   -4  -438.34  50.7976 -4.40829  59.1868  139.162 -544.395  139.162  473.884 -1648.84 -544.395 -1648.84  6079.41
-382   56    2 -382.764  56.1206  2.55965  81.0139 -159.334 -18.8149 -159.334  1077.24  44.1011 -18.8149  44.1011   34.548
-412   55   -4 -412.371  55.2325 -4.31577  971.383 -873.761   230.34 -873.761  822.737 -272.233   230.34 -272.233  647.643
-421   54   -4 -421.243  54.5239 -4.40727   93.655 -48.1002  255.417 -48.1002   58.523 -261.482  255.417 -261.482  1339.44
-443   57    3 -443.27 57.9471 3.39475  89.3101  111.647  3.92533  111.647  1538.46 -12.7118  3.92533 -12.7118  16.0873
-437   50    0 -437.345  50.9641 0.741013  684.496  3065.83  -51.987  3065.83  16819.6 -261.121  -51.987 -261.121  21.6196
-442   55   -4 -442.415  55.5471 -4.28389  343.881 -44.0749 -655.585 -44.0749  57.6152  -249.34 -655.585  -249.34  3720.12
-435   61   -2  -435.42  61.5125 -2.62975  35.9592  66.6862 -297.425  66.6862  199.668 -791.016 -297.425 -791.016  3399.05
-413   59   -2 -413.831  59.3939 -2.55496  4043.78 -3288.61 -210.764 -3288.61  2759.77  153.313 -210.764  153.313  22.3271
-429   54    1 -429.408   54.055  1.17797  15.4845  9.53508 -17.0473  9.53508  404.261 -92.7515 -17.0473 -92.7515  162.122
-372   52   -3 -372.554   52.584 -3.31792  54.0742 -46.7283  78.5949 -46.7283   82.153 -96.4231  78.5949 -96.4231  147.923
-410   67    0  -410.442   67.6234 0.0878741  133.621  47.6439 -9.84105  47.6439  292.233  17.9507 -9.84105  17.9507  6.21099
-429   54   -3 -429.569   54.208 -3.45692  39.7031  61.8134 -25.7513  61.8134  264.859 -67.7919 -25.7513 -67.7919  39.4243
-420   55   -3 -420.088  55.8979 -3.36864 641.342 93.3189 67.8964 93.3189 1189.04 -177.26 67.8964 -177.26 54.4485
-414   59   -1 -414.155  59.4388 -1.49298 3201.72 2758.53 21.4246 2758.53 2518.16 24.6365 21.4246 24.6365 11.1868
-399   58   -3 -399.522  58.6541 -3.70527  239.111 -135.656 -2537.54 -135.656   712.96 -1087.53 -2537.54 -1087.53  48676.8
-430   62   -2 -430.635  62.3112 -2.30932  103.841  -70.701 -42.2476  -70.701  172.984  183.348 -42.2476  183.348  423.869
-441   52   -4 -441.637  52.3618 -4.48883 18.3049 10.9627 -1.3826 10.9627 38.4153 -33.517 -1.3826 -33.517 51.3728
-431   55   -3 -431.788  55.3581 -3.66788  138.269 -94.2579  118.477 -94.2579  354.282 -1109.71  118.477 -1109.71  4302.94
-426   50   -1 -426.361   50.169 -1.72563  55.0327 -14.6509 -8.98931 -14.6509  94.9094  30.6952 -8.98931  30.6952  31.6006
-424   61   -3 -424.295  61.4556  -3.4599 69.9608 7.68921 208.072 7.68921  1204.1 -2781.7 208.072 -2781.7 7309.71
-448   62   -3 -448.606  62.1507  -3.5924 7.47872 6.65946 6.01718 6.65946 47.4945 14.2035 6.01718 14.2035 23.7824
-359   55   -2 -359.572   55.295 -2.56279  202.859 -158.243  4.42051 -158.243  867.142  119.789  4.42051  119.789  31.6706
-368   52   -2 -368.798  52.0512   -2.752  45.7039  210.645  -35.864  210.645  1595.41 -238.036  -35.864 -238.036  58.2993
-448   68   -2  -448.42  68.2611 -2.23484 9.46013 -4.4422 11.1919 -4.4422 359.136 224.526 11.1919 224.526 231.089
-372   52    4 -372.315  52.9374  4.32032  64.4206 -137.342  3.26566 -137.342  1030.15 -76.1333  3.26566 -76.1333   19.183
-414   52   -4 -414.417  52.5209 -4.72151   21.5498 -0.999618   97.1087 -0.999618   25.8005  -168.178   97.1087  -168.178   2176.54
-447   50   -5 -447.482  50.3376 -5.31687  263.362  274.791  -1730.5  274.791  331.998 -1912.13  -1730.5 -1912.13  12634.7
-410   59   -3  -410.27  59.5984 -3.62844  77.8239  100.414 -89.2044  100.414  148.839 -174.818 -89.2044 -174.818  882.672
-352   65   -3 -352.823   65.294 -3.23431  238.484 -235.549  19.4071 -235.549  1017.12 -244.562  19.4071 -244.562  84.4554
-373   52   -3 -373.077  52.7652 -3.34361    457.8  363.016 -192.719  363.016  2021.58 -145.067 -192.719 -145.067  109.282
-359   55   -3 -359.609   55.315 -3.32078  407.308 -326.904 -117.708 -326.904  537.394   22.687 -117.708   22.687  112.364
-438   52   -2 -438.202  52.4719 -2.41055  8584.24  24.0931 -981.012  24.0931  8691.36  210.484 -981.012  210.484  126.158
-436   57   -3 -436.421  57.7719 -3.46146  28.3639 -19.9507 -59.4573 -19.9507  185.065 -135.698 -59.4573 -135.698  664.204
-371   52    6 -371.682  52.7895  6.47633  55.6119  14.3004 -20.9854  14.3004  167.366 -5.98047 -20.9854 -5.98047   21.614
-407   60   -3 -407.296  60.6482 -3.56211  862.793 -2448.63  840.704 -2448.63  7207.98 -3283.56  840.704 -3283.56  5445.15
-419   55    9 -419.188  55.6103  9.52243  1842.43 -2487.67 -240.344 -2487.67  6014.12  386.661 -240.344  386.661  40.0853
-443   54   -4 -443.692  54.4069 -4.40771  177.501 -172.312  35.8188 -172.312  459.577 -197.326  35.8188 -197.326  153.324
-430   57   -3 -430.533  57.4383  -3.3994  1068.08  -887.14  683.331  -887.14  802.084 -1119.42  683.331 -1119.42   5966.3
-368   50   -3 -368.332  50.5299 -3.13081  140.702 -158.025  -135.66 -158.025  225.434  272.358  -135.66  272.358  598.129
-359   55    1 -359.296   55.149  1.55854  266.878 -215.109  31.1532 -215.109  326.215 -51.8989  31.1532 -51.8989  30.2109
-372   53    5 -372.182  53.0309  5.30304  288.912 -729.333  -80.615 -729.333  4193.21  244.188  -80.615  244.188  35.9209
-389   53   -3 -389.828  53.0917 -3.40175  44.0235 -55.7366 -2.14615 -55.7366  546.197  7.21371 -2.14615  7.21371  10.6647
-426   60   -3 -426.423  60.3282 -3.30743  101.412 -135.555  771.774 -135.555   200.56 -1103.07  771.774 -1103.07  6361.88
-352   65   -2 -352.648  65.2705 -2.40421  111.946 -192.588 -5.49194 -192.588  2499.82  250.069 -5.49194  250.069  43.1293
-435   58   -3 -435.602  58.4165 -3.22061  35.6237  48.0559 -261.665  48.0559   107.52 -529.398 -261.665 -529.398  2825.23
-439   59   -3  -439.54  59.6423 -3.36818 812.048 971.544 1375.34 971.544  1184.3 1600.97 1375.34 1600.97 8019.55
-389   51    2 -389.411  51.8202  2.69367  194.284 -135.298 -55.6581 -135.298  113.847  54.8947 -55.6581  54.8947  49.5203
-435   50   -4 -435.548  50.4144  -4.2656  10.8894  5.42405 -58.8727  5.42405  26.6062 -90.2278 -58.8727 -90.2278  1241.84
-448   56   -4 -448.415  56.2295 -4.61049  32.6241 -67.9884  90.8534 -67.9884  236.958 -501.056  90.8534 -501.056  1797.22
-445   57   -4   -445.4  57.4916 -4.29457  105.201  16.8001 -353.023  16.8001  33.4403 -140.084 -353.023 -140.084  1514.53
-394   64   -2 -394.211  64.2618 -2.54114 3289.58 3318.75 35.6246 3318.75 3373.43 54.6901 35.6246 54.6901 36.5609
-411   50   -4 -411.536   50.901 -4.88118  46.9667 -1.37429 -528.816 -1.37429  414.925 -514.667 -528.816 -514.667  7872.99
-389   52    1 -389.326  52.1457  1.53674   102.74 -69.4954 -27.5772 -69.4954  368.677  33.5872 -27.5772  33.5872   24.217
-440   60   -3 -440.612  60.2692 -3.31128  35.9393  165.906 -38.6046  165.906  3439.52 -256.561 -38.6046 -256.561  148.937
-443   56   10 -443.122  56.6596  10.4423  3988.43  538.148 -235.854  538.148  395.725  245.139 -235.854  245.139  258.589
-409   52    1 -409.492  52.7424  1.50943   6316.4  8832.17 -819.505  8832.17  12507.3 -1113.65 -819.505 -1113.65  138.064
-439   52   -4 -439.638  52.5528 -4.27235  1027.16 -1759.92  568.552 -1759.92  3086.87  -1041.9  568.552  -1041.9  407.744
-431   58   -3  -431.16   58.483 -3.14668   80.088 -47.7029  239.457 -47.7029  190.168 -956.002  239.457 -956.002  4945.44
-410   58   -3 -410.485  58.3887 -3.49695  137.447 -85.6002  2.32873 -85.6002  110.152 -20.3279  2.32873 -20.3279  14.1117
-367   50   -3 -367.568  50.5669 -3.17955   565.84 -535.171  2025.06 -535.171  522.959 -1953.23  2025.06 -1953.23  7560.05
-449   57   -4 -449.355  57.5247 -4.44141   35.643  70.8216 -365.012  70.8216  232.438 -1144.71 -365.012 -1144.71  6015.31
-390   52   -1 -390.186  52.9049 -1.40022  411.996 -560.343  30.3515 -560.343  817.782 -50.6496  30.3515 -50.6496  14.5682
-431   62   -1 -431.112  62.1995 -1.64661  220.971  216.688  -39.701  216.688  2589.62 -390.485  -39.701 -390.485  84.0094
-401   56   -4 -401.421  56.6415 -4.15251  701.421  729.323 -501.836  729.323   814.77 -775.143 -501.836 -775.143  2260.58
-390   52    0 -390.135  52.9507 0.123165  238.937 -112.261  37.7165 -112.261  643.409 -31.8829  37.7165 -31.8829  10.4404
-419   54   -4 -419.734  54.4768 -4.45031  72.0668  3.60164  3.07525  3.60164  123.879 -312.155  3.07525 -312.155  1045.73
-432   58   -3 -432.414  58.6643  -3.0922    33.6021 -0.0445477   -84.5952 -0.0445477    225.808   -1013.66   -84.5952   -1013.66    5072.08
-446   55   -4 -446.405  55.6223 -4.59318 43.7396 66.8639 106.853 66.8639 181.811 539.792 106.853 539.792 2307.85
-423   51   -1 -423.947  51.5226 -1.53877  1549.49  1456.92 -150.691  1456.92  8022.23 -86.7758 -150.691 -86.7758  23.5382
-426   50   -4 -426.661  50.4194 -4.23539  26.7005  20.0642 -18.6463  20.0642  59.8577 -24.5597 -18.6463 -24.5597  60.9435
-369   51    1 -369.108  51.8388  1.59534  414.947  1357.43 -118.068  1357.43  13545.5 -683.979 -118.068 -683.979  57.5194
-437   50   -4 -437.564   50.569  -4.3854   63.292  145.831 -612.205  145.831  469.279 -1942.51 -612.205 -1942.51  8353.74
-430   61    3 -430.55 61.8888 3.67536 571.533 1663.28 180.534 1663.28 12476.4 1099.21 180.534 1099.21 113.854
-419   55   -2 -419.887  55.8868 -2.37825 219.171 18.1122 19.3955 18.1122 984.233 69.3301 19.3955 69.3301 17.7395
-447   51   -5 -447.469  51.5728 -5.18349  17.0828  20.2947 -91.9366  20.2947  72.3082 -298.403 -91.9366 -298.403  1543.37
-389   52   -1 -389.438  52.5996 -1.49854 27.4783 30.6586 4.38122 30.6586 55.5396 7.27123 4.38122 7.27123 10.3313
-423   50   -2 -423.386  50.4926  -2.4632  4977.83 -20.5342   631.44 -20.5342  5052.84  161.542   631.44  161.542  90.5761
-371   50   -2 -371.248  50.3911 -2.71721 679.255 471.347 78.6912 471.347 886.729 200.044 78.6912 200.044 61.0444
-437   51   -2   -437.6   51.273 -2.42637  86.5135  45.4851 -12.1654  45.4851  215.828  17.1262 -12.1654  17.1262  15.4989
-418   51   -4 -418.564  51.4017  -4.6261  26.9477 -1.79637  129.191 -1.79637  23.5105 -109.884  129.191 -109.884  1315.06
-390   53   -2 -390.125  53.0814 -2.50512 151.145 80.7205 20.5315 80.7205 236.239  39.553 20.5315  39.553 14.6633
-369   53   -2 -369.759  53.3912 -2.57659  961.895  556.122 -45.7502  556.122  570.233 -49.6409 -45.7502 -49.6409  14.4091
-447   52   -5 -447.515  52.3182 -5.06406  70.7129 -24.1215 -410.592 -24.1215  28.2053  411.895 -410.592  411.895   9956.2
-420   55   -2 -420.088  55.9215  -2.7058 502.778 158.574 10.9771 158.574 455.585 33.3981 10.9771 33.3981 32.5434
-401   61    1 -401.86 61.0279 1.47017  392.283 -667.314  5.74123 -667.314  8117.48  432.065  5.74123  432.065  36.3986
-443   58   -2 -443.393  58.2475 -2.55123  32.7589  43.9312 -4.89547  43.9312  153.567 -13.3085 -4.89547 -13.3085  11.2866
-423   54   -4  -423.43  54.4128 -4.26286 36.8269 5.27962 198.176 5.27962 21.9242 13.4336 198.176 13.4336 1362.31
-401   61   -2 -401.885  61.2037 -2.40216 2887.31 2865.68 27.9203 2865.68 3130.55  1.5049 27.9203  1.5049 8.65906
-448   52   -5 -448.321   52.652 -5.09644   22.006  20.9392 -228.949  20.9392  45.5274 -434.762 -228.949 -434.762  5297.35
-447   62   -2 -447.827  62.5899 -2.44275 444.784 583.887 94.0555 583.887 2856.66  353.32 94.0555  353.32 53.1989
-438   64   -2 -438.527  64.2391 -2.51803  72.3011   162.12 -563.103   162.12  406.658 -1427.71 -563.103 -1427.71  5290.69
-439   50   -4 -439.731  50.5245 -4.60276   135.56  186.515 -911.077  186.515  320.374 -1221.37 -911.077 -1221.37  6705.94
-430   62    0  -430.871   62.1985 -0.294549   150.26 -239.879 -12.0457 -239.879    871.3  30.4307 -12.0457  30.4307  4.63487
-429   54   -2   -429.5  54.2588 -2.54918 44.0711  36.966 7.14317  36.966 173.404 4.65335 7.14317 4.65335 14.5042
-433   50   -2 -433.821  50.2883 -2.63751 186.105 124.269 9.58204 124.269 431.506 42.9346 9.58204 42.9346 22.8616
-389   52   -2 -389.357  52.5171 -2.49217   1622.7  2813.65 -86.4791  2813.65  6428.43  45.5335 -86.4791  45.5335  37.7036
-439   57   -2 -439.608  57.0841 -2.51382  504.824 -291.173  45.2615 -291.173  1411.87  9.86806  45.2615  9.86806  15.8144
-398   59   -2 -398.651  59.4325 -2.25498  82.6232 -74.6871 -44.9362 -74.6871  305.656   76.715 -44.9362   76.715  43.8974
-434   60   -2 -434.656  60.4712 -2.58326  38.6057 -15.1296   9.2828 -15.1296   37.814 -11.0378   9.2828 -11.0378  31.4299
-436   61   -2 -436.207   61.137 -2.81284  118.672  80.2029  20.5754  80.2029  128.822 -85.8812  20.5754 -85.8812  748.816
-449   50   -5 -449.561  50.4969 -5.38572  23.2278  6.48387 -94.6533  6.48387   26.704 -128.597 -94.6533 -128.597  1107.21
-446   57   -4 -446.516  57.6425 -4.36191  46.1986  53.2354 -252.828  53.2354  114.462 -425.764 -252.828 -425.764  1867.05
-442   57   11 -442.74  57.559  11.279  156.703 -338.168  62.9953 -338.168  1344.75 -34.3439  62.9953 -34.3439  90.8909
-389   52   -3 -389.521   52.716 -3.55897 98.9719 157.222 23.1991 157.222  307.31 36.1487 23.1991 36.1487  16.897
-398   59   -3 -398.739  59.4913 -3.18438  93.3275  80.1756 -58.9914  80.1756  163.858 -111.332 -58.9914 -111.332   105.55
-445   55   -2 -445.194   55.279 -2.57193  773.239  -1415.7 -122.846  -1415.7   3880.1  356.198 -122.846  356.198  45.3823
-414   59   -2 -414.186   59.455 -2.44683 150.825 95.4054 19.6427 95.4054 174.831 5.40635 19.6427 5.40635  15.392
-382   55    4 -382.437  55.9491  4.45896  225.027 -564.828  49.6707 -564.828  5787.42 -362.673  49.6707 -362.673  38.1853
-449   62   -3 -449.412  62.4409 -3.71797  97.0684  140.669  -747.12  140.669  233.572 -1217.53  -747.12 -1217.53  6570.39
-398   59    0  -398.592   59.1778 -0.136709  60.9279  -47.122 -5.56487  -47.122  266.204  24.6661 -5.56487  24.6661  6.59308
-359   55   -1 -359.555  55.2772 -1.38974  226.688 -589.976  61.1586 -589.976  1887.64 -167.765  61.1586 -167.765  23.5774
-368   51   -2 -368.471  51.9123 -2.40894  178.499 -336.446 -228.053 -336.446  1127.28  481.479 -228.053  481.479  332.547
-431   62   -2 -431.625   62.302 -2.31826  22.638 53.3141 19.3569 53.3141 257.116 48.2572 19.3569 48.2572 48.6465
-380   61    0  -380.247   61.0657 -0.160548  44.4448 -40.8275 -7.85079 -40.8275  441.423 -4.95737 -7.85079 -4.95737  4.21522
-417   51   -4  -417.61  51.4228 -4.69689  149.681  264.917 -856.018  264.917  496.654 -1566.29 -856.018 -1566.29   5122.5
-440   50   -3 -440.963  50.8957 -3.37216  3715.26 -651.462 -323.523 -651.462  844.581  181.714 -323.523  181.714  62.2081
-387   56    3 -387.372  56.1072  3.52928  98.4976 -121.604 -6.14092 -121.604  408.932  4.00621 -6.14092  4.00621  16.4741
-372   52    8 -372.351  52.7525  8.40166   144.661 -0.547725  -38.4039 -0.547725   22.6763   2.89558  -38.4039   2.89558   16.5499
-366   50    0  -366.382   50.7255 -0.182258 61.5913 77.3856 9.07932 77.3856 182.495 28.0806 9.07932 28.0806 8.29979
-403   55   -4 -403.565  55.2478 -4.35776  159.422  43.3182 -255.102  43.3182  26.3199 -157.676 -255.102 -157.676  1327.73
-438   66   -2 -438.432  66.5966 -2.04736 206.969 320.417 495.112 320.417  1120.6  3865.2 495.112  3865.2 17727.7
-440   54   -3 -440.315  54.4409 -3.64719   62.6379  -2.78128   18.2942  -2.78128   27.1697 -0.233385   18.2942 -0.233385   13.7616
