-480   57   13 -480.297  57.7048  13.4009   577.23 -235.751  272.374 -235.751  123.056  -98.856  272.374  -98.856  164.245
-509   50   12 -509.148  50.2451  12.4751 346.083 351.903 212.379 351.903 937.158 508.046 212.379 508.046 296.684
-453   51   11 -453.506  51.4023  11.6349  48.9005 -166.257 -247.383 -166.257  2018.09  1665.77 -247.383  1665.77  1835.68
-454   51   11 -454.508  51.5486  11.4774  48.7293  7.73793 -102.122  7.73793   140.57  82.3331 -102.122  82.3331  339.924
-480   57   11 -480.578  57.6505   11.667  127.613 -140.592  14.1384 -140.592  275.251 -50.4391  14.1384 -50.4391  22.3871
-455   52   10 -455.273  52.6135  10.6417  199.61 176.359 81.5635 176.359 220.516 155.095 81.5635 155.095 164.809
-527   50   10 -527.283  50.1771  10.3697  52.1773 -147.879  26.0349 -147.879  731.868 -162.565  26.0349 -162.565  49.9486
-508   51   10 -508.637  51.0976  10.1666  243.198  422.583 -53.0384  422.583  1101.94  231.399 -53.0384  231.399  418.326
-481   73    9 -481.507  73.1107  9.68676  703.962 -2177.92 -133.449 -2177.92  8041.81  487.746 -133.449  487.746   129.22
-455   53    9 -455.919  53.8233  9.45583 3027.18 2599.55 1475.12 2599.55 2843.47 1695.68 1475.12 1695.68 1040.54
-525   50    9 -525.833   50.043  9.34037  101.184 -6.26818 -3.19085 -6.26818  3905.42  637.246 -3.19085  637.246  154.932
-457   55    9 -457.904  55.6049  9.40969 370.783 585.323 311.334 585.323 2962.39 1629.21 311.334 1629.21 901.673
-455   54    9 -455.635  54.6545  9.32702   501.03  -62.706 -430.362  -62.706   42.261  31.4284 -430.362  31.4284  402.936
-508   51    9 -508.575  51.4399  9.41532  54.441 81.3436 49.9693 81.3436 554.816 240.093 49.9693 240.093 125.285
-536   67    8 -536.612  67.6127  8.68261  367.669 -680.475 -135.552 -680.475  1379.92  279.973 -135.552  279.973  98.8704
-456   54    8 -456.236  54.3895  8.65274 53.5397 76.8166 13.5433 76.8166  380.69 55.3812 13.5433 55.3812 18.7487
-457   56    8 -457.566   56.161  8.31184 225.589 1041.27 591.031 1041.27 8288.03  4856.5 591.031  4856.5  2886.6
-481   57    8 -481.075  57.7195  8.50506   5611.2  1438.19 -600.737  1438.19  449.817 -170.917 -600.737 -170.917  75.1081
-506   52    7 -506.196  52.6195  7.93072   75.352 -230.234  1.53165 -230.234  4523.21  1267.98  1.53165  1267.98  563.623
-530   68    7 -530.762  68.4074  7.59411  2742.02 -11203.7  493.687 -11203.7  47348.3 -2285.77  493.687 -2285.77  220.522
-508   50   11 -508.846  50.6501  11.5314  144.21 179.585 98.7063 179.585 642.677  260.82 98.7063  260.82 143.774
-536   67    7 -536.532  67.6436  7.55495  254.455 -428.536 -53.5013 -428.536  858.503  119.318 -53.5013  119.318  36.8399
-525   61    7 -525.545  61.1184  7.40562   61.4756  -34.9792 -0.225059  -34.9792   560.879  0.755703 -0.225059  0.755703   6.51716
-456   57    7 -456.756   57.176  7.27422  231.619 -507.486  80.1172 -507.486  1579.06  -160.34  80.1172  -160.34  36.9949
-507   51    7 -507.909   51.619  7.42631 7450.64 2932.25 1360.36 2932.25 4476.83 692.547 1360.36 692.547 265.592
-525   50    7 -525.724  50.4543  7.41369  114.908 -150.849 -46.5722 -150.849  405.118  97.4185 -46.5722  97.4185  37.9693
-511   56   -3 -511.585  56.5487  -3.0666  13.2923 -14.7433   78.184 -14.7433   168.57  -664.69   78.184  -664.69  2884.51
-536   67    9 -536.642   67.559  9.79479   469.83 -866.134  18.2122 -866.134  2003.89 -77.5372  18.2122 -77.5372  16.4922
-516   58    2 -516.805  58.1856  2.75928  637.271  102.205  35.0836  102.205  337.734 -18.9655  35.0836 -18.9655  23.7024
-481   57    6 -481.107  57.9018  6.16114 285.679 170.298 18.9654 170.298 644.429 304.555 18.9654 304.555 244.448
-524   56   -2 -524.599  56.7592 -2.95315  53.6102 -162.537  651.496 -162.537   765.39 -3221.76  651.496 -3221.76  14557.4
-500   59   -2 -500.649  59.4664 -2.46804  42.6826 -38.6172 -27.3805 -38.6172  90.0537  32.5791 -27.3805  32.5791  50.6455
-516   58   -2 -516.674  58.3569 -2.62163  18.9134  3.26386  22.4248  3.26386  15.8312 -2.44115  22.4248 -2.44115  580.159
-479   50   -4 -479.438  50.2622 -4.80164  36.4769 -146.215  382.927 -146.215  797.766 -2115.04  382.927 -2115.04  8790.32
-452   62   -3 -452.322  62.5512 -3.73002  23.7983  12.8688 -24.0498  12.8688  83.4103  194.555 -24.0498  194.555  1542.17
-537   56   -2 -537.471  56.3089 -2.62452  98.9356 -28.3609 -231.017 -28.3609  77.3115 -473.727 -231.017 -473.727  5235.11
-460   52   -2 -460.296  52.7663 -2.32561  974.957  485.018 -156.622  485.018  371.434 -102.231 -156.622 -102.231  62.4457
-481   58    0  -481.381   58.2225 -0.143171   33.5353    35.356 -0.517219    35.356   200.295     25.38 -0.517219     25.38   9.90888
-535   51    3 -535.488  51.3748  3.48069  29.0376  1.74504 -8.46073  1.74504   16.989  9.19705 -8.46073  9.19705  82.4442
-466   63   -3 -466.314  63.6142 -3.84549  35.0917  22.2604 -173.451  22.2604  270.376 -1976.42 -173.451 -1976.42  15915.7
-475   50   -5 -475.719  50.7377 -5.18176  27.2737  10.8554  17.4326  10.8554  43.9069 -54.0433  17.4326 -54.0433  618.477
-518   58   -2 -518.557  58.7735 -2.66872  14.6588 -22.6245  -16.824 -22.6245  542.019  -1433.8  -16.824  -1433.8  4728.23
-547   50    7 -547.82 50.5179 7.49604  242.957 -139.005  20.9146 -139.005  113.809 -7.88243  20.9146 -7.88243  14.2316
-476   61   -3 -476.577  61.3681 -3.85836  64.6443 -19.1317  452.224 -19.1317  31.5401 -266.179  452.224 -266.179  4096.47
-531   50   -3 -531.393  50.5549 -3.54809 30.9522 -1.8607 276.636 -1.8607 12.2897 -35.224 276.636 -35.224 5786.05
-540   55   -2 -540.678  55.2774  -2.7487  26.2912 -40.9874  144.944 -40.9874   747.79 -3521.38  144.944 -3521.38  17498.4
-526   51   -2 -526.177  51.8569 -2.51909  97.3579 -133.696 -7.61783 -133.696  676.431  45.8124 -7.61783  45.8124  72.8833
-506   58   -2 -506.329  58.5073  -2.6845  31.8727 -4.13194  23.6517 -4.13194  75.3157 -142.897  23.6517 -142.897  305.925
-507   51   -3 -507.541  51.4118 -3.76648   28.666 -8.01834 -28.4925 -8.01834  18.8881 -96.9722 -28.4925 -96.9722  1066.94
-513   55   -2 -513.409  55.1865 -2.38849 2757.79 3508.54 499.101 3508.54 6648.29 1072.48 499.101 1072.48 187.226
-507   52    4 -507.832  52.0889  4.55345  1579.54 -3778.02 -1046.19 -3778.02   9671.4   2450.9 -1046.19   2450.9   812.91
-518   54   -2 -518.517   54.539 -2.47794  65.0577  78.6392 -1.91403  78.6392  152.408  3.54257 -1.91403  3.54257  6.94557
-455   51   -5 -455.584  51.1799 -5.31064   67.116  59.3158 -565.538  59.3158  76.7188 -423.942 -565.538 -423.942  6941.49
-518   50   -4  -518.63  50.5547 -4.23581  40.7639 -73.5317   248.38 -73.5317  168.955 -548.103   248.38 -548.103  1908.82
-487   61   -2 -487.724  61.2401 -2.83933  69.9843  8.29835  59.2339  8.29835   81.519 -56.8688  59.2339 -56.8688  272.497
-490   60   -2 -490.697  60.4155 -2.91072  186.285 -201.807   942.71 -201.807  243.807 -1119.21   942.71 -1119.21  5269.49
-481   58   -2  -481.46  58.3478 -2.52308  19.3618 -3.35994 -4.57336 -3.35994  66.8106 -5.69764 -4.57336 -5.69764  16.1759
-473   53   -4 -473.324  53.8223  -4.7514  12.4258 -1.19392   8.2328 -1.19392  19.7221  -35.882   8.2328  -35.882  128.639
-516   57   -2 -516.557  57.5919 -2.84814 12.5522 2.12883 -5.3144 2.12883 458.129 409.144 -5.3144 409.144 411.173
-520   53    4 -520.509  53.1878  4.23651  943.492 -1135.27   264.48 -1135.27  2260.82 -547.861   264.48 -547.861  144.655
-515   59   -2  -515.52  59.5742 -2.45713  21.0307 -17.1171  74.3995 -17.1171  84.6455 -255.874  74.3995 -255.874  894.494
-507   52   -3 -507.731  52.6773 -3.32422  43.5161 -9.13058  52.1191 -9.13058  105.358  5.53281  52.1191  5.53281   106.77
-506   57   -2 -506.757  57.2999 -2.67449  689.524 -396.277 -102.836 -396.277  235.901  61.0561 -102.836  61.0561  22.3411
-452   51   -2 -452.126  51.2361   -2.452  197.721  81.1557 -4.80301  81.1557  2408.77 -31.8015 -4.80301 -31.8015  13.2778
-524   52    4 -524.717  52.2347  4.54437   50.6099   2.60028 0.0901042   2.60028   37.1998  -9.85376 0.0901042  -9.85376   41.8953
-520   56   -2 -520.513  56.6504 -2.65657  1675.62 -912.572  203.904 -912.572  626.625  19.1976  203.904  19.1976  161.209
-485   55   -3 -485.355  55.5784 -3.91267  17.9819   -28.58   259.81   -28.58  127.094 -1009.17   259.81 -1009.17  8736.26
-520   50   -4  -520.43  50.6255 -4.19725  122.914  214.657 -1005.53  214.657  588.302 -2695.82 -1005.53 -2695.82  12652.4
-469   53   -5 -469.325  53.4724 -5.10949    16.57    1.157 -7.65397    1.157  70.2863 -233.212 -7.65397 -233.212  919.412
-505   55   -3  -505.41  55.1061 -3.11858  16.0475  40.9255 -28.2583  40.9255   1855.3 -826.472 -28.2583 -826.472  661.427
-522   54   -2 -522.106  54.2158 -2.49649  1121.65 -1790.18 -938.682 -1790.18  3931.28  1978.66 -938.682  1978.66  1008.39
-508   52   -2  -508.27  52.7199 -2.39505 50.1793 33.5644 6.42869 33.5644 118.507 -15.332 6.42869 -15.332 31.4771
-466   50   -5 -466.467  50.6956 -5.57981  112.525 -187.905   582.87 -187.905  368.135 -1161.24   582.87 -1161.24  3947.76
-484   51   -2 -484.465  51.2643 -2.41009 98.9062 62.6864 5.03803 62.6864 287.653 119.192 5.03803 119.192 61.9953
-458   50   -5 -458.511  50.5687 -5.49851  14.4718  7.45215  16.3877  7.45215   32.457 -141.487  16.3877 -141.487   1155.1
-498   50   -2 -498.263  50.0415  -2.5678 698.778 2209.47 247.365 2209.47 10479.3 1092.57 247.365 1092.57 126.371
-541   55   -2 -541.548    55.53 -2.69736   17.1101 -0.833229   55.2729 -0.833229   38.8372  -157.584   55.2729  -157.584   928.131
-460   60   -2 -460.836  60.3527 -2.64502 342.952 177.285 28.5979 177.285 129.094  5.4576 28.5979  5.4576 17.5556
-525   51   -3 -525.837  51.5732 -3.37383  52.4236 -6.64444   42.467 -6.64444  33.5293 -56.5948   42.467 -56.5948  134.886
-535   54   -3 -535.535  54.2439 -3.09765  62.2663 -103.756  446.749 -103.756  215.964  -986.37  446.749  -986.37  4863.41
-533   50    3 -533.711  50.4385  3.39788  126.877 -24.6977  41.9922 -24.6977   17.712 -13.3772  41.9922 -13.3772   51.784
-507   61   -1 -507.535  61.5208 -1.81902  549.311  546.751 -152.142  546.751  556.243 -140.584 -152.142 -140.584  93.9766
-512   56   -3 -512.687  56.8552 -3.06886  104.321  275.298 -838.055  275.298  809.336 -2350.64 -838.055 -2350.64  8152.15
-533   51    5 -533.359  51.4278  5.79609  16.2687 -5.06443  -2.8275 -5.06443  19.9232 -7.98523  -2.8275 -7.98523  19.7166
-472   52   -5 -472.409  52.4346 -5.18397   13.0107 0.0455947   26.7697 0.0455947    96.845  -253.414   26.7697  -253.414   904.605
-479   54   -4 -479.783  54.1899 -4.17695 98.7691 298.261 -247.04 298.261 1273.61   -1268 -247.04   -1268 1576.34
-471   69   -3 -471.463  69.2853  -3.1203  21.0464  7.90582 -250.755  7.90582  56.7772 -383.357 -250.755 -383.357  5428.23
-508   55   -3 -508.695  55.1152 -3.15402  26.7712  18.3874 -39.6862  18.3874  151.456 -129.391 -39.6862 -129.391   297.79
-470   62   -3 -470.896  62.7008 -3.49425  131.183 -14.4814  16.6416 -14.4814  1065.79 -262.652  16.6416 -262.652   74.611
-524   57   -2 -524.563  57.3386 -2.83258  142.446  354.922 -751.315  354.922  1046.75 -2310.65 -751.315 -2310.65  5229.65
-511   56    1 -511.873  56.5104  1.60522  9872.87 -1073.11 -1020.39 -1073.11  845.373  151.379 -1020.39  151.379  117.939
-500   54   -3 -500.464  54.9107 -3.06824  55.841 614.658 134.544 614.658 7994.53 1817.28 134.544 1817.28 1096.94
-456   56   -4 -456.355  56.3937 -4.48114  42.4104  87.7049 -231.887  87.7049   1416.4 -3251.08 -231.887 -3251.08   7549.4
-480   54    0  -480.761   54.6624 -0.305709  3174.65 -2124.45 -1287.31 -2124.45  3222.47  1497.71 -1287.31  1497.71  753.783
-475   67   -3 -475.646  67.4795 -3.19841  24.9283   1.0248 -15.9793   1.0248  19.3095 -274.638 -15.9793 -274.638  5456.77
-486   50   -3 -486.185  50.3141  -3.4764  205.771 -7.56561 -79.3438 -7.56561  16.3974 -5.52882 -79.3438 -5.52882  51.3996
-512   59   -2 -512.388  59.5605 -2.40037  480.858  383.045  17.4381  383.045  372.772 -60.8164  17.4381 -60.8164  110.475
-466   53   -5 -466.658   53.381  -5.1459  1034.52 -305.001  2465.76 -305.001  98.7525  -746.61  2465.76  -746.61     6144
-529   54   -3 -529.617  54.6088 -3.20148  20.8203 -15.5384  11.4807 -15.5384  268.645 -991.843  11.4807 -991.843  4870.86
-460   52   -4 -460.322  52.8039  -4.4377  1423.13 -462.193  235.731 -462.193  1002.86  5.80419  235.731  5.80419   62.859
-537   53   -3 -537.472   53.685 -3.14923   29.992 -37.4807  158.349 -37.4807  227.284 -1267.63  158.349 -1267.63  7540.55
-525   51    4 -525.621  51.1259  4.32795   85.926 -66.1971 -17.3451 -66.1971  145.744  33.5326 -17.3451  33.5326  22.3315
-520   58   -2 -520.561  58.3234 -2.62077   8.4534  0.42706 -1.87221  0.42706  14.9394 -14.4367 -1.87221 -14.4367  30.6256
-450   50    0 -450.486  50.8421 0.291021   1422.8  8.96231 -85.5305  8.96231  1412.57  147.321 -85.5305  147.321  22.0683
-517   56   -3 -517.423  56.3541 -3.27314  10.7482 -41.7948  144.903 -41.7948  541.114 -1871.91  144.903 -1871.91  6576.06
-506   55   -3 -506.245  55.0635 -3.17957  29.5977  53.4547  17.3819  53.4547  1214.62 -233.263  17.3819 -233.263  205.453
-507   55   -3 -507.748  55.1083 -3.13869  68.5642  147.035 -135.475  147.035  1437.07 -289.932 -135.475 -289.932  517.638
-511   54   -3 -511.541  54.8562 -3.27702  73.0172  55.6614 -175.742  55.6614  135.174 -149.217 -175.742 -149.217  495.072
-459   57    1 -459.731   57.042  1.40148  603.142 -622.235 -75.4296 -622.235  5831.65   532.71 -75.4296   532.71    68.11
-493   54   -3 -493.228  54.3723 -3.29876  52.4161  122.908 -463.525  122.908  712.563 -2023.83 -463.525 -2023.83  7805.28
-499   54   -3 -499.511  54.7087 -3.10825  17.3538   1.1102 -8.24511   1.1102  57.8043 -140.546 -8.24511 -140.546  421.302
-472   75    7 -472.813  75.4462  7.37933  251.668 -303.974 -52.1696 -303.974  743.668  62.3605 -52.1696  62.3605  17.7861
-530   68    5 -530.829  68.6684  5.56414  354.544  -516.34 -32.3261  -516.34  961.921  76.2915 -32.3261  76.2915  16.4199
-530   53   -3 -530.53 53.5623  -3.348  9.23435 -1.41014  12.9688 -1.41014  239.245 -1415.38  12.9688 -1415.38  8901.51
-492   54   -2 -492.669  54.5924 -2.72374  12.8683 -12.1381  13.4395 -12.1381  79.9653 -53.2746  13.4395 -53.2746  68.5025
-509   50   -3 -509.552  50.5546 -3.94488  29.9078 -10.3984  24.4826 -10.3984  74.1846 -449.652  24.4826 -449.652  4021.97
-468   68   -3 -468.296  68.2806  -3.3674  149.652 -75.3832  666.239 -75.3832  260.012 -1174.64  666.239 -1174.64   6282.9
-523   55   -3 -523.346  55.2938 -3.23744  494.778 -237.107 -14.3662 -237.107  132.409  25.2114 -14.3662  25.2114  59.5926
-530   54   -3 -530.458  54.3276 -3.21615  40.1818 -77.0472  458.295 -77.0472  290.068 -1671.74  458.295 -1671.74  10000.2
-513   55   -3 -513.602  55.2973 -3.38321  36.8798  113.683 -405.325  113.683  688.857 -2392.23 -405.325 -2392.23   8610.1
-459   56   -3 -459.687  56.8179 -3.36509 445.953  885.07 -79.893  885.07 3975.04 28.1206 -79.893 28.1206 84.6727
-523   50   -4 -523.306  50.7931 -4.06371  1024.88 -493.697  3418.53 -493.697  292.639 -1654.79  3418.53 -1654.79  12026.5
-494   53   -3 -494.247  53.2296 -3.18039  378.116 -484.654  369.408 -484.654  680.678 -502.669  369.408 -502.669  420.758
-525   52   -3 -525.783  52.3085 -3.18562 387.486 -28.932  218.15 -28.932  35.412 18.0095  218.15 18.0095 192.594
-523   56   -2 -523.679  56.6597 -2.93325  25.9985   19.306 -13.4772   19.306  66.0135  46.3884 -13.4772  46.3884   206.27
-526   51    1 -526.077  51.3575  1.55319  529.473 -122.936  7.82568 -122.936  260.786   37.611  7.82568   37.611  14.2799
-476   64   -3 -476.332  64.4285 -3.37413  443.119  472.544 -315.356  472.544  518.034 -365.849 -315.356 -365.849  331.486
-463   53   -5 -463.584  53.1636  -5.2421  24.5522 -78.0987  2.29816 -78.0987  625.404  -856.43  2.29816  -856.43  4296.37
-477   63   -3 -477.712  63.2778 -3.26684  363.843 -216.801 -69.8794 -216.801  141.873  26.1457 -69.8794  26.1457  75.4378
-478   62   -3 -478.547   62.305 -3.48044 18.9142 5.76629 16.1758 5.76629 65.6353 47.3367 16.1758 47.3367 207.254
-518   55   -3 -518.463  55.4923 -3.50837  19.7372 0.854255  10.7405 0.854255  90.3206 -438.428  10.7405 -438.428  2285.96
-521   55   -3 -521.461  55.2204 -3.49153  19.5592  43.3069 -192.631  43.3069  153.945 -669.122 -192.631 -669.122  3272.49
-492   53   -3 -492.436  53.4589 -3.49285  35.2769 -38.9489  249.173 -38.9489  76.8816  -437.63  249.173  -437.63  3165.11
-503   52   -3 -503.499  52.4633 -3.47692  9.04099   17.467 -10.1162   17.467  65.0633 -110.478 -10.1162 -110.478  3751.22
-506   52   -3   -506.4   52.482 -3.54327  12.8174  9.88804 -112.696  9.88804  105.286 -284.008 -112.696 -284.008  11099.5
-455   52   -4 -455.584  52.4255 -4.35054 925.544 750.317 118.424 750.317 1815.93 185.186 118.424 185.186 38.0372
-504   52   -3 -504.454  52.4784  -3.4945   14.8698 -0.817176  -33.5537 -0.817176   26.4723  -111.646  -33.5537  -111.646   1017.07
-480   62   -3 -480.519  62.2041 -3.28667  389.187  -350.21  1329.23  -350.21  422.564 -1287.22  1329.23 -1287.22  4665.71
-493   52   -3 -493.295  52.6255 -3.54447  81.7749 -66.0015  346.076 -66.0015  84.0843 -490.106  346.076 -490.106  3696.01
-516   51   -4 -516.659   51.463 -4.09075  27.7364 -77.5581  303.258 -77.5581  459.849 -1984.69  303.258 -1984.69  9061.14
-482   58   -3 -482.349  58.3415 -3.63301  62.0011   3.9277 -315.496   3.9277  11.9563 -39.0315 -315.496 -39.0315  2047.86
-470   56   -3 -470.917  56.3186 -3.45738    11084 -7431.03 -4167.31 -7431.03  6222.82  2984.64 -4167.31  2984.64  1615.97
-483   54   -3 -483.412  54.5756 -3.72703  28.7628  11.8708 -5.13799  11.8708  105.732 -46.6578 -5.13799 -46.6578  72.7499
-484   54   -3 -484.411  54.5574 -3.39541  90.0185 -45.6926  12.5756 -45.6926  141.304  151.138  12.5756  151.138  237.984
-494   52   -3 -494.566  52.8171 -3.38424  17.0879  9.27508  16.6243  9.27508  112.975 -22.6422  16.6243 -22.6422  55.2469
-515   54   -3 -515.423  54.5937 -3.51045  20.6556  20.4926 -65.5712  20.4926   47.713 -168.204 -65.5712 -168.204  824.001
-508   52   -3 -508.435  52.4845 -3.29464  18.5072 -7.63307 -15.9823 -7.63307  35.0353  3.79495 -15.9823  3.79495  45.0816
-495   52   -3 -495.403  52.3557 -3.40041  33.7944 -51.3523   41.039 -51.3523  118.037 -94.2474   41.039 -94.2474  106.245
-457   50   -5 -457.724  50.5386 -5.46089  27.5382  14.0343  -81.282  14.0343  15.2851 -56.3329  -81.282 -56.3329  555.604
-509   59   -2 -509.562  59.4686 -2.52618  12.0852 -13.1582  11.5182 -13.1582  66.7749 -59.0956  11.5182 -59.0956  73.0131
-474   62   -3 -474.606  62.4556 -3.68307  12.4006  -3.4237  10.6051  -3.4237  17.0545 -7.07717  10.6051 -7.07717  106.867
-497   51   -3 -497.172  51.1932 -3.46579  59.6499 -64.8395  55.3137 -64.8395  134.273 -71.1167  55.3137 -71.1167   121.85
-514   54   -3 -514.667  54.7151 -3.47826  25.1706 -35.3559  54.9255 -35.3559  105.522 -156.956  54.9255 -156.956  456.658
-526   50   -3 -526.272  50.4689 -3.59278  165.103 -70.0135  87.1401 -70.0135  42.9467 -84.5877  87.1401 -84.5877  471.997
-490   57   -3 -490.644  57.6791 -3.15886 59.1851 63.4838 172.117 63.4838 96.1486 237.668 172.117 237.668 842.807
-467   53   -5 -467.677  53.3307 -5.13815  27.1597  13.7328 -46.2484  13.7328  152.515  -435.06 -46.2484  -435.06  1419.38
-460   73    4 -460.287   73.399  4.54242 86.6037 140.936 9.95241 140.936 432.818 25.5126 9.95241 25.5126 10.2525
-457   57   -4 -457.323  57.2527 -4.44055 27.4701  36.997 37.6783  36.997 69.9694 111.028 37.6783 111.028 2470.28
-481   53   -4  -481.56   53.256 -4.35077  41.6388 -71.9919  524.356 -71.9919  240.266  -1410.5  524.356  -1410.5  9375.94
-465   55   -4 -465.623   55.452 -4.45274  2314.16 -1249.14 -563.064 -1249.14  1102.86  304.133 -563.064  304.133  146.354
-519   52   -3 -519.369  52.5997  -3.7369  10050.5  4275.92 -2895.42  4275.92  1883.96 -1166.81 -2895.42 -1166.81  936.923
-477   64   -3 -477.458  64.6644 -3.33992  72.6544 -63.3918  301.001 -63.3918  70.7138 -307.984  301.001 -307.984  1534.12
-506   50   -3 -506.575  50.4647 -3.82374  11.4911  10.9788  -39.646  10.9788  320.984 -1340.17  -39.646 -1340.17     6166
-459   57   -4 -459.338  57.3925 -4.51376 19.7064 3.69053  81.776 3.69053  22.643 51.6774  81.776 51.6774 1886.63
-450   57   -4 -450.562   57.442 -4.50573  45.1632  82.5222 -426.734  82.5222  354.037 -1972.79 -426.734 -1972.79  11782.5
-520   53    1 -520.554  53.3037  1.38757  975.705  -2101.1 -224.688  -2101.1  5286.62  584.401 -224.688  584.401  74.5092
-453   56   -4 -453.273  56.3294 -4.56513  69.3005 -82.5059  545.804 -82.5059  190.683 -820.059  545.804 -820.059  5167.81
-526   52   -3 -526.688   52.144 -3.30162  314.042  324.382 -264.653  324.382  519.701 -401.209 -264.653 -401.209  621.215
-470   53   -5 -470.428  53.3808 -5.13607 8.95909 -2.7544 11.5932 -2.7544 19.5112 -67.818 11.5932 -67.818 912.387
-481   52   -4 -481.643  52.3566 -4.48811  14.5094 -1.41797 0.748556 -1.41797  100.919  -214.99 0.748556  -214.99  804.918
-493   53   -3 -493.556  53.4888   -3.306  20.9865 -13.3864  18.5326 -13.3864  121.328 -158.454  18.5326 -158.454  251.893
-452   51   -4 -452.216  51.3228 -4.24038  591.382 -271.608   139.66 -271.608  675.569 -22.4732   139.66 -22.4732  69.4337
-505   51   -3 -505.516  51.4195 -3.70381  128.861 -186.368  -518.51 -186.368  292.855  639.704  -518.51  639.704  4909.57
-466   51   -5 -466.586  51.6998 -5.47124  19.6344  4.28663  -30.572  4.28663  86.3484 -464.993  -30.572 -464.993  2923.32
-477   51   -4 -477.537  51.6255 -4.90483  86.3907 -68.4938  471.348 -68.4938  111.937 -549.864  471.348 -549.864  3569.64
-474   58   -4 -474.471  58.2336 -4.22454  48.9164 -33.3688  343.642 -33.3688  98.7199 -447.206  343.642 -447.206  3710.49
-496   56   -2 -496.483  56.1842 -2.45316  423.773  9.69562 -36.6724  9.69562  1557.39 -64.1005 -36.6724 -64.1005  19.4484
-467   58   -4 -467.449  58.5729 -4.58188  103.027 -159.223  810.812 -159.223  310.373  -1664.6  810.812  -1664.6  9865.79
-547   50    6 -547.867   50.564  6.52028  302.747 -151.523 -38.9433 -151.523  178.039 -3.62157 -38.9433 -3.62157  24.5945
-472   57   -4 -472.261  57.5379 -4.42835  37.5388 -20.8901  46.0378 -20.8901  97.2017 -190.553  46.0378 -190.553  455.723
-455   52   -5 -455.518  52.4555 -5.15101  13.0272  4.09643 -34.9803  4.09643  32.7164 -94.9459 -34.9803 -94.9459  574.445
-485   51   -4 -485.436  51.4723 -4.32148  93.1279 -83.0956 -35.2039 -83.0956  84.9503  31.6632 -35.2039  31.6632  1313.39
-469   57   -4  -469.55   57.376 -4.44717 12.5158   2.642 12.4443   2.642 21.3006 25.9821 12.4443 25.9821 66.8605
-462   51   -5 -462.618  51.3215 -5.55105   27.464  17.9832 -6.06579  17.9832  80.5613 -126.898 -6.06579 -126.898  366.622
-457   57    4 -457.037  57.3771  4.52379  7697.19  1685.95 -578.151  1685.95  482.757 -150.426 -578.151 -150.426  56.9195
-480   57    6 -480.834   57.871  6.62057  736.516  -789.01 -101.234  -789.01  1307.49  90.8993 -101.234  90.8993  28.3859
-474   53   -4 -474.708  53.3594  -4.8818  71.9999  27.9813 -155.624  27.9813  61.0881 -271.562 -155.624 -271.562  1473.04
-519   58   -2 -519.544   58.532 -2.72989  12.6786 -15.0646  54.2364 -15.0646  219.174 -922.935  54.2364 -922.935  4185.81
-525   50    6 -525.746  50.6247  6.43463  187.269  -201.75 -21.3946  -201.75  325.566  42.9883 -21.3946  42.9883  16.9511
-492   54   -3  -492.42  54.4806 -3.19107  8.98954 -4.84985  14.6996 -4.84985   44.181 -26.8042  14.6996 -26.8042  87.0047
-450   54   -3 -450.519  54.4494 -3.37876  2036.29  1076.92 -165.005  1076.92  1096.67 -86.9926 -165.005 -86.9926  26.6037
-498   50   -3  -498.38  50.2217 -3.32024  47.9797 -64.9212 -56.1188 -64.9212  140.509  103.926 -56.1188  103.926  97.3852
-452   51   12 -452.285   51.155  12.5313 1656.92  3219.5 859.161  3219.5 8380.76 3437.28 859.161 3437.28 2029.63
-510   50   -3 -510.447  50.5701 -3.95908  20.9555 -5.23629  13.5606 -5.23629   65.733 -317.588  13.5606 -317.588   2202.4
-460   56   -4 -460.538  56.3852 -4.70969  57.1853  20.4676 -401.315  20.4676  28.9534 -298.305 -401.315 -298.305  4504.94
-484   53   -4 -484.327  53.5243 -4.18455  77.3947 -123.097  687.331 -123.097  246.493 -1225.33  687.331 -1225.33  6743.16
-472   59   -4 -472.661  59.3868 -4.12038  95.7941  67.6084 -148.179  67.6084  60.6009 -26.3015 -148.179 -26.3015  1441.05
-459   56   -4 -459.639  56.7381 -4.45638  162.701  22.5998  111.362  22.5998  65.6188 -27.2635  111.362 -27.2635  124.014
-491   54   -2 -491.795  54.3615 -2.61321   701.81  1084.03 -18.3939  1084.03  1951.27 -67.9225 -18.3939 -67.9225  13.3638
-489   50    0    -489.3   50.3309 0.0250885  129.495 -178.493  19.8718 -178.493  394.512 -17.9023  19.8718 -17.9023  6.82068
-481   50   -4 -481.671  50.6255 -4.62194  56.4144  3.44568  2.16302  3.44568  17.0569 -88.5822  2.16302 -88.5822  2174.09
-530   68    8 -530.835    68.22  8.40977 478.417 1568.08 156.937 1568.08 6374.83 725.659 156.937 725.659 95.0776
-463   59   -4 -463.457  59.4313 -4.42627  75.1352 -160.211   734.57 -160.211  586.199  -2778.5   734.57  -2778.5  13748.9
-526   51    0   -526.125    51.5716 -0.0654559  194.302  51.2825  3.79621  51.2825  96.3407 -3.38336  3.79621 -3.38336  4.62567
-470   57   -4 -470.571  57.3697  -4.5054  26.7838  3.73449 -2.07708  3.73449  18.1632 -2.68387 -2.07708 -2.68387  43.3528
-501   54   -3 -501.384  54.9053 -3.10716  110.367  -280.85   395.29  -280.85  790.782 -1167.75   395.29 -1167.75  2054.54
-481   58   -3 -481.574  58.3145 -3.35985  17.9524 -1.96123  -10.151 -1.96123  94.0972 -20.3335  -10.151 -20.3335  27.8418
-523   57   -2 -523.338  57.5551 -2.84936  106.476 -242.987  641.773 -242.987  685.132 -1910.14  641.773 -1910.14  5734.56
-522   61   -1 -522.563  61.5308 -1.77544  86.9255   199.42 -297.881   199.42  571.749 -1060.84 -297.881 -1060.84  2571.25
-469   50   -5 -469.359  50.6233 -5.55525  66.4776 -53.9551  490.344 -53.9551  82.9117 -630.613  490.344 -630.613  5246.57
-479   59   -3 -479.769  59.5058 -3.68661  53.9454 -35.1686  116.111 -35.1686  36.0427 -105.245  116.111 -105.245  426.721
-526   51    3 -526.118  51.2061  3.34752  954.472 -565.421  -718.42 -565.421  2379.82  1759.97  -718.42  1759.97  1448.58
-510   59   -2 -510.415  59.6015 -2.39063  102.747  182.086 -85.4449  182.086    351.8 -163.135 -85.4449 -163.135  110.789
-468   56   -4 -468.623  56.7049 -4.70328 15.3414 -7.8429 32.8781 -7.8429 21.0474  -31.23 32.8781  -31.23 138.885
-480   51   -4 -480.348  51.4309 -4.61689  79.0605  44.9908  176.894  44.9908  67.1098 -182.915  176.894 -182.915  2752.03
-542   53   -2 -542.449  53.5751 -2.79563  67.8504 -30.0873   268.27 -30.0873  27.7465 -115.426   268.27 -115.426  1425.95
-470   54   -4 -470.709  54.0841 -4.66643 19.9295 53.6729 -216.69 53.6729 2904.56 -3065.1 -216.69 -3065.1 12063.9
-508   52    0  -508.186   52.6523 0.0187786 99.4312 118.608  16.389 118.608 316.348  43.983  16.389  43.983 8.71632
-458   56   -4  -458.56   56.602 -4.61144  93.1343  42.2992 -614.842  42.2992   51.364 -703.005 -614.842 -703.005  15512.2
-537   54   -3 -537.621  54.1547 -3.08665  158.263 -214.392 -1448.88 -214.392   372.07     2008 -1448.88     2008  15762.1
-478   52   -4  -478.68  52.5403 -4.63529  346.774 -75.8301  651.061 -75.8301   50.129 -320.398  651.061 -320.398   2510.7
-462   64    0  -462.24  64.3816 0.383953 177.136 213.698 66.1725 213.698 2286.73 505.082 66.1725 505.082 116.413
-479   51   -4  -479.54  51.6247 -4.62345  15.1871  -13.108  37.6946  -13.108  41.0383 -69.0414  37.6946 -69.0414  188.587
-467   56   -4 -467.501  56.6685 -4.73201  28.2056 -33.0133  20.2683 -33.0133  82.2543  -77.949  20.2683  -77.949  265.625
-490   57   -2 -490.597   57.387 -2.27176  1518.72 -4031.28 -137.397 -4031.28  12232.5  429.727 -137.397  429.727  28.8175
-453   55   -4 -453.585  55.4644 -4.71446  11.1017  2.51588  22.5749  2.51588  19.4432 -46.7065  22.5749 -46.7065  431.014
-450   51   -4 -450.544  51.0799 -4.66939   639.77 -962.638 -171.416 -962.638  2175.01  405.933 -171.416  405.933  122.021
-478   51   -4 -478.495  51.4718 -4.78944  28.3141 -21.8685  125.859 -21.8685  67.8946 -278.667  125.859 -278.667  1600.73
-470   51   -5 -470.558  51.6335 -5.40527  28.3358 -8.08866 -71.3985 -8.08866  23.0406  97.1071 -71.3985  97.1071  5357.26
-459   56   -1 -459.821  56.9126 -1.75866    1989 3842.39 960.631 3842.39 8624.33 1821.51 960.631 1821.51 555.323
-517   71    3 -517.717   71.354   3.6056  185.195 -310.481 -33.4255 -310.481  741.796  71.4188 -33.4255  71.4188  26.9319
-518   56   -3 -518.664  56.1654 -3.27538  20.5969 -13.6544  25.6246 -13.6544  300.258 -246.868  25.6246 -246.868  340.422
-471   53   -5 -471.232  53.2884 -5.13158  134.827 -196.631  500.261 -196.631  362.872 -950.301  500.261 -950.301  2911.78
-465   56   -3 -465.848  56.2207 -3.59322  287.796  454.416 -226.814  454.416  2224.41 -781.593 -226.814 -781.593  305.754
-534   50    5 -534.365  50.5523  5.23987  77.0447 -129.449  19.9397 -129.449  246.742 -41.4944  19.9397 -41.4944  18.0897
-479   53   -4 -479.445  53.4969 -4.43375  49.0186  10.4392 -45.4105  10.4392  28.4511 -102.257 -45.4105 -102.257   450.14
-452   54   -4 -452.444  54.5781 -4.83689  17.0658 -6.60554  32.1139 -6.60554  46.0936  -319.59  32.1139  -319.59  2600.64
-455   54   -4 -455.474  54.5259 -4.84468  18.9875  5.50008 -98.4805  5.50008  44.5274 -256.285 -98.4805 -256.285   2003.9
-527   54   -3 -527.544  54.4306 -3.14323  18.8932  -9.6319 -39.8991  -9.6319  25.1977 -23.0823 -39.8991 -23.0823  476.906
-455   57   -4 -455.565  57.1569  -4.4174  24.9264 -11.4118   30.282 -11.4118    167.1 -228.543   30.282 -228.543  673.738
-467   54   -4 -467.315  54.2252 -4.96533   352.09  210.688 -2625.33  210.688  515.609 -3722.35 -2625.33 -3722.35  33655.4
-479   61   -3 -479.303  61.2366 -3.46187 96.8944  222.06 16.6356  222.06 575.051 74.0291 16.6356 74.0291 77.6333
-457   53   -5 -457.437   53.294 -5.09819  24.0577  37.6018 -346.137  37.6018  94.6066 -764.952 -346.137 -764.952  7237.22
-523   53   -3 -523.515  53.6405 -3.75008  90.8538 -150.658  660.877 -150.658  275.465 -1177.23  660.877 -1177.23  5236.76
-450   51   -5  -450.51  51.5145 -5.27976 132.185 4.19132 4.96234 4.19132 19.3434 303.312 4.96234 303.312 9876.53
-534   52    4 -534.45 52.4364 4.71348  372.424 -99.5106 -448.303 -99.5106  50.8568  129.363 -448.303  129.363   576.91
-466   60   -4 -466.398  60.5281 -4.16488  448.123 -699.553  690.441 -699.553  1129.33 -1169.34  690.441 -1169.34  1386.95
-549   56    0 -549.507  56.6669  0.24607  981.501 -349.957 -19.7288 -349.957  1070.51 -64.9714 -19.7288 -64.9714   7.2697
-461   51   -5 -461.349  51.5533 -5.40046  34.1006  27.0923 -83.5864  27.0923  46.5951 -117.474 -83.5864 -117.474  348.169
-476   53   -4 -476.239  53.5263 -4.76337  84.3837 -61.1623   455.01 -61.1623  72.7071 -487.863   455.01 -487.863  3733.55
-471   50   -5 -471.285  50.5094 -5.49972  48.2858 -20.4019  97.4567 -20.4019  81.0491 -382.905  97.4567 -382.905   2001.5
-536   54   -3 -536.321  54.3132  -3.0419  22.6122  -3.4988 -69.5162  -3.4988  301.366  -1877.7 -69.5162  -1877.7  13196.2
-534   50    3 -534.304  50.5749  3.66995 14.2344 15.0695 15.3726 15.0695 32.4205 27.5063 15.3726 27.5063 39.1517
-466   59   -4 -466.538  59.4509 -4.44996  25.1663  29.1173 -24.6864  29.1173  338.135 -1257.06 -24.6864 -1257.06  5181.09
-465   52   -5 -465.444  52.5196 -5.32522  20.5253 -2.90803  60.5907 -2.90803  69.5422 -180.856  60.5907 -180.856   905.18
-463   52   -5 -463.796   52.478 -5.39583  62.5543 -23.3918  3.28599 -23.3918  45.2627 -190.095  3.28599 -190.095  1269.94
-460   64   -3 -460.271  64.3491 -3.47031  204.806 -63.8094  -51.637 -63.8094   92.322 -78.7314  -51.637 -78.7314   180.47
-464   61   -4   -464.7  61.4369 -4.09685  61.7087  83.9818 -460.445  83.9818   262.93 -1171.74 -460.445 -1171.74  5954.98
-471   57   -4 -471.376  57.2237 -4.38192  415.97 66.8091 657.972 66.8091 25.1062 101.957 657.972 101.957 1086.95
-476   52   -4 -476.474  52.5157 -4.88721  16.7074   -3.604  34.7226   -3.604   28.654 -112.235  34.7226 -112.235  850.363
-464   51   -5 -464.543  51.5281 -5.43961  21.1494  5.75748 -149.218  5.75748  32.6145 -319.285 -149.218 -319.285  7893.19
-520   57   -2 -520.393  57.6829 -2.61715  511.984  192.687 -509.886  192.687  87.8957 -195.737 -509.886 -195.737  553.826
-470   53   -4 -470.386  53.7831 -4.88384  98.9032 -57.0345 -219.037 -57.0345  111.452  162.561 -219.037  162.561  771.269
-505   52   -3 -505.611  52.6197 -3.53162  53.0719  77.5963 -417.878  77.5963  337.681 -1708.22 -417.878 -1708.22  9030.51
-455   55   -4 -455.516  55.5223 -4.42603     8960  -6964.3 -896.349  -6964.3  5501.42  754.557 -896.349  754.557  153.795
-453   63   -3 -453.503  63.3851 -3.61885  26.0002  64.3763 -225.019  64.3763  309.668 -1281.38 -225.019 -1281.38   5760.1
-525   61    1 -525.708  61.4981  1.49979  99.9029 -227.371 -32.1484 -227.371  889.222  129.691 -32.1484  129.691  26.7039
-469   52   -5   -469.5  52.4165 -5.30614  8.48591 -1.67026  18.8991 -1.67026  65.1931 -288.337  18.8991 -288.337  1484.96
-470   60   -4 -470.606  60.4254 -4.07078  27.4218 -31.7317  30.7695 -31.7317  63.5213 -40.3837  30.7695 -40.3837  269.316
-456   56    3 -456.52 56.6978 3.37809   66.494 -153.796 -60.7543 -153.796  846.877  319.256 -60.7543  319.256    139.8
-456   52   -5   -456.4  52.5042 -5.16208  195.831  101.068 -649.735  101.068  59.3358 -356.872 -649.735 -356.872  3142.73
-458   51   -5 -458.477  51.3504 -5.33451  23.8586 -24.7913  76.5532 -24.7913  81.2932  -191.32  76.5532  -191.32  653.248
-463   55   -4 -463.348  55.4772 -4.89308  54.2213 -13.1699 -38.1316 -13.1699  26.3304  41.7082 -38.1316  41.7082  172.653
-456   57   -2 -456.375  57.3308 -2.47791 30.7421 25.3771 -0.8502 25.3771 77.2677 3.09656 -0.8502 3.09656 13.1329
-466   54   -4 -466.505  54.2654 -4.79162  11.6434  5.32133 -14.0982  5.32133  102.407 -82.6028 -14.0982 -82.6028  105.402
-472   51   -5 -472.507  51.6977 -5.32502  13.9635 -7.87308   -12.11 -7.87308  19.8443  -32.286   -12.11  -32.286  2182.97
-476   50   -5 -476.467  50.4515 -5.08918  99.3954 -84.3406  862.848 -84.3406  113.865 -925.061  862.848 -925.061  8794.17
-473   51   -5 -473.345  51.5847 -5.24454  54.6244  7.08288  118.439  7.08288  20.4305 -51.9243  118.439 -51.9243  662.509
-465   54   -5 -465.516  54.0872 -5.04544 67.0268  304.69 597.527  304.69 1825.68 4045.62 597.527 4045.62 11348.3
-474   51   -5 -474.484   51.466 -5.17078  43.9618 -3.17047  178.455 -3.17047  19.6741 -69.2782  178.455 -69.2782  1134.75
-531   51   -3 -531.608  51.7936 -3.45952  301.111 -34.9626  1210.55 -34.9626  93.7578 -317.554  1210.55 -317.554  5802.75
-460   50   -5 -460.593  50.7997 -5.47867  228.277  261.909 -245.333  261.909  365.956 -264.763 -245.333 -264.763   338.91
-522   58   -2 -522.278  58.3226 -2.72979  9.69308 -3.23456  28.7068 -3.23456  49.6037 -199.818  28.7068 -199.818  1090.94
-477   54   -4 -477.636  54.2398 -4.29556  42.6059  297.393 -84.6918  297.393  2540.13 -729.719 -84.6918 -729.719  276.138
-464   52   -5 -464.519  52.5979 -5.39393  21.1325 -11.3862   179.96 -11.3862  20.5339 -197.796   179.96 -197.796  3773.35
-476   54   -4 -476.506  54.1548 -4.34579  10.9273 -15.2886  18.1857 -15.2886    421.9 -215.365  18.1857 -215.365  194.811
-508   52    2 -508.22  52.366 2.38909 93.8173 20.9604 4.50565 20.9604 254.559 25.4844 4.50565 25.4844 14.5197
-471   52   -5 -471.537  52.3097 -5.26392   18.9224 -0.306927    -6.523 -0.306927   53.5937  -311.103    -6.523  -311.103   2448.24
-472   75    4 -472.835   75.715  4.36906  3159.95 -3305.56 -545.378 -3305.56  3591.17   601.67 -545.378   601.67  108.642
-458   53   -5 -458.599  53.2192 -5.12723   32.435  5.62872 -198.955  5.62872  29.7245 -108.486 -198.955 -108.486  2309.31
-481   62   -3 -481.413  62.4703 -3.13468  1233.32  2329.33 -1286.89  2329.33  4554.49 -2132.44 -1286.89 -2132.44  2149.32
-543   51   -2 -543.563    51.64 -2.87683  40.4919 -20.1709  239.482 -20.1709  27.9235  -151.93  239.482  -151.93  2389.95
-507   50   -3 -507.706  50.3756 -3.83869  73.0047  -8.2369  16.8029  -8.2369  681.159 -3448.26  16.8029 -3448.26  18542.7
-542   52   -2 -542.539  52.3513 -2.89996  34.6465 -35.7403  172.074 -35.7403  58.4204 -213.456  172.074 -213.456  1276.34
-460   55   -4  -460.49   55.484 -4.85812  32.0622  42.9719 -310.427  42.9719  100.854 -763.599 -310.427 -763.599  6423.78
-468   51   -5 -468.428  51.4275 -5.46455  19.3328 -10.6113  40.5863 -10.6113  38.5987 -176.618  40.5863 -176.618  1612.84
-467   62   -3   -467.8  62.7248 -3.86791  434.833  259.571 -1755.55  259.571  930.832 -3017.43 -1755.55 -3017.43  12689.7
-474   54   -4 -474.344  54.0946 -4.62481  13.2871 -22.3842 0.404405 -22.3842  350.296  -131.86 0.404405  -131.86  171.328
-522   55   -3 -522.437  55.2418 -3.42953  34.8652  -5.3276  43.1174  -5.3276  410.147 -668.446  43.1174 -668.446  1245.68
-531   59   -2  -531.61  59.6917 -2.18611  13.4442 -10.5408   78.975 -10.5408  322.483 -1469.28   78.975 -1469.28  7011.29
-513   56   -3 -513.476  56.7575 -3.09152  18.6787 -14.4436  29.6226 -14.4436   225.69 -759.242  29.6226 -759.242  3048.36
-516   55   -3 -516.412  55.2993 -3.48196  15.1424 0.473668 -149.907 0.473668  49.6341 -278.126 -149.907 -278.126  4502.54
-460   51   -5 -460.561  51.6429 -5.35117  21.0033   1.1739 -51.7454   1.1739  6.21156 -6.36482 -51.7454 -6.36482  308.237
-476   55   -3 -476.28 55.9288 -3.2984 375.872 518.514 136.362 518.514  1047.5  166.51 136.362  166.51 65.1232
-507   71    0  -507.333   71.4909 -0.575898  42.8682 -93.2167  184.742 -93.2167  518.717 -1437.76  184.742 -1437.76  4300.29
-451   50   -5 -451.408  50.6093 -5.40795  20.7625 -17.8005 -7.50149 -17.8005  30.4824 -91.2858 -7.50149 -91.2858  1483.27
-517   50   -4 -517.477   50.483 -4.27401  12.7324  5.99122  14.5262  5.99122  41.7031 -60.0983  14.5262 -60.0983  241.549
-458   57   -4 -458.718  57.4252 -4.50228  925.78 333.674 2644.72 333.674  185.93 458.564 2644.72 458.564 12800.7
-473   50   -5 -473.413  50.2927 -5.38016  46.3583  1.02745   387.13  1.02745  16.2297 -60.3662   387.13 -60.3662  4356.81
-519   62   -1 -519.571  62.7718 -1.55958  15.9874   -3.748 -4.81315   -3.748  606.994 -2763.22 -4.81315 -2763.22  13100.4
-482   50   -4 -482.741  50.7813 -4.58362  147.045 -175.458  356.985 -175.458  258.232 -529.434  356.985 -529.434   1592.4
-455   57   -3 -455.858  57.4985 -3.60702  132.241 -14.8859  12.1655 -14.8859  11.3415 -2.34182  12.1655 -2.34182  13.5601
-454   66    3 -454.125  66.5147  3.47647 1220.31 3401.31 317.633 3401.31 11852.6 959.447 317.633 959.447 104.876
-470   52   -5 -470.405  52.7329 -5.25845  14.8272 -6.21466 -20.3451 -6.21466  31.7769 -132.195 -20.3451 -132.195  1546.77
-460   52    2 -460.704  52.6544  2.60658  1967.65  -1091.9 -125.066  -1091.9  1436.86  51.9098 -125.066  51.9098  20.6293
-452   50   -5  -452.47  50.5275 -5.38205  13.0364   -5.639 -10.1437   -5.639  22.1177  12.1675 -10.1437  12.1675  540.914
-530   73    3 -530.479  73.4909   3.5416  552.247 -915.774  -28.208 -915.774  1898.91  102.582  -28.208  102.582  16.4694
-453   50   -5 -453.391  50.5002 -5.34727  10.6166  3.73053 -15.0364  3.73053   28.542  -25.173 -15.0364  -25.173  264.855
-457   54   -4 -457.598  54.4077 -4.85572  59.7159 -51.7643  215.064 -51.7643   90.825 -333.698  215.064 -333.698  1333.94
-464   53   -5 -464.528   53.419 -5.16928  17.7569  16.0671 -5.38149  16.0671  84.2773 -143.314 -5.38149 -143.314  374.014
-454   55   -4 -454.423  55.4429  -4.7046  56.1662 -100.376  316.586 -100.376  249.839 -885.302  316.586 -885.302  3479.12
-455   52   -2  -455.55  52.5314 -2.53594  81.8311  -58.117 -17.9516  -58.117  1105.58  111.105 -17.9516  111.105  21.1584
-488   50   -3 -488.923  50.9175 -3.43674  5212.83  3737.89 -228.413  3737.89  2834.07 -142.197 -228.413 -142.197  26.3224
-455   52   -3 -455.574  52.5053 -3.42319  60.3989  23.9156  3.88454  23.9156  1310.46 -160.719  3.88454 -160.719  34.0799
-512   50   -4 -512.627  50.4041 -4.09978  38.2487    27.12 -104.617    27.12   59.039 -293.825 -104.617 -293.825  1866.82
-452   55   -4 -452.511   55.457 -4.73824  20.7726  -8.4732  81.0855  -8.4732  18.4713 -80.7317  81.0855 -80.7317  970.133
-453   52   -5  -453.29  52.5331 -5.14136  680.383 -600.507    515.7 -600.507  560.847 -565.498    515.7 -565.498  921.924
-457   51   -5 -457.616  51.3632 -5.34667  31.8517  82.3643 -244.993  82.3643  393.324 -1326.96 -244.993 -1326.96  4683.62
-486   52   -4 -486.683  52.5102 -4.10141   53.127 -40.7695  308.329 -40.7695  69.0238 -573.571  308.329 -573.571  5341.04
-466   52   -5  -466.31  52.6524 -5.23991 16.4714 1.32929 1.19395 1.32929 83.2029 42.7616 1.19395 42.7616 110.424
-531   53   -3 -531.358  53.4692 -3.28603  126.839 -83.0142  577.409 -83.0142  70.5596 -385.743  577.409 -385.743  2988.66
-521   54   -3 -521.431  54.5274 -3.70833  13.3087 -11.7588  63.5001 -11.7588  109.091 -434.605  63.5001 -434.605  1950.91
-467   50   -5 -467.468  50.4744 -5.60805  16.2006  17.6114 -97.0781  17.6114  55.6628 -354.063 -97.0781 -354.063  2956.36
-462   53   -5 -462.693  53.2141 -5.25528   30.741  -44.949  227.268  -44.949  89.7408 -475.964  227.268 -475.964  3843.47
-465   61   -4 -465.488  61.1411 -4.05543  44.6168 -137.738  192.275 -137.738  610.766 -595.207  192.275 -595.207  1417.72
-472   53   -4 -472.515   53.769 -4.75764  13.1126 -9.49536  4.23644 -9.49536   58.243 -8.11496  4.23644 -8.11496  49.9679
-461   56   -4  -461.55  56.4357 -4.73918  15.3353  10.3258 -175.544  10.3258  23.4248 -320.756 -175.544 -320.756  7543.94
-472   52   -4 -472.772  52.8036 -4.57859 88.6551 25.1143 13.5533 25.1143 143.545 8.54341 13.5533 8.54341 11.6676
-453   54   -4 -453.415  54.7836 -4.63487   27.102  42.9956  -16.349  42.9956  300.932 -66.4824  -16.349 -66.4824  32.4503
-452   51   -5 -452.31 51.5608 -5.2023 85.2679 100.375 24.1275 100.375 132.589  46.412 24.1275  46.412 151.201
-462   56   -4  -462.47  56.5014 -4.72471   21.123  33.9315   -139.3  33.9315  171.306 -669.092   -139.3 -669.092  2757.08
-478   54   -4 -478.464  54.2053 -4.34149  42.4837 -293.675  102.322 -293.675   2951.1 -1041.51  102.322 -1041.51  439.511
-539   52   -3 -539.543  52.3712 -3.22373  122.909 -137.654   359.92 -137.654  172.607 -575.104   359.92 -575.104   3726.4
-480   58   -3 -480.663  58.4464 -3.59238   32.199 -19.5027  43.1762 -19.5027  32.6753 -44.5295  43.1762 -44.5295  103.855
-475   51   -5  -475.33  51.4355 -5.12241  61.6625 -29.6635  339.831 -29.6635  28.4511 -265.951  339.831 -265.951  3152.97
-452   53   -5 -452.489  53.2639 -5.07772  23.9578  14.0976   28.689  14.0976  23.5228 -47.5097   28.689 -47.5097  512.433
-455   64   -3 -455.391  64.7071 -3.34285  63.6437  16.9817 -47.0811  16.9817  20.5626  10.4471 -47.0811  10.4471  234.764
-456   57    8 -456.724  57.1467  8.36835  76.4348 -104.392 -9.47354 -104.392  347.692  14.5794 -9.47354  14.5794  11.8847
-452   51   -3 -452.188  51.2878  -3.5989  801.932 -699.472 -126.867 -699.472  2391.38  265.597 -126.867  265.597  53.8528
-466   54   -5 -466.349  54.1418   -5.074  170.516 -264.009  1513.71 -264.009  572.617 -2464.15  1513.71 -2464.15  14914.7
-518   54   -3 -518.392  54.6172 -3.56641  14.5159  -6.9522 -10.6588  -6.9522  27.4387  19.8338 -10.6588  19.8338  70.2274
-471   56   -4 -471.353  56.4614 -4.51063  18.0144  1.78108 -13.6166  1.78108  26.0699  6.01238 -13.6166  6.01238  33.7147
-542   54   -2 -542.423  54.4369 -2.65936  573.419 -199.901  1980.16 -199.901  97.3558 -642.315  1980.16 -642.315  7397.02
-525   50    4 -525.842  50.8911  4.36095  205.789 -67.1107 -60.7524 -67.1107  161.718  19.9566 -60.7524  19.9566  29.8267
-491   56   -3 -491.665  56.4826 -3.22557  407.861 -432.095  2306.11 -432.095  504.279 -2628.34  2306.11 -2628.34  14155.1
-514   50   -4 -514.428  50.2484  -4.1686  14.7807 -2.89505  27.3153 -2.89505  37.0702 -150.318  27.3153 -150.318   1176.1
-520   53   -3 -520.608  53.3314 -3.29765 365.661 248.745 135.544 248.745 994.478 143.145 135.544 143.145 64.7577
-481   57    2 -481.221  57.7931  2.30583  1639.54 -695.176  -253.73 -695.176  303.429  104.195  -253.73  104.195  47.7814
-460   63   -3 -460.468  63.5416 -3.72754  20.5846  -16.112  -19.665  -16.112  168.536 -363.647  -19.665 -363.647  1184.27
-469   51   -5 -469.373  51.4342 -5.36366 13.4532  15.541 15.6103  15.541 49.4937 59.0144 15.6103 59.0144  111.07
-452   57   -4 -452.589  57.6659 -4.36611 164.596 94.6476 319.363 94.6476 122.014 35.0476 319.363 35.0476 1015.51
-462   59   -4 -462.434  59.5867 -4.36792  24.5697 -36.0205  182.749 -36.0205  89.0395  -490.38  182.749  -490.38  3579.68
-538   53   -3 -538.674   53.568 -3.12149  159.844 -295.189  1580.08 -295.189  652.547 -3264.67  1580.08 -3264.67  17751.3
-534   52    2 -534.551  52.7218  2.23432  19.4937 -10.5709 -1.41577 -10.5709  24.1682 -2.54616 -1.41577 -2.54616  20.8174
-514   55   -3 -514.172  55.6555 -3.31249  5168.13  3033.19 -3973.03  3033.19  1806.49 -2389.65 -3973.03 -2389.65  3294.04
-516   50   -4 -516.396    50.53 -4.22943  16.1633  11.8289 -67.2265  11.8289  37.3207 -191.768 -67.2265 -191.768     1403
-451   53   -3 -451.698  53.6925 -3.76564   6318.9 -59.5795  2153.56 -59.5795  463.813 -24.4406  2153.56 -24.4406  836.319
-519   50   -4 -519.461    50.41 -4.27405  147.253  175.214 -829.011  175.214  276.815 -1252.91 -829.011 -1252.91  5823.67
-513   50   -4 -513.449  50.4427 -4.10428  15.6294 -6.32389  -8.1688 -6.32389  33.4429 -97.8174  -8.1688 -97.8174   624.87
-480   54   -4 -480.513  54.2336 -4.16967  19.9838  102.645 -17.5605  102.645  1100.57 -130.964 -17.5605 -130.964  126.047
-521   58   -2 -521.451  58.3633 -2.73645  18.0332 -43.0386  113.102 -43.0386  1717.67 -4758.02  113.102 -4758.02  13338.3
-507   61   -2 -507.367  61.4204 -2.07644  6721.62  6249.02 -756.401  6249.02  5850.43 -301.103 -756.401 -301.103  9662.61
-524   56   -3 -524.505  56.3868 -3.05382  28.7603 -57.7757   358.43 -57.7757  407.142 -1741.93   358.43 -1741.93  8609.32
-460   52   -3 -460.308  52.7813 -3.51573  3850.87 -4612.16  118.266 -4612.16  5946.98 -135.369  118.266 -135.369  13.3834
-459   59   -4 -459.362  59.0553 -4.32091  23.9113  6.27189 -73.2337  6.27189  694.778  109.527 -73.2337  109.527  825.943
-536   58   -2 -536.591  58.2452 -2.39134  20.4037   16.671 -30.2928   16.671  236.694 -762.054 -30.2928 -762.054  3934.73
-525   52   -2 -525.813  52.1799 -2.61088 3713.16 -3205.8 -301.69 -3205.8 2808.16 274.896 -301.69 274.896 41.2128
-504   50   -3 -504.621  50.8015 -3.67139 60.9695 58.6156 566.781 58.6156  175.16 187.631 566.781 187.631 7963.73
-464   55   -4  -464.34  55.1409 -4.92709  31.0004 -64.5537 -31.2199 -64.5537  253.798  24.1282 -31.2199  24.1282  303.764
-517   58   -2 -517.755  58.6007 -2.68566  385.496   339.39 -556.618   339.39  1062.17 -2581.73 -556.618 -2581.73  6608.75
-461   62   -3  -461.53  62.6512 -3.89543  73.0076  42.3917 -316.638  42.3917  235.413   -244.8 -316.638   -244.8  2664.71
-475   58   -4  -475.11  58.2374 -4.20204  76.5086  -1.3397 -30.9579  -1.3397  104.807  -184.08 -30.9579  -184.08  581.937
-508   52   -1 -508.293   52.665 -1.63096  23.2345 -13.8891 -7.70878 -13.8891  34.0503  15.1517 -7.70878  15.1517  34.3616
-471   58   -4 -471.438  58.9693 -4.17303   14.817  202.688 -6.51561  202.688  7476.36 -994.676 -6.51561 -994.676  387.087
-456   54   -4 -456.433  54.4787 -4.89161  187.629 -558.222  961.455 -558.222  1865.37 -3176.35  961.455 -3176.35  5734.91
-508   51    7 -508.211  51.6778  7.55434  357.89 215.451 13.7217 215.451  215.24 24.4045 13.7217 24.4045 20.7496
-505   52    7 -505.419  52.5522  7.69932 46.2735 56.4976 18.4169 56.4976 189.426 39.9234 18.4169 39.9234 161.019
-526   55   -3 -526.226  55.7427 -3.04076  538.667 -586.623  3817.84 -586.623  726.295 -4598.17  3817.84 -4598.17  30906.8
-463   62   -3 -463.686  62.4143 -3.84454  3464.59 -5173.55 -556.814 -5173.55  7769.75  795.901 -556.814  795.901  292.318
-451   59   -4 -451.637  59.4674 -4.19767  8.74383 -12.5045  57.8516 -12.5045  149.446 -923.422  57.8516 -923.422  6494.66
-509   54   -3 -509.437  54.7523  -3.2971  143.905  820.175 -1136.15  820.175  5314.43 -7351.15 -1136.15 -7351.15  12101.5
-488   50   -4 -488.532  50.4518 -4.14476  22.9859 -3.20707  78.3048 -3.20707  43.5722 -93.3962  78.3048 -93.3962   1031.2
-508   51    8 -508.508  51.5469  8.75119  63.5865 -102.733 -8.66143 -102.733  271.357  28.5114 -8.66143  28.5114  23.5038
-460   60   -4 -460.321  60.4522 -4.16064  24.9119 -15.5196 -89.6129 -15.5196  31.4432 -16.3715 -89.6129 -16.3715  817.716
-523   51   -3 -523.734  51.4774 -3.79351  33.3593  9.09354 -25.9302  9.09354  15.9484 -2.12752 -25.9302 -2.12752  43.4145
-456   57   10 -456.613  57.0922  10.6374 178.988 239.258 5.59808 239.258 827.752 -46.783 5.59808 -46.783 21.0574
-464   50   -5 -464.538  50.2226 -5.65083  12.2845  9.19073 -37.6978  9.19073  27.1917 -98.9082 -37.6978 -98.9082   999.93
-481   54   -4  -481.35  54.2604 -4.11346 64.8015 421.431 263.368 421.431 3329.98  1729.2 263.368  1729.2 1527.85
-503   62   -1 -503.281  62.4987 -1.94435  26.1972  12.6179 -77.6103  12.6179  93.6724 -356.073 -77.6103 -356.073   1783.3
-475   57   -3 -475.381  57.5826 -3.33655   477.94  -569.04 -71.2704  -569.04  1005.98  30.7155 -71.2704  30.7155  48.8429
-487   51   -4 -487.599  51.7167 -4.09357  9.79641 -5.55079  6.89042 -5.55079  39.1548 -205.111  6.89042 -205.111  2015.92
-456   55   -4 -456.543  55.5949 -4.68772  27.6467 -78.4188  385.328 -78.4188  455.708 -2168.53  385.328 -2168.53  10783.6
-525   50    8 -525.672  50.2413  8.56556  56.1256 -56.8859  -26.975 -56.8859  218.156  70.4661  -26.975  70.4661  34.3279
-465   54   -4 -465.498  54.4859 -4.64758  38.4964 -61.8553  64.1922 -61.8553  147.512 -144.956  64.1922 -144.956  173.132
-456   57   11 -456.439  57.1959  11.4994  133.034 -350.925 -40.4764 -350.925  1560.58 -15.8814 -40.4764 -15.8814  46.7401
-488   50   -1   -488.9  50.3996 -1.83567  6032.78 -7306.74  825.238 -7306.74  9335.59 -1060.94  825.238 -1060.94  248.674
-537   50    0   -537.8  50.4977 -0.38832   127.07 -138.824  475.267 -138.824  379.186 -1580.05  475.267 -1580.05  7055.52
-474   50   -5 -474.473  50.6816 -5.29656  16.6633 -16.1099  102.398 -16.1099   33.039 -170.295  102.398 -170.295  1503.71
-478   57   -4 -478.506  57.2841   -4.115  136.099  -80.187  861.931  -80.187  549.834 -2808.37  861.931 -2808.37  16627.7
-471   53   -4 -471.698  53.8194 -4.79347  96.3124 -56.9262  130.947 -56.9262  73.6199 -95.3592  130.947 -95.3592  282.325
-470   60   -3 -470.503  60.2066 -3.73612  82.284 -59.752 1.18998 -59.752 69.2482 19.9754 1.18998 19.9754 41.6174
-467   51   -5 -467.354  51.6276 -5.47486  14.8697  3.37601  88.8458  3.37601  38.4495 -130.273  88.8458 -130.273  1887.55
-483   50   -4 -483.547  50.5876 -4.53308  52.1419   13.777  118.318   13.777  69.6701 -223.636  118.318 -223.636  1454.93
-451   57   -4 -451.671  57.5485 -4.48381  23.9967 -22.6741  149.188 -22.6741  95.5764 -693.444  149.188 -693.444  5393.26
-495   69    0 -495.479  69.1515 -0.35778 65.4314 237.038 52.9351 237.038  1163.4 249.368 52.9351 249.368 59.4279
-510   52   -3  -510.38  52.3315 -3.52443  88.5013   34.865 -58.3877   34.865  135.678 -133.754 -58.3877 -133.754  149.014
-469   61   -3  -469.18  61.4603 -3.96017  2672.19 -2365.51  7480.17 -2365.51  2148.11 -6732.99  7480.17 -6732.99  26010.5
-465   51   -5 -465.546  51.5986 -5.42373  26.8117 -15.9857  52.2903 -15.9857  21.7689 -55.3208  52.2903 -55.3208  198.457
-454   63   -3 -454.465  63.2891 -3.63685  126.297 -78.6168   949.41 -78.6168  60.4938 -626.565   949.41 -626.565   7636.2
-481   57    4 -481.13 57.9233 4.54414   104.81 -51.4341 -8.60012 -51.4341  2365.09  162.403 -8.60012  162.403  30.9932
-491   54   -3 -491.448  54.5676 -3.45767  95.9553 -90.4484  1058.34 -90.4484   230.48 -1831.14  1058.34 -1831.14  17771.7
-456   55    5 -456.512  55.7207  5.58295  63.3344 -4.18049 -2.53257 -4.18049  430.738  132.191 -2.53257  132.191  50.4356
-479   52   -4 -479.349  52.4338 -4.56378  26.7488 -4.77318  37.6667 -4.77318  10.4132 -13.2273  37.6667 -13.2273  112.708
-529   50   -3 -529.52 50.2172 -3.7147  47.1802 -249.569 -225.633 -249.569  2009.05 -220.197 -225.633 -220.197  7906.63
-509   52   -3 -509.473  52.4356 -3.62415  133.962  173.677 -411.354  173.677  252.455 -627.377 -411.354 -627.377  1652.72
-492   52   -3 -492.676  52.4189 -3.61144  25.0088 -24.9497  225.286 -24.9497  90.3341 -538.396  225.286 -538.396  4175.62
-456   53   -4 -456.762  53.8228   -4.704  208.457 -83.5925  16.7919 -83.5925  134.705 -8.76694  16.7919 -8.76694  9.38623
-486   54   -3  -486.36  54.5446 -3.88424  77.5549 -73.2345  611.991 -73.2345  105.174 -745.181  611.991 -745.181  5822.49
-450   54   -4 -450.493  54.3967  -4.4062  1428.26 -71.3917 -266.687 -71.3917  734.429 -58.7393 -266.687 -58.7393  69.1887
-524   50   -3  -524.55  50.1948 -3.73577  524.574 -55.8929  222.095 -55.8929  42.3009 -23.3126  222.095 -23.3126  99.7395
-508   50   -3 -508.758  50.3407 -3.95835  134.517  28.1285 -854.967  28.1285  42.0635 -385.172 -854.967 -385.172  7094.73
-461   61   -4 -461.645  61.3495 -4.08921 209.853 221.877 135.134 221.877 290.823 2.40009 135.134 2.40009 1046.88
-465   55   -3 -465.473  55.4471 -3.57827  3725.62 -2053.79 -29.1874 -2053.79  1403.98 -50.3056 -29.1874 -50.3056  34.0005
-510   50   -4 -510.525  50.1983 -4.02443  320.521 -924.414 -840.066 -924.414  2721.21  2429.36 -840.066  2429.36  3140.17
-472   52   -3 -472.737  52.7376 -3.45061  282.848 -88.8358 -36.9456 -88.8358  329.932  30.6505 -36.9456  30.6505   12.882
-470   50   -5 -470.454  50.5514 -5.58065  53.0225 -74.1436   114.14 -74.1436  137.763 -165.603   114.14 -165.603  1213.66
-463   51   -5 -463.335   51.302 -5.50125  21.0543 -6.91442 -16.5967 -6.91442  90.3043 -7.81516 -16.5967 -7.81516  58.3908
-462   61   -4 -462.426   61.498 -4.11064  38.9427 -10.0181 -40.2579 -10.0181  26.5754 -71.8882 -40.2579 -71.8882  510.178
-495   54   -2 -495.795  54.4056 -2.78741  123.887 -8.33652  39.6102 -8.33652  8.43827  5.61364  39.6102  5.61364  45.1053
-510   55   -3  -510.62  55.4574 -3.22625  15.3518 -13.6811  35.8064 -13.6811   167.05 -704.176  35.8064 -704.176  3324.04
-456   57   -3 -456.354  57.2734 -3.52372  46.8685  38.3338 -14.5046  38.3338  83.3333 -26.5582 -14.5046 -26.5582  17.6919
-511   50   -4 -511.646  50.2558 -4.04963  21.6615   10.784 -131.944   10.784  37.6645  -344.59 -131.944  -344.59  5674.96
-531   52   -3 -531.506  52.5565 -3.40681  427.063 -164.493  1171.79 -164.493  80.0957 -476.488  1171.79 -476.488  3737.28
-467   52   -5 -467.365  52.3073 -5.35409  18.4287  25.2394 -44.8816  25.2394  133.399 -408.698 -44.8816 -408.698  1570.38
-526   51   -3 -526.256  51.8695 -3.17577  42.0264   40.988 -14.7595   40.988  175.635 -28.4541 -14.7595 -28.4541  128.282
-460   60   -3 -460.722  60.3172 -3.58864  216.688  87.0881  28.5907  87.0881  110.335 -2.76301  28.5907 -2.76301  17.8107
-502   55   -2 -502.306   55.109 -2.93221  36.2392  293.067 -173.851  293.067  3594.21 -2151.93 -173.851 -2151.93  1781.45
-516   53   -3  -516.61  53.5823 -3.70863  115.692  52.1347 -560.792  52.1347  33.0334 -201.834 -560.792 -201.834  3475.44
-474   60   -4 -474.607  60.2469 -4.13111  271.746  52.0794 -746.879  52.0794  144.949 -1912.81 -746.879 -1912.81  32785.5
-458   61   -3 -458.586  61.4245 -3.98077  82.7209  18.5859 -1110.91  18.5859  51.3281 -367.991 -1110.91 -367.991  41404.9
-472   52   -2 -472.707  52.6628 -2.46315  781.097 -921.884 -202.305 -921.884  1521.28  273.195 -202.305  273.195  64.4445
-454   54   -4 -454.745  54.4663 -4.83709  407.254  -287.41  1956.31  -287.41  227.301 -1440.07  1956.31 -1440.07  9714.67
-524   59   -2 -524.459  59.2687 -2.35141  528.188  512.163 -1427.59  512.163  916.881 -2854.62 -1427.59 -2854.62  9148.41
-468   62   -3 -468.304  62.2463  -3.9103  988.218 -1384.13  852.684 -1384.13  1974.01 -1182.41  852.684 -1182.41  1612.33
-467   63   -3 -467.327  63.2231 -3.87313  108.124 -97.7203 -95.3584 -97.7203  115.075  58.6788 -95.3584  58.6788  292.828
-451   58   -4 -451.331  58.4593  -4.3618  17.0214   11.076 -150.075   11.076  122.029 -930.824 -150.075 -930.824   8075.5
-526   50    4 -526.043   50.891  4.50819  1631.74 -377.069 -22.7936 -377.069  232.934  16.2773 -22.7936  16.2773  8.63345
-513   53   -3 -513.461  53.4761 -3.76017   12.864  6.44155 -86.5219  6.44155  35.4246 -173.806 -86.5219 -173.806  1485.94
-522   53   -3 -522.667  53.7355 -3.79311  21.4507  -29.828  145.009  -29.828    122.8 -406.716  145.009 -406.716  1804.37
-453   54   -3 -453.293  54.7903 -3.33117  3263.37  -3798.3   571.44  -3798.3  6613.27 -1622.91   571.44 -1622.91  530.789
-532   51   -3  -532.57  51.6609 -3.41463  11.5383  17.2222 -139.462  17.2222  166.759 -1131.95 -139.462 -1131.95  9302.24
-481   54   -3 -481.495  54.3498 -3.84894 20.7811 20.7665 140.826 20.7665 469.398 1749.62 140.826 1749.62 19373.4
-460   57   -4 -460.524  57.4711 -4.57328  28.5272  35.0782 -407.347  35.0782  94.4178 -991.211 -407.347 -991.211  12166.3
-482   54   -3 -482.465  54.4627 -3.76233  38.7452  87.0094 -47.7978  87.0094   379.87 -293.764 -47.7978 -293.764  325.297
-475   54   -4  -475.47  54.1051 -4.51947  16.0054 -16.7532  15.9841 -16.7532  287.767 -91.1774  15.9841 -91.1774  67.4674
-457   63   -3 -457.687  63.2571 -3.61934  2076.74  1100.13 -1567.62  1100.13  975.667 -1486.89 -1567.62 -1486.89   2325.9
-481   57   -3 -481.156  57.4822 -3.79349  238.918  -76.136 -131.173  -76.136  43.0696 0.918978 -131.173 0.918978  301.184
-472   60   -3 -472.354   60.465 -3.73331  258.524 -271.849  36.7431 -271.849   327.02 -166.957  36.7431 -166.957  711.209
-489   62   -2 -489.361  62.2402 -2.75301  429.012 -198.799  1270.33 -198.799  126.205 -641.931  1270.33 -641.931  5220.18
-477   52   -4 -477.432  52.4393 -4.75612  36.6235 -24.9406  89.9373 -24.9406  31.1152 -103.337  89.9373 -103.337  616.011
-492   51   -3 -492.441  51.6679 -3.72485  11.3634  3.25715 -85.6721  3.25715  63.6803 -624.606 -85.6721 -624.606  7690.49
-520   61   -1 -520.252  61.1768 -1.74728  1400.15 -2555.52 -612.761 -2555.52  7966.65  4382.31 -612.761  4382.31  3565.75
-450   58   -4 -450.44 58.5615   -4.32  30.1154  29.1801 -250.132  29.1801  136.149 -884.883 -250.132 -884.883  6331.14
-511   54   -2 -511.128  54.7914  -2.3604  5782.45 -5387.59 -1071.93 -5387.59  17456.1  2335.31 -1071.93  2335.31  362.632
-540   56   -2 -540.406  56.6649 -2.49597  91.2247  -178.66 -166.751  -178.66  427.042 -148.926 -166.751 -148.926  5110.79
-536   57   -2 -536.361  57.7079 -2.49081  19.5105 -49.3184  243.314 -49.3184  372.791 -1784.23  243.314 -1784.23  9061.16
-469   53   -4 -469.702  53.7587 -4.88884 268.845  584.63 146.882  584.63 1425.39 277.186 146.882 277.186 210.651
-540   51   -3 -540.491  51.3116 -3.29517  112.105 -214.831  811.998 -214.831  454.453 -1735.36  811.998 -1735.36  7567.24
-499   54   -2  -499.42  54.8983 -2.91811  116.706  617.334 -368.955  617.334  3629.67 -2105.41 -368.955 -2105.41  1421.75
-520   59   -2 -520.413  59.4392 -2.38238   33.778 -59.4826  16.7608 -59.4826  144.793 -63.3242  16.7608 -63.3242  88.7344
-518   59   -2 -518.518  59.6308  -2.4327  44.1387  67.6299 -244.535  67.6299  490.529 -1619.89 -244.535 -1619.89  5451.73
-516   59   -2 -516.309  59.6186   -2.429   17.399  32.1306 -78.0904  32.1306   160.98 -330.765 -78.0904 -330.765   756.01
-467   59   -4 -467.387  59.5001 -4.46401   106.89  19.3808  -294.93  19.3808  38.3897 -165.726  -294.93 -165.726  1252.85
-525   61    5 -525.577  61.2725  5.62366  83.7477 -395.029 -59.0857 -395.029  5184.26  746.414 -59.0857  746.414  112.995
-517   59   -2 -517.384  59.0576 -2.53804  11.6602 -36.5245  51.4871 -36.5245  531.525 -425.874  51.4871 -425.874  1367.99
-517   54   -3 -517.483  54.7727 -3.57061  147.562 -54.5919 -928.612 -54.5919  172.693 -301.711 -928.612 -301.711  10935.9
-537   57   -2 -537.515  57.7851 -2.40202  64.3086 -144.909  656.268 -144.909  396.863 -1793.64  656.268 -1793.64   8442.6
-526   58   -2 -526.639  58.5513 -2.41548  80.4573 -74.0904  334.163 -74.0904  127.458 -506.202  334.163 -506.202  2381.03
-506   59   -2 -506.713  59.5758 -2.19082 953.645 376.748 1418.25 376.748 174.517 579.629 1418.25 579.629 2188.49
-514   60   -2 -514.375  60.3676 -2.31745  56.5701 -129.008  457.391 -129.008  423.753 -1407.85  457.391 -1407.85  4788.64
-461   63   -3 -461.471  63.6661 -3.62015  17.0428 -12.6549  1.83997 -12.6549  42.4431 -33.3649  1.83997 -33.3649  95.0033
-488   51   -4 -488.302  51.3328 -4.06705  41.2931 -14.2255  263.931 -14.2255  32.6084 -144.114  263.931 -144.114  2387.12
-547   51   -2 -547.746  51.5012 -2.20071  174.017 -125.677   35.032 -125.677  114.216 -16.1982   35.032 -16.1982  108.244
-472   52    3 -472.167  52.0926  3.49363  565.523  30.0028 -35.5945  30.0028   3804.3  578.261 -35.5945  578.261  98.8756
-535   58   -2 -535.388  58.7268 -2.30586   28.182 -35.4816  281.622 -35.4816  246.642  -1296.9  281.622  -1296.9  7574.01
-455   55   -2 -455.579    55.39 -2.70338 1136.51 866.145  76.986 866.145 1736.12  150.07  76.986  150.07 24.1104
-452   51    0 -452.157  51.2556 -0.14677    303.65  -303.374   5.34645  -303.374   911.277 -0.499792   5.34645 -0.499792   2.43577
-528   54   -3 -528.449  54.4936 -3.17751  28.6414    81.43 -404.404    81.43  416.073 -1721.95 -404.404 -1721.95  8260.89
-472   50   -5 -472.692  50.3943 -5.42349  616.195 -453.098  792.407 -453.098  339.616 -586.182  792.407 -586.182  1758.41
-478   56    0   -478.865     56.166 -0.0204616  288.275 -110.357 -13.8818 -110.357  551.539  54.4927 -13.8818  54.4927  10.3682
-529   59   -2  -529.34  59.4639 -2.12806  85.8797  99.7876 -518.393  99.7876  243.971 -1039.13 -518.393 -1039.13  4705.35
-457   56    6 -457.201  56.7655  6.70553  121.309 -129.786 -21.2004 -129.786  879.751  271.137 -21.2004  271.137  98.9746
-528   59   -2 -528.614  59.5932 -2.09097  21.6741 -43.2297  176.882 -43.2297  275.694 -1062.11  176.882 -1062.11   4245.7
-530   59   -2  -530.54  59.7141 -2.14402  26.3637  58.5916 -251.362  58.5916  557.627 -2318.81 -251.362 -2318.81  10314.6
-525   61    2 -525.66 61.4761 2.60024   54.007 -95.7678 -13.8291 -95.7678  313.896  15.3996 -13.8291  15.3996  16.6002
-513   60   -2 -513.561  60.3765 -2.39949    155.6 -282.235  1387.43 -282.235   584.15 -2787.11  1387.43 -2787.11  13681.2
-527   59   -2 -527.444  59.6754 -2.07882  23.1052 -40.5217  171.267 -40.5217  273.001  30.4695  171.267  30.4695  2933.92
-532   60   -2 -532.254  60.1242 -2.15016 85.2083 159.651 535.287 159.651 640.021 2031.17 535.287 2031.17 17036.6
-456   54    7 -456.311  54.8146  7.37805  708.147  -699.76 -225.622  -699.76  1006.71  372.696 -225.622  372.696  153.964
-494   54   -2 -494.505  54.6136 -2.91805  41.8072   -293.8 -166.378   -293.8  14545.6  814.219 -166.378  814.219  1117.06
-491   53    2 -491.46 53.9028 2.43856  105.161  258.819 -46.1224  258.819  869.616 -145.724 -46.1224 -145.724  38.0711
-537   60   -2 -537.283  60.1972 -2.03282  16.7835  7.91005  198.217  7.91005  236.634 -619.541  198.217 -619.541  11542.8
-492   59    0  -492.242   59.0611 -0.482841  503.57 1341.05 89.8024 1341.05 4600.33 305.203 89.8024 305.203  25.296
-523   60   -2 -523.484  60.6372 -2.02722  18.6315 -47.8793  278.826 -47.8793  272.729 -1253.99  278.826 -1253.99  8836.33
-480   57    4 -480.893  57.9119  4.84837    18572 -16259.7  4244.48 -16259.7  14481.9 -3713.16  4244.48 -3713.16  1026.45
-538   51   -3 -538.675  51.7202  -3.3551  47.0367 -40.0037 -88.8004 -40.0037  178.181 -1225.73 -88.8004 -1225.73    17149
-457   56    7 -457.363  56.4695  7.50837  72.4132 -111.888 -23.4276 -111.888  1423.02  609.307 -23.4276  609.307  278.989
-532   51    2 -532.67 51.2054 2.69716  22.4841  3.11101 -4.05881  3.11101  28.6849  17.1738 -4.05881  17.1738   75.825
-473   54   -4  -473.42  54.0372 -4.71407   9.69213  -53.6568 -0.845578  -53.6568   1349.95   87.2756 -0.845578   87.2756   92.7502
-470   62   -1 -470.905  62.7624 -1.68829  736.091 -1770.07 -250.478 -1770.07  11905.3  1087.03 -250.478  1087.03  128.723
-525   51   -1 -525.854  51.7901 -1.40879  126.211 -49.6373 -18.7643 -49.6373  100.781  20.1494 -18.7643  20.1494  13.8816
-526   51   -1 -526.217  51.7701 -1.55506  147.112  127.566 -23.6392  127.566  344.932  26.9184 -23.6392  26.9184  25.5034
-472   52   -1 -472.642  52.5603 -1.49906  353.212  -357.38 -26.1545  -357.38  1454.59 -15.7849 -26.1545 -15.7849  10.6981
-518   54   -1 -518.365  54.5434  -1.6342 3306.63 554.301 -12.769 554.301 1119.11 -5.1758 -12.769 -5.1758 8.93517
-453   54   -1 -453.315  54.7799 -1.64599 2104.84 1616.21 364.523 1616.21 4145.76 751.295 364.523 751.295  149.69
-472   52    1 -472.401  52.3311  1.38338    252.1 -190.702 -36.4904 -190.702  435.762  64.5864 -36.4904  64.5864  21.8936
-524   52   -3 -524.307  52.5597 -3.81015  198.211 -41.6799  1140.53 -41.6799  22.0655 -290.598  1140.53 -290.598  7336.21
-525   56   -3  -525.26  56.1418 -3.03519  45.0513  100.987 -157.972  100.987  1605.31 -3226.25 -157.972 -3226.25  7688.89
-468   53   -5 -468.548  53.3853 -5.08759  17.0113   27.725 -67.3918   27.725  126.233 -135.167 -67.3918 -135.167   1003.8
-456   57   -1 -456.431   57.292 -1.55787 124.123   149.3 7.16609   149.3 341.216 55.8494 7.16609 55.8494 28.6352
-481   58   -1 -481.423  58.3367 -1.48155  18.9922  9.45653 -2.24536  9.45653  66.3268  1.27853 -2.24536  1.27853  10.1812
-526   60   -1  -526.42  60.3978 -1.94346  13.8353 -7.74333  59.6046 -7.74333  204.838 -1035.33  59.6046 -1035.33  7089.19
-524   61   -1 -524.521  61.4282 -1.82415   10.5599 -0.643996  -31.5763 -0.643996   59.6979  -323.206  -31.5763  -323.206   2459.96
-482   54   -4 -482.502  54.4125 -4.11396 417.827 2207.07 118.995 2207.07 12052.5 525.588 118.995 525.588 705.275
-490   57    0  -490.478   57.3506 -0.452169  1368.42  1453.93  -114.19  1453.93  2219.76 -81.5717  -114.19 -81.5717  15.2679
-458   66   -1  -458.24  66.2772 -1.48993  55.9816 -113.805  14.3756 -113.805  582.819 -55.9929  14.3756 -55.9929  10.9611
-475   57   -4 -475.583  57.7254 -4.19109  43.2057 -80.2914 -57.7358 -80.2914  282.022  189.541 -57.7358  189.541  359.428
-452   51   -1 -452.129  51.2336  -1.7002 206.678 508.557 40.6072 508.557 8894.33 71.2411 40.6072 71.2411 41.9517
-510   51   -1  -510.47  51.3664 -1.44038  167.822 -707.463  -201.56 -707.463  5219.35  1395.32  -201.56  1395.32  381.378
-496   56   -1 -496.372  56.1344 -1.56721  5133.47  5591.87 -202.418  5591.87  7193.71 -265.138 -202.418 -265.138  21.6683
-468   50   -5 -468.744  50.7094 -5.54014  23.9326 -58.5998  140.114 -58.5998  578.342 -877.264  140.114 -877.264  1906.81
-536   67    6 -536.549  67.6526   6.3906 695.289 694.095 444.988 694.095 8694.37 1477.41 444.988 1477.41 429.764
-525   61   -1 -525.573  61.3981 -1.70176  24.9953 -20.1533  65.0265 -20.1533  542.377 -653.579  65.0265 -653.579  893.724
-458   66   -2   -458.2  66.2406 -2.38328  70.6737 -85.7911  7.68504 -85.7911  362.406  18.3683  7.68504  18.3683  19.5407
-473   75   -1 -473.639  75.9024 -1.53896  151.811 -332.138  14.4037 -332.138  2020.48 -107.286  14.4037 -107.286  29.6494
-522   57   -2 -522.793  57.7143 -2.88781   73.097 -180.167  760.082 -180.167  1372.72 -5653.51  760.082 -5653.51  23771.2
-506   60   -2 -506.735  60.6675 -2.15859 2203.25 974.588 1131.65 974.588 450.574 459.599 1131.65 459.599 696.726
-507   52   -1 -507.816  52.7833 -1.69519  151.362 -197.118  -22.132 -197.118  323.068  5.76696  -22.132  5.76696  423.219
-511   54    0 -511.184  54.5606 0.605348   298.77 -390.541  35.7704 -390.541   3015.1  115.094  35.7704  115.094  22.8572
-525   54   -3 -525.318  54.2356 -3.32947  31.2417 -26.9919 0.446688 -26.9919  184.442 -62.4059 0.446688 -62.4059  102.028
-521   61   -1 -521.656   61.687  -1.7091  36.1503  47.5781 -109.422  47.5781  206.008 -729.467 -109.422 -729.467  3548.22
-523   61   -1 -523.445  61.8207 -1.74768  17.6877  45.4769 -270.096  45.4769    277.3 -1139.87 -270.096 -1139.87  7800.01
-500   63   -1 -500.396  63.8399 -1.74661  640.159 -1954.98 -327.552 -1954.98  6228.37 -103.213 -327.552 -103.213   6827.1
-478   53   -4 -478.724  53.4074  -4.4355  84.7632 -38.1604   131.75 -38.1604  37.1866 -81.9447   131.75 -81.9447  266.461
-534   51    5 -534.377  51.2833  5.35062   8.8622 -1.05619  -3.1361 -1.05619  26.0091   2.5501  -3.1361   2.5501  9.59913
-512   57   -2 -512.651  57.4797 -2.96472  196.263 -470.454  1435.71 -470.454  1712.01    -4810  1435.71    -4810  14362.8
-520   62   -1 -520.332  62.5407 -1.59063  25.8112 -37.8469  177.374 -37.8469  532.921 -2794.25  177.374 -2794.25  15212.7
-511   51   -3  -511.65  51.1824 -3.82507  38.6551  28.7702 -36.8928  28.7702  105.306 -56.4224 -36.8928 -56.4224  56.2391
-530   60   -2 -530.288  60.0977 -2.06036  83.8696  256.992 -931.171  256.992   2025.7 -3242.57 -931.171 -3242.57  12326.9
-465   53   -5 -465.397  53.6651  -5.0897  55.0089 -77.9964  369.591 -77.9964  285.679 -1098.03  369.591 -1098.03  4442.91
-454   50   -5 -454.631  50.3891 -5.42839  72.1527 -17.9458  -56.023 -17.9458   141.04 -1139.21  -56.023 -1139.21  10753.4
-456   56    5 -456.794  56.7363  5.46506 2417.65 1113.01  111.63 1113.01 518.817  46.866  111.63  46.866 15.4565
-508   51    6 -508.284  51.8357  6.66296 23.8552 72.5914 22.4693 72.5914 440.615 111.591 22.4693 111.591 41.3287
-518   64   -1 -518.608  64.4163 -1.27178  9.38242 -4.16932  20.1405 -4.16932  26.4239 -92.6582  20.1405 -92.6582  447.243
-512   66   -1 -512.211  66.1991 -1.21157 626.455 544.355 86.3451 544.355 510.373 30.2593 86.3451 30.2593 145.077
-525   51    0 -525.771  51.6101 0.188324   120.604   -20.711 0.0248807   -20.711   23.4294 -0.784867 0.0248807 -0.784867   5.31884
-527   63   -1 -527.659   63.342 -1.17796  37.8248 -152.922  479.905 -152.922  1138.85 -3752.59  479.905 -3752.59  12828.2
-514   67   -1 -514.445  67.4148 -1.06961 16.2814 14.2227 100.309 14.2227 39.6537 134.082 100.309 134.082 1512.82
-508   52    3 -508.208  52.2967  3.45038 290.644 152.792 60.4535 152.792 157.303 37.0395 60.4535 37.0395 24.1664
-457   52   -5 -457.361  52.5344 -5.19616  13.0709 -2.70914 -75.2947 -2.70914    25.19  44.3039 -75.2947  44.3039  1233.49
-507   51    4 -507.916  51.9698   4.8237  588.519 -3788.97 -365.882 -3788.97  42709.5  3738.87 -365.882  3738.87  376.508
-523   54    0  -523.509   54.7806 0.0131465   821.65 -1205.36 -111.998 -1205.36   2084.8  209.759 -111.998  209.759  24.7045
-452   52   -5 -452.696  52.8322 -5.11485 170.795 -322.94 343.424 -322.94 703.829 -719.64 343.424 -719.64 984.783
-456   57    0 -456.489  57.1925 0.195941  23.831 15.1227 4.05085 15.1227 129.314 11.7038 4.05085 11.7038 4.39253
-475   57    0 -475.209  57.4778 0.286036  443.607 -801.376 -51.3086 -801.376  2400.29  156.959 -51.3086  156.959  12.9798
-525   61    0   -525.73   61.5762 -0.442454  215.445 -359.897 -7.38903 -359.897  772.563  13.8054 -7.38903  13.8054  2.63921
-493   51   -3 -493.399  51.5818 -3.65372  19.9655 -32.0556  253.704 -32.0556  108.319   -847.8  253.704   -847.8   7220.9
-474   61   -3 -474.446  61.2638 -3.94943  28.4824   42.054 -130.981   42.054  240.936 -589.849 -130.981 -589.849  2117.08
-460   52    0 -460.464  52.7568  0.14428  436.154 -498.264  54.4489 -498.264  1255.77 -82.7906  54.4489 -82.7906  11.5975
-457   55   -4 -457.342  55.6223  -4.6733  62.5615  113.533 -415.874  113.533  234.228 -887.628 -415.874 -887.628   3593.7
-454   56   -3 -454.165  56.1543 -3.32839  246.133 -10.0336 -23.0826 -10.0336  1351.86 -38.5632 -23.0826 -38.5632   11.851
-547   51    0 -547.743   51.334 0.241558  250.073  -174.24 -13.1691  -174.24  171.941  11.7794 -13.1691  11.7794   4.1605
-455   52    0  -455.596   52.5258 0.0162166  303.058 -126.984 -3.47689 -126.984  1166.81  -74.387 -3.47689  -74.387  8.45879
-450   54    0   -450.363    54.2763 -0.0166798 732.864 639.333 -67.715 639.333 1849.56 -134.41 -67.715 -134.41 12.8119
-456   57    3 -456.641  57.2346  3.60895 13.3257 7.23758 2.22383 7.23758 161.856 6.45802 2.22383 6.45802 7.17401
-493   54   -2 -493.111   54.657 -2.69552  239.395  39.7625 -112.175  39.7625  333.445  365.623 -112.175  365.623  649.892
-470   62    0  -470.899   62.7943 0.0194506  603.597 -346.187  -9.4523 -346.187  396.335  11.9072  -9.4523  11.9072  3.58849
-525   51    2 -525.754  51.2935  2.49768  139.102 -64.8805 -17.4953 -64.8805  78.8666  12.2794 -17.4953  12.2794  13.4782
-501   63   -1 -501.515  63.4176 -1.83925  109.071 -230.446  213.575 -230.446  529.462 -502.509  213.575 -502.509  570.251
-538   50    0  -538.416   50.4636 -0.397491  20.5158  22.8506 -30.5683  22.8506  50.9289 -56.4801 -30.5683 -56.4801  148.691
-480   52   -4 -480.315  52.3428 -4.52991  158.082 -69.2002  220.423 -69.2002  50.4502  -133.25  220.423  -133.25  483.394
-516   58    0 -516.682  58.2177 0.353036  59.6606  -219.19 -8.10955  -219.19   1491.6  70.2301 -8.10955  70.2301  5.02836
-547   51    1 -547.692   51.268  1.46261  111.327 -75.2838 -10.8322 -75.2838  73.1518  3.15674 -10.8322  3.15674  18.7656
-537   51    0  -537.738   51.2842 -0.389164   101.36  94.3479 -118.187  94.3479  152.153 -49.7323 -118.187 -49.7323  636.812
-536   51    0  -536.104   51.5257 -0.355602  2369.94 -1792.22  963.355 -1792.22  1504.99 -880.132  963.355 -880.132  603.678
-523   55   -2 -523.358  55.1376 -2.75176  4332.92 -4054.22 -453.134 -4054.22  3936.24   447.18 -453.134   447.18  63.9846
-499   51    0  -499.424   51.3415 -0.151788 361.144 468.436 60.2048 468.436 623.193 87.1831 60.2048 87.1831 24.8139
-480   58    3 -480.773  58.2011  3.77327  53.9981 -121.793 -35.3669 -121.793  355.622  91.3667 -35.3669  91.3667  37.3421
-453   54    0  -453.277   54.6972 0.0892101  627.519 -296.649 -78.1767 -296.649  1194.82   63.652 -78.1767   63.652    14.06
-458   55    9 -458.094   55.349  9.86238  629.574 -473.433 -213.786 -473.433  699.828  442.612 -213.786  442.612  365.985
-530   73    6 -530.649  73.5991  6.48461  82.0813  91.1249 -38.0897  91.1249  2447.36 -380.926 -38.0897 -380.926  79.3104
-480   58    1 -480.724  58.1745  1.68571 56.5011 84.1625 21.9652 84.1625 188.019 42.7806 21.9652 42.7806 16.7363
-475   53   -4 -475.643   53.656 -4.80576  31.5217 -30.9125  202.297 -30.9125   151.09  -566.91  202.297  -566.91  2641.24
-536   67    1 -536.24 67.7712 1.56651   608.74 -1109.32  3.71595 -1109.32  2214.47 -15.3828  3.71595 -15.3828  9.58092
-458   55   -4 -458.435   55.754 -4.71225  27.7337  32.2701 -405.602  32.2701  69.3973 -674.241 -405.602 -674.241  9103.41
-455   57   -2   -455.9  57.4245 -2.58585  758.762 -606.573 -91.8218 -606.573  590.854  90.4224 -91.8218  90.4224  29.4432
-456   57    5 -456.614  57.2704  5.52268    201.102   -193.784 -0.0735358   -193.784    213.289    5.04293 -0.0735358    5.04293    11.4902
-532   59   -2 -532.399  59.6235  -2.1876  67.0713 -96.9359  353.936 -96.9359  154.462 -580.184  353.936 -580.184  2629.99
-495   51   -3 -495.575  51.5932 -3.61355  9.11351  10.9333  -64.534  10.9333  38.6863 -208.044  -64.534 -208.044  1499.79
-480   58    0 -480.918  58.3344  0.60972  1754.47 -764.983 -105.035 -764.983  498.076  66.1966 -105.035  66.1966  20.6894
-506   57    1 -506.481   57.219  1.59775  90.6877 -270.417  41.7843 -270.417  1378.48 -174.335  41.7843 -174.335  32.3181
-503   57   -2 -503.674   57.257  -2.3824  2249.84 -600.843 -369.746 -600.843   530.63  154.801 -369.746  154.801  80.5866
-481   58    1 -481.225  58.1038    1.503  65.408  14.511 14.2672  14.511 165.515 7.59344 14.2672 7.59344 10.8806
-485   50   -4 -485.778  50.5094 -4.38696  239.381  -109.88  871.061  -109.88  72.1557 -426.607  871.061 -426.607  3667.14
-456   56    4 -456.603  56.2379  4.47038 59.8892 63.1582   20.66 63.1582  274.76 73.1806   20.66 73.1806 26.8041
-525   51    1 -525.785  51.4059  1.56799  96.0096 -40.3764 -11.6243 -40.3764  51.1054  8.09477 -11.6243  8.09477   9.1677
-453   59   -2 -453.381   59.752 -2.58173   658.49 -1201.62 -16.1763 -1201.62  4209.99 -32.4306 -16.1763 -32.4306  70.1486
-508   52    1 -508.236  52.5045  1.51903 246.131 313.868 17.7321 313.868 482.413 28.1059 17.7321 28.1059 14.5648
-507   52    1 -507.833  52.6487  1.39153 143.115 23.8429 18.1313 23.8429 57.5665 17.8676 18.1313 17.8676 16.0644
-456   57    1 -456.459  57.1434  1.52958  14.6183 -4.55821 -5.32578 -4.55821  115.229  5.93663 -5.32578  5.93663  18.8216
-497   50   -3 -497.718  50.5589 -3.64385  40.6695 -42.2882   119.52 -42.2882  88.4651 -220.074   119.52 -220.074  723.666
-516   58    1 -516.719  58.2065  1.55936  476.143 -987.784  155.067 -987.784   2401.4 -354.485  155.067 -354.485  60.3758
-500   51   -2 -500.036  51.7628 -2.42714  3733.41  454.587 -296.217  454.587  1561.59 -47.0832 -296.217 -47.0832  32.9464
-547   51    2 -547.67 51.1604 2.73779  3901.71  -2541.8 -2735.84  -2541.8  1733.24  1760.21 -2735.84  1760.21  2063.96
-513   58   -2 -513.677  58.7491 -2.48953  148.579 -103.554  9.20136 -103.554  345.016  19.5382  9.20136  19.5382   25.209
-476   56   -3 -476.373  56.0899 -3.62727  123.956 -106.927 -13.8467 -106.927  1498.26  290.191 -13.8467  290.191  88.0199
-507   51    5 -507.851  51.9238  5.49235  225.761 -505.472 -61.9773 -505.472  2270.83  289.813 -61.9773  289.813  60.9992
-525   51    3 -525.718  51.1613  3.47517  184.631 -232.326 -10.0663 -232.326  358.993  27.9817 -10.0663  27.9817  18.4855
-535   51    0    -535.7   51.5474 -0.314623 209.936  148.97 188.743  148.97 125.631 177.273 188.743 177.273 317.035
-456   57   -4 -456.389  57.3144 -4.18759  37.8267  16.7983 -21.3719  16.7983  20.2778 -11.1464 -21.3719 -11.1464  50.9385
-475   52   -4 -475.662  52.5694 -4.91805  230.763 -292.188  494.325 -292.188  404.121 -474.951  494.325 -474.951  4182.82
-452   51    2 -452.37 51.2114 2.25794  523.626 -273.176 -36.3861 -273.176  276.819 -12.6084 -36.3861 -12.6084  79.6907
-456   57    2 -456.434   57.196  2.41325   10.8418  -2.54216  -3.50645  -2.54216   58.6739 -0.961366  -3.50645 -0.961366   13.5502
-481   58    2 -481.532    58.23  2.33835 251.914  75.984 17.8764  75.984  173.91  66.176 17.8764  66.176 32.5846
-480   50   -4 -480.404  50.2084 -4.57824  10.7397  6.20431 -3.38718  6.20431  120.705 -130.481 -3.38718 -130.481  164.038
-507   52    2 -507.84 52.4586 2.63877  163.583 -116.667 -39.7181 -116.667  270.902  57.1521 -39.7181  57.1521  24.9154
-461   60    2 -461.511  60.3594  2.58162 264.179  291.93 95.1653  291.93 1327.36 222.414 95.1653 222.414  57.712
-535   52    2 -535.216  52.4103  2.44893  127.228  16.0091  18.0204  16.0091  99.6712 -92.3118  18.0204 -92.3118  109.151
-520   53    2 -520.449  53.3027  2.54041  106.937 -119.729 -14.2543 -119.729  222.276  43.5661 -14.2543  43.5661  25.5087
-456   56    2 -456.547  56.8544   2.6378  92.0348 -39.7975  12.5456 -39.7975  426.122  57.4082  12.5456  57.4082  34.5821
-480   58    2 -480.823  58.1474  2.54616  21.212  45.852  7.6305  45.852 4611.44 839.258  7.6305 839.258 167.335
-521   53    2 -521.859  53.9652   2.5183 908.582 1309.14 232.361 1309.14 2985.24 455.484 232.361 455.484 120.045
-470   62    2 -470.802   62.769  2.57753  1105.33 -1148.49  40.1215 -1148.49  1475.31 -89.2171  40.1215 -89.2171  34.9449
-458   66    2 -458.548  66.0883  2.66636  474.969 -139.191  202.423 -139.191  388.619 -10.3957  202.423 -10.3957  112.774
-530   68    2 -530.862  68.9029  2.70522  7494.16 -5588.11  1809.74 -5588.11  4510.69 -1315.41  1809.74 -1315.41  453.994
-492   66    4 -492.384  66.5824   4.5049   655.77 -527.763 -69.9514 -527.763  890.816  95.2227 -69.9514  95.2227  23.0181
-530   73    2 -530.563  73.5214  2.50603  27.4658 -41.6516  2.78775 -41.6516  1004.55 -181.978  2.78775 -181.978  59.1299
-512   55   -3 -512.537  55.3033  -3.3312  24.4555  33.5657 -141.018  33.5657  333.182 -1493.93 -141.018 -1493.93   7061.4
-533   50    2 -533.358  50.3936  2.70199  334.318  15.4421 -193.843  15.4421  38.8816 -106.337 -193.843 -106.337  455.202
-547   50    5 -547.746  50.7242  5.64084  954.182 -861.429  146.212 -861.429  924.544 -213.352  146.212 -213.352  116.007
-536   67    2 -536.267  67.7911  2.66931   78.681 -28.2095  61.5782 -28.2095  201.322  17.8968  61.5782  17.8968  140.517
-532   50    2 -532.506  50.9406  2.85592 21.9541 26.4223 -5.1198 26.4223 1243.47 145.101 -5.1198 145.101 122.675
-515   50   -4 -515.512   50.347 -4.21616  12.8088  7.39991  -72.991  7.39991  23.4709 -146.741  -72.991 -146.741  1714.63
-507   52   -2 -507.868  52.7591 -2.48456   253.79 -181.958  8.07211 -181.958   228.21 -3.14708  8.07211 -3.14708  9.25596
-481   58    3 -481.241  58.0757  3.34747 82.8885 103.885 31.8083 103.885 406.756 46.5487 31.8083 46.5487 24.4662
-458   66    3 -458.728  66.0629  3.29716 194.936 98.9162 89.3187 98.9162 406.376  42.101 89.3187  42.101 52.8735
-463   56    3 -463.485  56.1948  3.54947 5195.98 2650.24 3579.88 2650.24 1411.61 1803.17 3579.88 1803.17 2539.51
-481   57    3 -481.174  57.9246   3.6919  999.102  282.165  76.1148  282.165  928.395 -94.5467  76.1148 -94.5467  34.8797
-547   50    3 -547.757  50.9043   3.6406  380.924 -153.095   2.2867 -153.095  550.874  55.3492   2.2867  55.3492  17.2889
-507   52    3 -507.785  52.2427  3.47081  34.5221  8.46047 -6.48159  8.46047  171.415  36.8393 -6.48159  36.8393   23.403
-477   57   -4  -477.48  57.3703 -4.24388   54.322 -128.861  502.983 -128.861  350.078 -1356.75  502.983 -1356.75  5575.96
-506   57    3 -506.769  57.2503  3.60172  317.962  26.9239 -88.8129  26.9239  3552.59 -319.325 -88.8129 -319.325  61.3742
-525   61    3 -525.61   61.41  3.7144  374.886 -215.522  66.2412 -215.522  759.003   15.276  66.2412   15.276  33.1062
-472   51    4 -472.072  51.9267  4.42863  2356.07 -265.434 -425.681 -265.434  616.611  220.164 -425.681  220.164  197.257
-458   65    3 -458.688  65.9515  3.52605  322.889 -344.771 -47.9102 -344.771     1088   74.042 -47.9102   74.042  22.5133
-480   73    3 -480.254  73.7258  3.68683 206.796 118.247 121.432 118.247 2937.98 300.502 121.432 300.502 101.949
-535   50    3 -535.438  50.4848   3.6044 40.0447 -3.2055 50.3048 -3.2055 13.6905 1.76338 50.3048 1.76338 113.672
-472   52    2 -472.311  52.2042  2.40183  398.457 -404.231 -80.1715 -404.231  789.192  94.9678 -80.1715  94.9678  32.6867
-536   67    3 -536.355  67.7251  3.83216  275.014  2044.79 -345.123  2044.79  20066.8 -2318.77 -345.123 -2318.77  545.786
-522   54   -3 -522.432  54.4672 -3.64642  36.2426 -23.5689  44.5968 -23.5689  54.4846 -116.943  44.5968 -116.943  334.818
-460   73    5 -460.409  73.3667  5.38986  407.599  709.612 0.932671  709.612   3271.5 -28.2971 0.932671 -28.2971   11.532
-532   51    5 -532.719  51.5317  5.36423 954.523 436.365 683.609 436.365 214.081 320.185 683.609 320.185 499.503
-547   50    4 -547.664  50.7825  4.55856  80.0787 -89.9166 -21.0572 -89.9166  192.602  34.9075 -21.0572  34.9075  18.8779
-522   53    4 -522.422  53.7222   4.2602   91.928 -216.374 -27.4355 -216.374  633.376  48.3509 -27.4355  48.3509  16.7248
-461   59   -4 -461.487  59.5557 -4.32455  11.3111  10.7495 -11.4123  10.7495  107.378 -112.688 -11.4123 -112.688   225.38
-525   61    4 -525.642  61.3878  4.50672  52.2565 -69.0617 -13.2688 -69.0617  786.523  107.409 -13.2688  107.409  21.9464
-480   57   12 -480.392  57.6475  12.5588  152.915 -58.1799 -11.6172 -58.1799  184.798 -9.13752 -11.6172 -9.13752  8.66117
-478   55    1 -478.784  55.9096  1.75044  848.065 -465.812 -259.017 -465.812   789.07  226.696 -259.017  226.696  134.621
-536   67    4 -536.323  67.6824  4.08366  8522.67   -21753  3469.99   -21753  56490.5 -8971.25  3469.99 -8971.25  1494.55
-526   50    6 -526.423  50.4173  6.55321   8.52822  -3.54424 -0.237008  -3.54424   19.2698    4.6302 -0.237008    4.6302   12.4752
-516   54   -3  -516.62   54.693 -3.55171  47.2743  87.0436  -365.15  87.0436  469.665 -2282.53  -365.15 -2282.53  11655.2
-456   57    4 -456.751   57.183  4.60464  43.1955   71.738 -4.55176   71.738  313.526 -23.5766 -4.55176 -23.5766  14.5463
-508   52    4 -508.166  52.1773  4.46165 440.901 245.188 132.938 245.188 198.227 75.3034 132.938 75.3034 76.8126
-472   52    0   -472.559    52.4714 -0.0377382  582.088  -464.69 -105.594  -464.69  624.203  116.807 -105.594  116.807  28.1519
-507   52    0   -507.882    52.7345 -0.0644905   104.33 -50.3993 -4.33653 -50.3993  121.014  7.75299 -4.33653  7.75299  3.00566
-497   56    0    -497.98    56.8676 -0.0241355  6978.45 -1152.16  87.7673 -1152.16  628.728 -30.2892  87.7673 -30.2892  8.86504
-525   50    5 -525.761  50.7611   5.5935  379.762 -557.185 -102.574 -557.185  969.143  155.382 -102.574  155.382  41.8578
-480   57    5 -480.871  57.9222  5.40266  1038.62 -643.445  83.6925 -643.445  1157.17   9.4537  83.6925   9.4537  21.6386
-536   67    5 -536.445  67.7185  5.33281  161.396 -1362.68 -141.525 -1362.68  15652.9  1843.05 -141.525  1843.05   246.89
-533   52    5 -533.509  52.4521  5.53692 8.16518 8.34262 6.93942 8.34262 69.1324 57.6694 6.93942 57.6694 64.1681
-533   50    5 -533.505  50.5544  5.57532  57.8943 -14.8749  34.4992 -14.8749  102.075 -136.206  34.4992 -136.206  195.565
-508   50   10 -508.66 50.8714 10.5968 2504.25 8270.14 6193.07 8270.14 29951.6 22487.5 6193.07 22487.5 17097.8
-526   50    5 -526.24 50.6495 5.60759  33.4542 -30.0447  19.0035 -30.0447  37.1028 -16.6861  19.0035 -16.6861  24.8842
-508   51    5 -508.084   51.932  5.56792 562.879 609.499 46.1043 609.499 1177.05  71.849 46.1043  71.849 23.4489
-508   52    5 -508.206  52.0868  5.45337  10106.4 -6143.71  2516.38 -6143.71  8131.74 -2741.41  2516.38 -2741.41  978.048
-477   61   -3 -477.507   61.329 -3.71541   69.422  195.287 -150.253  195.287  726.535 -637.095 -150.253 -637.095  602.768
-525   51   -2 -525.856  51.7647  -2.4582  6244.13  2800.87 -1074.83  2800.87  1275.93 -491.146 -1074.83 -491.146  200.941
-519   55   -3 -519.438   55.473 -3.44736   18.294 -13.2564  72.0047 -13.2564  33.8886 -191.913  72.0047 -191.913   1431.5
-465   50   -5 -465.514  50.6692   -5.604  12.9245  5.82275  -38.122  5.82275   24.831 -85.3398  -38.122 -85.3398  493.781
-533   51    6 -533.563  51.3036  6.11628  225.269 -192.803 -106.647 -192.803  217.789  155.693 -106.647  155.693   221.71
-507   51    6 -507.874  51.7702  6.50155  390.887 -354.777 -50.7731 -354.777  924.653  161.195 -50.7731  161.195  38.0607
-456   55    6 -456.504  55.2852  6.46958 173.445 124.609  19.286 124.609 288.084 91.6963  19.286 91.6963 49.6324
-470   62    6 -470.808  62.7778   6.3099 6691.86 5616.05 678.711 5616.05 7583.56 699.607 678.711 699.607 90.3013
-496   51   -3 -496.483  51.6325 -3.40009  41.8935 -41.5837 -5.77953 -41.5837  56.8047  16.7202 -5.77953  16.7202  49.0509
-525   61    6 -525.602   61.123  6.75753  174.625  -304.13 -27.8733  -304.13  1182.25  32.6067 -27.8733  32.6067  14.2453
