-559   43    6 -559.445  43.8728   6.5208  2435.31 -2264.71 -75.5238 -2264.71  2700.35  149.117 -75.5238  149.117  26.5373
-559   49    5 -559.353  49.2533  5.63928  177.335 -101.809  40.7391 -101.809  144.833 -14.1885  40.7391 -14.1885  22.9861
-550   46    5 -550.61 46.4673   5.339   36.912  32.5355 -268.668  32.5355   86.549 -343.885 -268.668 -343.885   4785.6
-576    8    5 -576.422  8.48613  5.23955  2819.66 -602.538 -5221.38 -602.538  142.198  1122.52 -5221.38  1122.52  9956.09
-550   47    5 -550.087  47.4167  5.32234  770.545 -1501.31 -236.002 -1501.31  3404.87  511.015 -236.002  511.015  82.7257
-559   44    4 -559.423  44.1685  4.57285   1150.17  -422.827    28.218  -422.827   254.179 -0.826827    28.218 -0.826827   9.81483
-550   45    3 -550.276  45.6554  3.49531  839.246 -821.296  676.479 -821.296  835.704 -683.253  676.479 -683.253    568.2
-559   37    2 -559.272  37.6062  2.75592  91.5666  -13.281 -57.8969  -13.281  37.3918  41.9528 -57.8969  41.9528  112.276
-575    8    2 -575.63 8.60637 2.66949  37.5161 -17.8456  23.5234 -17.8456  298.616  79.6272  23.5234  79.6272  67.3035
-550   47    2 -550.172  47.4997  2.46801  207.651  -90.449 -10.6384  -90.449  72.7691  7.77449 -10.6384  7.77449  11.7141
-559   38    2 -559.115  38.2022  2.27554 4304.67 15.7356 345.331 15.7356   111.5 26.8207 345.331 26.8207 69.9277
-570   47    1 -570.134  47.2288  1.52999  1448.46 -997.074 -104.488 -997.074  862.973  44.4966 -104.488  44.4966  61.3585
-554   36    1 -554.752  36.2838  1.64602  11.4772 -10.7407  -5.7296 -10.7407  269.095  67.2702  -5.7296  67.2702   26.548
-550   47    1 -550.109  47.5459  1.41627  1356.99 -635.394  11.6142 -635.394  1021.01 -204.004  11.6142 -204.004  64.6981
-559   44    1 -559.474  44.4447  1.49104  741.006 -349.803 -43.4022 -349.803  184.824  22.3081 -43.4022  22.3081  10.7928
-559   37    0 -559.211  37.7836 0.660557  711.563  -726.65 -101.235  -726.65  766.989  114.355 -101.235  114.355  30.5007
-569   47    6 -569.529  47.2368  6.61712   2161.3 -1012.18  443.941 -1012.18  723.058 -92.7744  443.941 -92.7744  177.333
-559   44    0  -559.449   44.4163 0.0642715  277.621 -160.247  -2.4957 -160.247  200.858  4.28331  -2.4957  4.28331  3.66524
-560   41    0   -560.44   41.5889 0.0801989  1577.84 -1168.77 -409.638 -1168.77  1386.37  359.974 -409.638  359.974  115.379
-558   38    0  -558.834   38.2083 0.0797017  376.059 -84.9435  12.3998 -84.9435  66.8345  0.48402  12.3998  0.48402  4.18426
-555   36    0  -555.16  36.4034 0.304877  901.821 -282.181 -74.7059 -282.181  239.627  43.8928 -74.7059  43.8928  10.5672
-550   47    0  -550.118   47.5847 -0.244807   320.65  -211.41 -1.80429  -211.41  167.461  4.24855 -1.80429  4.24855  4.01898
-555   36   -3 -555.593  36.5623 -3.40988  29.5911 -8.37117  -22.579 -8.37117  34.1651 -24.4068  -22.579 -24.4068  61.3454
-555   20   -4 -555.277  20.7939 -4.69482  11590.8 -3873.62  -2953.7 -3873.62  1570.43 -2857.11  -2953.7 -2857.11    80584
-554   36   -3 -554.639  36.7231 -3.70719  256.823 -161.244  1069.19 -161.244  147.071 -833.034  1069.19 -833.034  5275.31
-564   32   -4 -564.241  32.4742 -4.05532  10.2869  37.9714 -107.707  37.9714  494.645 -1414.48 -107.707 -1414.48  7031.34
-559   49    4 -559.226   49.283  4.40932  440.404  -496.26 -100.588  -496.26  725.556  69.8103 -100.588  69.8103  96.3334
-564   43   -1 -564.383  43.5281 -1.51099  45.3855 -32.7101 -1.98975 -32.7101  32.8428  1.99902 -1.98975  1.99902  15.0292
-557   40   -3 -557.576   40.434 -3.26122   152.53 -249.061   381.74 -249.061  456.856 -619.172   381.74 -619.172   1252.1
-557   28   -4 -557.477  28.4259  -4.4364  39.1981 -35.3608 -291.782 -35.3608   117.95 -350.603 -291.782 -350.603  12331.9
-550   47   -2 -550.281  47.4339 -2.45206  8181.16 -4266.18 -5613.64 -4266.18  2321.59  2961.01 -5613.64  2961.01   3883.3
-575    7    6 -575.367  7.43641  6.39058  24.0807 -2.31662  16.1425 -2.31662  49.1937  4.38315  16.1425  4.38315  35.9259
-559   35    1 -559.648  35.4416  1.71333  3290.64  848.923 -3428.13  848.923  284.852  -1490.4 -3428.13  -1490.4  10456.3
-552   26   -4 -552.571  26.5275 -4.70617  3366.79  3974.04 -31.7176  3974.04  4710.67  26.8049 -31.7176  26.8049  8068.97
-551   32   -4 -551.511  32.6682 -4.23247  1338.54 -2540.93  1344.21 -2540.93  4886.99 -2841.89  1344.21 -2841.89  10270.3
-559   37    3 -559.392    37.69  3.47705    150.939 -0.0134202    65.1376 -0.0134202    21.6359   -9.42521    65.1376   -9.42521    39.8195
-559   37    1 -559.387  37.6849  1.54498  58.1184 -43.3568  12.3634 -43.3568  42.1903 -12.5598  12.3634 -12.5598  11.6853
-590    6    4 -590.587  6.55044  4.54067 1568.39 384.805  578.01 384.805 163.479 148.065  578.01 148.065 222.232
-555   31   -4 -555.353  31.6856 -4.28424   35.006  7.19071 -191.546  7.19071   24.212 -367.897 -191.546 -367.897  8842.53
-550   32   -4 -550.575   32.755 -4.21551  85.4157 -377.405  831.837 -377.405  1994.81  -4103.9  831.837  -4103.9  10710.7
-556   34    3 -556.171  34.8135  3.83999  5653.36   -18465 -7618.98   -18465  70421.2  31710.7 -7618.98  31710.7  15084.1
-552   32   -4 -552.542  32.4978 -4.22937  16.2395 -20.3159  54.8756 -20.3159  193.391 -964.576  54.8756 -964.576  5237.63
-560   34    1 -560.636  34.5485  1.78166  4140.04 -223.019  6098.59 -223.019  252.209 -9.45919  6098.59 -9.45919  9587.09
-550   47    4 -550.048  47.5268  4.63278  2303.02 -638.673 -86.2353 -638.673  347.435  38.4426 -86.2353  38.4426  21.6364
-550   37   -3 -550.654   37.242 -3.81593  12.7189  5.43516 -62.9187  5.43516  158.527 -976.763 -62.9187 -976.763    12316
-560   37    0  -560.172   37.1518 -0.594668  2902.35 -844.509 -269.615 -844.509  761.763  66.6329 -269.615  66.6329   30.812
-567   30   -4 -567.385  30.4205 -4.18994  190.232 -140.029 -315.954 -140.029  176.389 -631.765 -315.954 -631.765  19523.5
-554   37   -3 -554.331  37.5477 -3.62629  55.2481 -21.9821 -14.3213 -21.9821  26.2374 -90.3683 -14.3213 -90.3683  923.431
-575    6    5 -575.703  6.37662  5.50507  142.897 -3.98501 -128.272 -3.98501  58.6821 -15.9971 -128.272 -15.9971  149.908
-559    3   -2 -559.939  3.58681  -2.1472  11464.6  68.9542 -694.073  68.9542  19.4622 -48.9987 -694.073 -48.9987  1240.98
-556   35    0 -556.251  35.7035 0.387402  2962.59 -319.529 -313.353 -319.529  88.1235  43.1767 -313.353  43.1767  37.9346
-554   43   -3  -554.45  43.5003 -3.21832  71.5031 -167.336  104.857 -167.336  438.046 -352.427  104.857 -352.427  6435.85
-560    5   -3 -560.108  5.30471   -3.023  18702.7  -599.04 -19.4416  -599.04  57.6076 -605.744 -19.4416 -605.744  18702.3
-576    5    5 -576.479  5.28613  5.28741  23.9524   11.855 -15.7186   11.855  118.519 -86.5818 -15.7186 -86.5818   97.053
-558   38   -2  -558.62  38.7027 -2.54513  1461.08 -308.598  -53.555 -308.598  99.3369  31.3182  -53.555  31.3182  31.6789
-569   39    1 -569.501  39.3818  1.11193  187.447 -86.4672 -71.5915 -86.4672  57.6367  70.6141 -71.5915  70.6141  792.681
-561   32   -4 -561.349  32.5493 -4.08343  25.7957   136.88  -327.03   136.88  1683.51 -4247.01  -327.03 -4247.01  11059.4
-558   45   -2   -558.4  45.3681 -2.38884  822.864 -636.382  3456.25 -636.382  520.116 -2752.74  3456.25 -2752.74  15716.4
-556   34    5 -556.173  34.3678  5.38236 4370.03 3134.64 512.176 3134.64 2581.12 381.951 512.176 381.951  67.525
-559   37    5 -559.687  37.3301  5.25763  1156.73  1160.57 -226.223  1160.57  1240.69 -356.427 -226.223 -356.427   300.67
-560   32   -4 -560.273  32.5452 -4.08476  215.039 -409.507   1933.8 -409.507  881.422 -4066.58   1933.8 -4066.58  19242.4
-556   36   -1 -556.248   36.076 -1.45013  5104.77 -830.504 -631.807 -830.504  432.438  135.956 -631.807  135.956  91.8278
-559   37    4 -559.602  37.4112  4.58302  337.54  248.65 110.486  248.65 206.135 86.6886 110.486 86.6886  51.563
-556   35    1 -556.215  35.3359  1.64763  667.798 -111.834 -23.8961 -111.834  59.3832  7.25198 -23.8961  7.25198  10.0865
-553   32   -4 -553.362  32.5172  -4.2116 7.82592 -6.4526 37.0461 -6.4526 220.011 -1214.8 37.0461 -1214.8 7430.48
