-550   56    5 -550.546  56.4394  5.47111  7105.22 -6271.06  498.668 -6271.06  5612.22  -418.03  498.668  -418.03  57.3292
-554   51    1 -554.475  51.2176    1.209  64.4933  83.6176 -2.10623  83.6176  171.797  29.0154 -2.10623  29.0154  34.6817
-560   61    1 -560.641  61.3727  1.20976  102.029 -24.2614  101.508 -24.2614  43.1635 -39.3035  101.508 -39.3035  124.674
-559   51    0   -559.816    51.1917 -0.0269364  238.665 -62.6586 -3.02406 -62.6586  197.876  11.4187 -3.02406  11.4187  2.57618
-554   50    3 -554.681  50.6256  3.30141  2650.97 -2521.48 -141.201 -2521.48  2538.89    173.4 -141.201    173.4  33.4817
-550   56    2 -550.636  56.8076  2.59254   867.17 -1102.44 -225.965 -1102.44  1456.38  297.585 -225.965  297.585  74.2237
-550   56    1 -550.765  56.9046  1.50725  648.396  -908.66  362.809  -908.66  2034.41 -810.064  362.809 -810.064  403.767
-550   56    4 -550.636  56.5581  4.47728  80.1141 -56.5135  -8.0893 -56.5135  81.2892  11.2809  -8.0893  11.2809  12.0707
-550   56    6 -550.412  56.4008  6.34852  291.212 -504.544 -29.1457 -504.544   1393.2  93.7515 -29.1457  93.7515  27.7167
-559   51    2 -559.837  51.2242  2.49042  912.335 -583.084 -129.698 -583.084  629.989   168.33 -129.698   168.33  103.998
-550   56    3 -550.71  56.687 3.28043  117.224 -81.0191  22.0784 -81.0191   142.55 -11.7903  22.0784 -11.7903  22.7597
-550   57    0   -550.632    57.1915 -0.0183898  865.617 -379.406 -120.779 -379.406  236.197  53.2031 -120.779  53.2031  20.7789
-550   55    8 -550.476  55.8775  8.23845  166.201 -227.021   10.225 -227.021  802.375  9.33522   10.225  9.33522  36.6478
