 2 -1  1  21.7008 -12.8797  10.7939  0.516813  -1.15627  0.297647  -1.15627   3.32628 -0.460658  0.297647 -0.460658   4.86845
-2 -2  1 -28.7712 -28.9942  11.5948   1.17021 -0.059169 -0.604091 -0.059169  0.517447   0.33584 -0.604091   0.33584   2.96794
-3 -4  1 -37.7178 -40.4601  11.5135  3.58028 0.460659  1.10793 0.460659  5.74391 0.280467  1.10793 0.280467   1.7916
 0 -3  1  3.71903 -34.9693  10.7879   1.78253   -1.6224 -0.143758   -1.6224   4.35524   1.60357 -0.143758   1.60357   2.47792
 1 -1  1  19.2978 -11.7945  10.3829 301.549 58.8695 221.496 58.8695 12.9622 43.3864 221.496 43.3864 182.939
-3 -1  1 -34.4423 -18.1391  11.2923  0.259777  0.084835  0.150571  0.084835   1.04274 -0.134329  0.150571 -0.134329   1.73293
-4 -1  1  -42.395 -18.8052   11.201  0.343655  0.202245 -0.143128  0.202245   1.35702  0.101468 -0.143128  0.101468   1.30021
-3 -2  1 -35.7061 -25.6868  11.7934   0.190584  0.0118059   0.103595  0.0118059   0.218659 -0.0748352   0.103595 -0.0748352    0.59515
-3 -3  1 -34.6208  -34.752  11.0356    0.10345 -0.0283062 -0.0599735 -0.0283062   0.208075   0.271649 -0.0599735   0.271649    2.10672
1 0 1   14.8359 -0.720722   10.2243  4.77513 -1.33741 -21.7331 -1.33741   2.3219 -12.2659 -21.7331 -12.2659  356.752
-4 -3  1 -43.9174 -32.7217  11.5859   0.497691   0.256624   0.038207   0.256624     0.2605 -0.0361086   0.038207 -0.0361086   0.956252
 4 -1  0   40.991 -14.3303  2.74515   50.2484    1.6557   -8.0493    1.6557  0.522975 -0.851196   -8.0493 -0.851196   2.20467
 1 -4  0  12.9966 -44.3115  1.23109  0.503282 0.0239708 -0.487257 0.0239708  0.888188  0.725488 -0.487257  0.725488   2.29875
 1 -2  0  13.2563 -22.7844  2.69723     0.19579   0.0538922  -0.0894512   0.0538922    0.117995 -0.00938884  -0.0894512 -0.00938884    0.215157
 0 -4  0 -7.71916 -43.7346 0.968489   0.168238   0.011498 -0.0651201   0.011498   0.103965 0.00215585 -0.0651201 0.00215585   0.458484
-1 -2  0 -15.5541 -25.0994 -1.13848   0.100825 -0.0130185 0.00602878 -0.0130185   0.149751   0.315209 0.00602878   0.315209    9.57174
4 1 0   41.3502   14.9323 -0.914176   0.462752 -0.0627634   0.353259 -0.0627634   0.153196   0.102748   0.353259   0.102748    3.08224
-2 -1  0 -25.5985 -14.5934 -1.28139  0.160184 0.0230057  0.302771 0.0230057  0.136006 -0.262413  0.302771 -0.262413   7.04677
-2  0  0 -25.0342   1.5001  -1.5102    0.12989 0.00906864  -0.131354 0.00906864  0.0331432  -0.162162  -0.131354  -0.162162    9.40643
3 0 0   36.7742    5.0573 -0.680906    0.195514   0.0403908 -0.00904054   0.0403908    0.136443    0.253139 -0.00904054    0.253139    0.654073
1 0 0  14.6028 -0.94199  2.08929   0.213964  0.0402921 -0.0138811  0.0402921  0.0723252  0.0251306 -0.0138811  0.0251306   0.104637
-2 -3  0  -25.0128  -35.7583 -0.592457    0.128367 -0.00328406   0.0907369 -0.00328406    0.148555  -0.0400118   0.0907369  -0.0400118    0.218798
-2  1  0 -25.7612  14.9776 -1.69147  0.116735 0.0187496   0.16676 0.0187496    0.1167  0.102294   0.16676  0.102294   2.04802
-3  0  0  -34.934 0.972703 -1.52739  0.156586 0.0390208   0.12091 0.0390208 0.0460269  0.106285   0.12091  0.106285   4.52731
-4 -2  1 -44.2582 -24.5541   11.623   0.179663 0.00795301   0.013531 0.00795301   0.133188  0.0445674   0.013531  0.0445674   0.552602
 1 -1  0  14.6052 -14.8928  2.24834  0.507174 -0.302452 -0.179872 -0.302452  0.327934 0.0690775 -0.179872 0.0690775  0.256715
-1  1  0 -15.6506  14.4401 -1.97259    0.143011 0.000343452    0.498576 0.000343452    0.157958    0.706257    0.498576    0.706257     10.9325
-3  1  0 -33.9746  15.3663 -1.85348   0.173234  0.0129635  -0.501662  0.0129635    0.13159 -0.0511734  -0.501662 -0.0511734     6.3144
-3 -2  0 -34.6606 -25.8476  4.07096   0.122892 -0.0414227 0.00141959 -0.0414227   0.194317 -0.0163225 0.00141959 -0.0163225   0.117226
4 2 0  43.6941  24.8577 -1.84712  2.07828 -1.68951 -14.6167 -1.68951  1.57872  12.7529 -14.6167  12.7529   112.34
 2 -2  0  22.8251 -23.2394  5.40045 0.231022 0.479197 0.268842 0.479197  1.80517 0.979431 0.268842 0.979431 0.607946
2 0 0  21.8646 -4.66762  1.33089   0.310189 -0.0156435 -0.0270363 -0.0156435  0.0462495   0.049686 -0.0270363   0.049686   0.150946
-2  2  0  -25.198  24.6431 -2.35773   0.125047 0.00491173    0.22992 0.00491173   0.151456   0.646667    0.22992   0.646667    17.2819
-3  2  0 -34.7854  24.3903 -2.16998   0.152564 0.00168015 -0.0875731 0.00168015   0.170496   0.681502 -0.0875731   0.681502    7.87505
 2 -1  0  22.5901 -12.7215  3.92475   0.185467 -0.0431978  0.0239167 -0.0431978   0.351531 -0.0255759  0.0239167 -0.0255759   0.172545
-4  0  0 -42.0188  7.23237 -1.79858   0.278502 -0.0161699  -0.403959 -0.0161699  0.0920991  0.0376326  -0.403959  0.0376326    4.51952
-1  2  0 -15.2436  24.5146  -2.4093    0.13315  0.0214349 -0.0234559  0.0214349   0.168744   0.669307 -0.0234559   0.669307    16.0537
 0 -2  0 -4.12238 -26.4963  1.68153  0.0750795 -0.0639704 -0.0489143 -0.0639704   0.232668  0.0774569 -0.0489143  0.0774569   0.266409
-3 -1  0  -32.6578  -13.6731 -0.820904   0.213499 -0.0353846  0.0214208 -0.0353846   0.125846  0.0574413  0.0214208  0.0574413   0.188606
3 1 0  35.7805  14.8192 -1.88576  0.669765 -0.285259  -3.36558 -0.285259  0.261029   1.68813  -3.36558   1.68813   21.6935
-4 -1  0 -44.8545  -14.332 -1.75859   0.112104 -0.0252686 -0.0320746 -0.0252686   0.157322  0.0359938 -0.0320746  0.0359938   0.336533
4 0 0  42.9231 -2.14828   2.0461   0.149603 -0.0426022 -0.0382055 -0.0426022  0.0541285  0.0455434 -0.0382055  0.0455434   0.148622
2 1 0  23.4235  15.5398 -2.55101  0.141361 0.0841421 -0.368431 0.0841421  0.184693  0.191575 -0.368431  0.191575   32.1096
-1 -4  0 -14.2362 -44.9164 -1.30003  0.174687 0.0202415 -0.325146 0.0202415  0.117692  -0.12767 -0.325146  -0.12767   1.49385
-3  3  0 -35.0738  33.8837 -2.41641   0.142162 -0.0575395   0.130604 -0.0575395   0.197411  -0.118463   0.130604  -0.118463    5.34421
-4  3  0 -43.4349  33.9635  -1.9196   0.217826 -0.0450722  0.0303027 -0.0450722   0.343647   -0.61953  0.0303027   -0.61953    1.80385
3 2 0  36.3793  23.6779 -2.01821    0.161392 -0.00928209    0.230717 -0.00928209    0.163311   -0.288103    0.230717   -0.288103     1.97244
-4  2  0 -45.3494  24.9851  -2.6423    0.145741   -0.032906   0.0812246   -0.032906    0.112714 -0.00634655   0.0812246 -0.00634655     11.5306
 1 -2  1  17.8885 -25.7717   10.775    1.28809   0.511031 -0.0856834   0.511031    1.07261  -0.233108 -0.0856834  -0.233108    4.35365
 1 -3  0  13.7137 -34.7976  2.34748    0.170357  -0.0207857  -0.0773309  -0.0207857    0.208175 -0.00805398  -0.0773309 -0.00805398    0.353645
-1  3  0 -17.6335  32.7816 -2.66953  0.451681  0.129896 -0.288878  0.129896  0.273194 -0.119436 -0.288878 -0.119436   10.7659
-2  4  0 -27.4655  44.6464 -1.77057  0.369282  0.220029 -0.189288  0.220029  0.454813  -0.99133 -0.189288  -0.99133   3.07691
-2  3  0 -25.1239   34.452 -2.65634  0.125581 0.0213068  -0.15949 0.0213068  0.150489 0.0689452  -0.15949 0.0689452   10.9038
 0 -1  0  -3.22101  -15.3643 -0.911871  0.0579405 -0.0252764  -0.304909 -0.0252764   0.134721   0.286089  -0.304909   0.286089    4.09725
4 3 0  46.1745  33.4873 -2.39169  2.85903  -2.2359 -12.9524  -2.2359  2.04205  11.6886 -12.9524  11.6886  69.9498
0 1 0 -2.56993  14.7112 -2.29682 0.0433037 0.0257892  0.248817 0.0257892  0.153178  0.293704  0.248817  0.293704   8.26623
 0 -3  0 -7.31133 -34.5169  1.14684   0.171537 -0.0109242 -0.0431401 -0.0109242    0.13423 -0.0385113 -0.0431401 -0.0385113   0.432535
-2 -4  0 -25.5564 -44.3042 -2.39834    0.13411 -0.0166982  -0.190809 -0.0166982   0.145196  -0.265521  -0.190809  -0.265521    6.47442
-3  4  0 -34.8272  44.2527 -0.90513   0.24922 -0.187517   0.42947 -0.187517  0.462598 -0.575505   0.42947 -0.575505   1.71914
-3 -4  0 -34.2295   -46.03    -2.75   0.143121 -0.0407304  0.0755481 -0.0407304   0.205116  -0.352027  0.0755481  -0.352027    2.52457
-4 -3  0 -44.6747 -35.6607  2.51518   0.133983 -0.0675252 -0.0631041 -0.0675252   0.155174  0.0134357 -0.0631041  0.0134357   0.139311
-1 -1  0 -14.9027 -14.8963 -1.24858  0.149726 0.0162555 -0.258331 0.0162555  0.123276 -0.153928 -0.258331 -0.153928   3.80237
1 1 0  12.7716  15.4654 -2.50439  0.180718 0.0227216  0.155196 0.0227216   0.52155   6.06051  0.155196   6.06051   84.4752
-4 -2  0 -42.9232 -26.3313  4.10758    0.202521 -0.00587601   0.0151882 -0.00587601    0.256498  -0.0479289   0.0151882  -0.0479289     0.11697
-2 -2  0   -24.8997   -24.5853 -0.0661327  0.151958 0.0346207  0.124498 0.0346207  0.168347 0.0774423  0.124498 0.0774423  0.257229
-4  1  0 -44.409 14.7648 -2.2556  0.186775 0.0538621 0.0272103 0.0538621  0.153986  0.366456 0.0272103  0.366456   5.01356
2 2 0 23.7951 24.1548 -2.9064  0.636458 -0.371585  -1.80076 -0.371585  0.417341   1.79578  -1.80076   1.79578   13.6859
1 2 0  12.7795  23.8062 -3.19501  0.262352 -0.165981 -0.669008 -0.165981  0.621381   5.52987 -0.669008   5.52987   62.2694
-4 -4  0 -47.9837 -43.2305 0.115284  0.231741 0.0542202  0.040007 0.0542202  0.271622 -0.102754  0.040007 -0.102754   0.17614
2 3 0  25.7588  32.9692 -3.27595 0.444552 0.523971 -4.27588 0.523971 0.790722  -5.2898 -4.27588  -5.2898  55.1095
-3 -3  0 -34.4449 -33.7418  4.12236    0.112334  -0.0143331  0.00678226  -0.0143331    0.161624 -0.00784841  0.00678226 -0.00784841    0.108817
3 3 0  31.9439  36.9042 -3.56672  9.52746 -5.04132 -9.85528 -5.04132  2.89085  5.80188 -9.85528  5.80188   20.592
0 2 0 -2.05297  23.4495 -2.59019   0.0277876    -0.01922   0.0351839    -0.01922    0.200645 -0.00788163   0.0351839 -0.00788163    0.819341
-2 -3  1 -28.7915 -34.0334  11.1924    2.42712  -0.380157   0.203139  -0.380157   0.207923 -0.0977304   0.203139 -0.0977304    1.87102
-1 -3  0  -14.1168   -35.124 -0.498761    0.173382  0.00309242   -0.249567  0.00309242    0.119805 -0.00150993   -0.249567 -0.00150993    0.773256
-1  0  0 -15.1668 0.271656 -1.45935    0.115931 -0.00425812  -0.0386423 -0.00425812   0.0290553   0.0812627  -0.0386423   0.0812627     1.84333
1 3 0  13.9469  33.1773 -3.58151  0.504822  0.150701  -3.38793  0.150701  0.311832 -0.717539  -3.38793 -0.717539   36.5058
0 0 0 -1.75005  1.04066 -1.61401  0.0392884 -0.0239011  -0.322889 -0.0239011   0.090241   0.975167  -0.322889   0.975167      17.37
3 4 0  36.9455  44.4938 -4.14533  5.43139 -3.71521 -2.76393 -3.71521  2.84504  3.38896 -2.76393  3.38896  18.6674
0 3 0  6.50936  33.8064 -4.03578  0.131099 0.0969386   1.12062 0.0969386  0.520661   5.02191   1.12062   5.02191   67.4475
1 4 0  13.9067  45.0221 -4.47581  0.782709 -0.642171  -1.83139 -0.642171  0.675492   1.70529  -1.83139   1.70529   11.1747
0 4 0  1.99475  45.9353 -4.45154   0.106774 -0.0071947  0.0619262 -0.0071947    0.14975   0.018413  0.0619262   0.018413    2.16506
