-1 -6  1 -17.2744 -66.2155   10.982   1.24135   2.12613  0.167108   2.12613   4.95205 -0.118607  0.167108 -0.118607   1.94543
-1 -7  1 -11.2788 -72.7204  11.3937   7.62507  -3.45294  0.688148  -3.45294   6.86868 -0.147078  0.688148 -0.147078   1.37789
 0 -7  1 -7.78273 -75.8997  10.9688   6.04878  -1.80656 -0.617423  -1.80656   0.81739  0.322919 -0.617423  0.322919   2.33556
 0 -5  0 -8.40824  -54.105  1.69696   0.304044 -0.0405564 -0.0844853 -0.0405564   0.153788 0.00116097 -0.0844853 0.00116097   0.375157
 0 -6  0 -8.69635 -62.5122  1.15717  0.552419  0.111519 -0.128417  0.111519   0.28695 -0.015179 -0.128417 -0.015179  0.300471
-1 -5  0  -13.5216  -54.0468 -0.507236   0.195076 0.00198503  -0.293312 0.00198503   0.147296  0.0326238  -0.293312  0.0326238   0.793959
 0 -8  0 -7.73722 -80.7363  1.29323    1.74419    3.50189 -0.0660472    3.50189    7.92077   -0.38341 -0.0660472   -0.38341   0.281611
 0 -7  0 -7.70128 -75.5259  5.04537    0.30765  -0.124994 0.00494661  -0.124994   0.201801 -0.0176015 0.00494661 -0.0176015   0.100914
-1 -6  0 -16.6454 -65.8317  3.42393  0.139292 0.0427186 0.0166507 0.0427186  0.273075  0.045495 0.0166507  0.045495 0.0912154
-4 -9  0 -49.7876 -90.4945 -2.09113  74.6896 -71.3111 -4.51742 -71.3111  194.428    4.113 -4.51742    4.113  1.49261
-2 -5  0 -25.1355 -56.0532 -1.23335   0.106826  0.0114024 -0.0399972  0.0114024   0.303243    0.13361 -0.0399972    0.13361    0.46716
-3 -5  0  -33.249 -56.0447 -2.56659  0.185344 0.0557122 -0.268243 0.0557122  0.156813  0.050148 -0.268243  0.050148    1.3704
-1 -7  0 -13.3444 -73.3791  2.29723   0.338543   0.119349  -0.150133   0.119349   0.281624 -0.0724634  -0.150133 -0.0724634   0.134106
-2 -8  0 -26.6679 -81.3298 -1.32996    0.33764   0.335898 -0.0376787   0.335898     2.4207  -0.467733 -0.0376787  -0.467733    0.54981
-4 -5  0 -45.9384 -55.9866 -3.12942   0.161432 -0.0368112   0.333048 -0.0368112   0.162398 -0.0470852   0.333048 -0.0470852     2.8673
-1 -8  0 -13.9658 -85.3613 -1.99923   0.379654 -0.0867862  -0.269347 -0.0867862   0.433584   0.342213  -0.269347   0.342213    1.16031
-4 -8  0 -45.7291 -81.0974 -1.96101   0.144809  -0.114642 -0.0309627  -0.114642    1.03509  -0.216083 -0.0309627  -0.216083   0.614279
-3 -8  0 -36.0091 -81.1822 -1.38878   0.133608 -0.0200934 0.00322587 -0.0200934   0.479645 -0.0603059 0.00322587 -0.0603059   0.408448
-2 -7  0 -26.2599 -74.3546 -3.86078    0.15103 -0.0368857  0.0498981 -0.0368857   0.161438   0.254792  0.0498981   0.254792    1.79662
-4 -7  0 -45.2276  -75.842 -3.00721   0.10657 0.0288881 0.0393514 0.0288881   0.10053 0.0940841 0.0393514 0.0940841  0.747412
-2 -6  0  -22.4787  -64.4031 -0.837202   0.210809 -0.0173849  -0.122834 -0.0173849   0.119994 0.00386497  -0.122834 0.00386497   0.164659
-3 -7  0 -35.2495 -77.3199 -2.85157   0.140537 -0.0273687 -0.0585619 -0.0273687    0.24408    0.24174 -0.0585619    0.24174   0.769375
-4 -6  0  -44.635 -65.9775 -2.04864   0.101358 -0.0229501 -0.0639536 -0.0229501    0.16158  0.0316074 -0.0639536  0.0316074   0.313057
-3 -6  0  -37.6523   -63.159 -0.267407   0.333664  0.0272071  0.0344763  0.0272071   0.301678 -0.0121655  0.0344763 -0.0121655   0.137206
