-2  6  0  -20.335  65.5231 -3.49094  264.002 -52.8503  53.3735 -52.8503  192.715  16.4558  53.3735  16.4558  19.1218
1 5 0  16.2245  53.2651 -4.39242 0.424439 0.510696 -1.51352 0.510696 0.898795 -4.44121 -1.51352 -4.44121  38.3596
4 5 0  45.3688  50.7407 -2.61388  6.52235 -5.76664 -14.8023 -5.76664  65.4091   8.2678 -14.8023   8.2678  34.4297
2 6 0  27.5441   65.406 -5.20388  29.4075  -16.764 0.221595  -16.764  9.61497 0.388139 0.221595 0.388139  38.9732
2 5 0  22.6829  56.5954 -5.00632 18.3048 3.81007 36.1574 3.81007  2.1604 15.4834 36.1574 15.4834 123.044
1 7 0  17.3563  74.8823 -5.06651  0.251064 0.0958596  0.039458 0.0958596  0.141833  0.336263  0.039458  0.336263   5.29774
2 7 0   22.643  75.1399 -5.33537   27.009 -20.8135  5.67651 -20.8135  16.6797 -1.40238  5.67651 -1.40238  30.9742
0 6 0 -0.748603   63.0741  -4.82783   0.104236 -0.0223912  -0.990245 -0.0223912    0.10229   0.555188  -0.990245   0.555188    13.9555
0 5 0 -0.119661   54.6424  -4.80909  0.0965045 -0.0248325  -0.755663 -0.0248325   0.131937   0.406885  -0.755663   0.406885    12.2302
-1  7  0  -14.456  72.7263 -5.08525  0.139231 -0.057921 -0.385563 -0.057921  0.189688  0.201356 -0.385563  0.201356    3.0327
-1  6  0 -13.5556  66.0675 -5.34179    0.2443 0.0626265 -0.379019 0.0626265  0.248982 -0.134307 -0.379019 -0.134307   5.77223
0 7 0  1.04451  77.4525 -5.46124  0.190488 -0.101728   0.66232 -0.101728  0.259512  -1.11688   0.66232  -1.11688   46.8389
-3  9  0 -33.8963  93.2702 -6.04227 1.88854 2.89813  -2.328 2.89813 7.67886 -5.9204  -2.328 -5.9204 8.60407
