-7 -5  0 -75.9155 -56.3276 -1.00629   128.905  -3.89134   3.31903  -3.89134  0.246735 -0.107759   3.31903 -0.107759   1.71132
-8 -5  0 -86.2466  -57.025 -1.89209    6.08502    1.59017   0.529404    1.59017   0.581298 -0.0308876   0.529404 -0.0308876    1.35119
-5 -9  0 -51.8724 -90.6874 -2.18456  0.531458 -0.300136  0.154535 -0.300136   3.12341 -0.692198  0.154535 -0.692198   1.75932
-5 -8  0 -55.3441 -82.0031 -2.05283   0.142203  0.0479784 -0.0145148  0.0479784   0.424271 -0.0309593 -0.0145148 -0.0309593   0.369816
-6 -8  0 -64.7947 -81.2964 -2.61521   0.150639  0.0853975 0.00687469  0.0853975    1.01988  0.0186894 0.00687469  0.0186894   0.578817
-7 -8  0  -75.238 -81.4848 -2.91914   0.118136 -0.0275787  0.0444728 -0.0275787   0.569921  0.0899835  0.0444728  0.0899835   0.785994
-8 -8  0 -84.9755 -81.6891 -2.36983  0.121464 0.0511458 -0.025921 0.0511458  0.944927 -0.040664 -0.025921 -0.040664  0.911759
-5 -6  0 -54.7564  -67.893 -2.04463   0.0940962 -0.00225984   0.0531476 -0.00225984    0.195004   -0.155034   0.0531476   -0.155034    0.800621
-9 -8  0  -95.106 -81.5185 -2.52306     0.12029 -0.00235267  0.00335629 -0.00235267     0.52936   0.0161293  0.00335629   0.0161293    0.862668
-7 -6  0 -74.8378 -67.5437 -2.37973  0.165983  0.105097  -0.16058  0.105097   0.55172 -0.532471  -0.16058 -0.532471   1.02319
-11  -9   0 -117.431 -90.4007 -3.81222  2.05972 -1.38819 0.717972 -1.38819   10.379 -1.33412 0.717972 -1.33412  2.26145
-6 -7  0  -65.784 -76.3271  -2.0836    0.172488  -0.0651567  0.00525631  -0.0651567    0.136954 -0.00136508  0.00525631 -0.00136508    0.250775
-9 -7  0 -95.4798 -75.5309 -4.02793   0.112291 0.00553143   -0.11122 0.00553143   0.150614   0.105369   -0.11122   0.105369   0.947672
-8 -6  0 -85.7116 -67.6608 -3.70592  0.136242 0.0290462 0.0348331 0.0290462   1.09932  -2.13568 0.0348331  -2.13568   6.13695
-8 -7  0  -86.043 -76.1181 -2.23564    0.191612 0.000278985   0.0730621 0.000278985    0.244699   0.0527423   0.0730621   0.0527423    0.241976
-10  -6   0 -104.042 -65.9568 -3.34558  0.396971  0.270956 -0.610748  0.270956  0.363619 -0.511203 -0.610748 -0.511203   1.54004
-6 -5  0 -65.9611 -55.1446  1.41501 5.51854 6.73456 12.6121 6.73456 8.57601 14.5869 12.6121 14.5869 33.6974
-11  -7   0  -114.87 -76.2493 -5.14912  0.153146 -0.013441  -0.22597 -0.013441  0.143708  0.260243  -0.22597  0.260243   2.29929
-11  -6   0 -115.243 -65.2796 -5.29648  0.129143 0.0374532 -0.197251 0.0374532  0.148468 -0.268937 -0.197251 -0.268937   3.47435
-12  -8   0 -125.383 -85.3751 -5.70969  0.153296 -0.065149 -0.448874 -0.065149  0.197482  0.652204 -0.448874  0.652204    12.968
-12  -6   0  -124.39 -66.0105 -5.98948  0.257736 0.0030738  -3.39092 0.0030738  0.142929  0.294286  -3.39092  0.294286    96.189
-11  -5   0 -112.157 -57.9589 -4.71926  0.316898 0.0982315 -0.183279 0.0982315  0.267029    0.2218 -0.183279    0.2218   1.29319
-13  -8   0 -135.064 -86.1676 -5.94427    0.13454 -0.0219198   -0.15391 -0.0219198   0.165788   0.417447   -0.15391   0.417447    5.10001
-12  -5   0 -126.051 -55.5945 -6.16961  0.245309 -0.147905  -3.12055 -0.147905  0.346933   4.86349  -3.12055   4.86349   95.2846
-13  -6   0 -135.541 -65.2468 -6.23634  0.141216 -0.044883 -0.554549 -0.044883   0.15866  0.790445 -0.554549  0.790445    14.966
-14  -7   0 -144.718 -75.7135 -5.13876    0.21545  0.0266555  -0.101983  0.0266555   0.127265 -0.0287938  -0.101983 -0.0287938    0.40948
-8 -9  0 -85.3061 -95.0191 -4.40952  1.28918  7.54109 -0.45203  7.54109   56.889 -2.50855 -0.45203 -2.50855 0.354507
-14  -6   0 -145.631 -64.9271 -6.63831  0.169361 -0.032544   -1.8486 -0.032544  0.152118   1.97308   -1.8486   1.97308   119.191
-13  -5   0 -135.508 -55.3038 -6.49368  0.294631 -0.240068  -4.35306 -0.240068  0.446903   6.10942  -4.35306   6.10942   111.722
-14  -8   0 -144.849 -85.8458 -6.48658   0.169389 0.00461802  -0.617823 0.00461802   0.131451   0.256886  -0.617823   0.256886    8.29191
-14 -11   0 -146.578 -114.295 -6.72785   0.174512 -0.0085444  -0.656203 -0.0085444   0.134826   0.602884  -0.656203   0.602884    76.3278
-14  -5   0 -144.706 -56.1605 -4.52227  0.291604  0.040617 -0.131925  0.040617  0.220053 0.0671733 -0.131925 0.0671733  0.286852
-10  -5   0 -106.401 -54.6578 -1.20407   0.747084  0.0498273  -0.383354  0.0498273   0.141762 -0.0906496  -0.383354 -0.0906496   0.378586
-14  -9   0 -145.001 -94.3851 -6.55865  0.244256 0.0460682 -0.883559 0.0460682  0.157863 -0.542683 -0.883559 -0.542683   8.06372
-12  -7   0 -126.479 -75.1532 -4.47182     0.1811 -0.0205503  0.0845389 -0.0205503   0.154758  0.0102955  0.0845389  0.0102955   0.401999
-12  -9   0 -126.785 -92.7331 -5.56689   0.217997 -0.0137475  -0.147371 -0.0137475   0.234578   0.128451  -0.147371   0.128451    2.98485
-13  -9   0 -136.314  -94.923  -5.5829     0.19224  -0.0583936  -0.0606142  -0.0583936    0.133195 -0.00941917  -0.0606142 -0.00941917    0.766824
-5 -7  0 -54.9837 -75.1249 -1.94551    0.136962 -0.00370631   0.0223744 -0.00370631   0.0895264   0.0406841   0.0223744   0.0406841    0.203134
-7 -7  0 -74.4823 -77.1165 -3.18897   0.145605 -0.0239977 -0.0984525 -0.0239977   0.175818   0.189819 -0.0984525   0.189819    0.77435
-10  -8   0 -106.344 -82.6599 -2.25965   0.151951 -0.0723803   0.039223 -0.0723803    0.17717  0.0150093   0.039223  0.0150093   0.361577
-13 -11   0 -135.032 -114.541  -6.9062 0.157684 0.100725  1.47797 0.100725 0.339305  3.60288  1.47797  3.60288  73.5012
 -8 -11   0 -82.8611 -114.736 -1.40488    1.29727  -0.126648   0.015231  -0.126648   0.378798 -0.0412605   0.015231 -0.0412605  0.0682853
-13 -12   0 -136.791  -122.83 -6.97243    0.110919 -0.00285961   0.0603105 -0.00285961    0.239834     -1.9729   0.0603105     -1.9729     37.4413
-14 -12   0 -146.192  -123.63 -7.02185  0.173683 0.0538142 -0.985838 0.0538142  0.719941  -9.04062 -0.985838  -9.04062   142.665
-5 -5  0  -56.1085  -54.3333 -0.953784   0.166521 -0.0521391   0.284475 -0.0521391   0.119048 -0.0164477   0.284475 -0.0164477    1.41863
-13 -10   0 -137.384 -103.874 -6.18799  0.336627 0.0476351  0.170335 0.0476351  0.300839 -0.518834  0.170335 -0.518834   2.10621
 -8 -13   0 -87.4702 -133.458 -5.41541  0.263209 0.0756767  0.257749 0.0756767  0.177588  0.235665  0.257749  0.235665   1.13462
-9 -9  0 -94.6049 -95.0073 -3.48061   0.155795  0.0452288 -0.0179065  0.0452288   0.807833  -0.132445 -0.0179065  -0.132445   0.210699
-12 -10   0 -127.231 -105.237 -7.17743    0.18273 -0.0375804   0.167068 -0.0375804   0.234281  -0.259699   0.167068  -0.259699    4.66634
 -7 -13   0 -79.3834 -132.447 -6.59443  107.343 -56.4211  11.2364 -56.4211   30.775 -6.56121  11.2364 -6.56121   3.4359
-11  -8   0 -113.049 -83.8142 -2.69601   0.210022 -0.0377405  -0.171237 -0.0377405   0.190853  0.0786771  -0.171237  0.0786771   0.350222
-10  -7   0 -104.169 -75.8498 -4.59638   0.127968 -0.0254461  -0.134432 -0.0254461   0.151333   0.216402  -0.134432   0.216402    1.73109
-12 -11   0 -127.749 -115.915 -6.80543  0.294884 0.0137996  0.364943 0.0137996  0.290495   1.14447  0.364943   1.14447   10.2556
-10 -11   0  -106.91 -116.467 -7.52716  1.68789  1.26353 -7.42944  1.26353  2.81596 -1.20863 -7.42944 -1.20863  44.9861
-6 -6  0 -65.0008  -68.273 -2.15245    0.15734   0.172253 -0.0828501   0.172253    1.06724  -0.295188 -0.0828501  -0.295188   0.372167
-14 -10   0 -145.685  -104.58 -6.81756   0.126372 -0.0263755  -0.188527 -0.0263755   0.127936  -0.143727  -0.188527  -0.143727    7.00578
-11 -11   0 -114.054 -112.844 -7.88696 0.425841 0.400609  4.23471 0.400609 0.680933  6.94234  4.23471  6.94234  122.157
-12 -13   0 -126.056 -135.196 -6.93257   3.42114 -0.614209 -0.895439 -0.614209   1.60417  0.473129 -0.895439  0.473129   2.87842
-14 -13   0 -144.975 -133.513 -7.62562 0.156325 -0.10049  1.66051 -0.10049 0.422941 -5.73474  1.66051 -5.73474   117.51
-13 -13   0 -135.939 -135.314 -7.46259   0.173791  0.0930386  -0.297116  0.0930386   0.124591 -0.0266898  -0.297116 -0.0266898    6.24396
-12 -12   0 -128.871 -121.036 -6.75937  1.64431 0.294863   1.0965 0.294863  0.64819 -2.74019   1.0965 -2.74019  27.5693
 -9 -10   0 -93.1327 -103.643 -6.64562    0.313756 0.000444045   -0.522832 0.000444045    0.317987   -0.914565   -0.522832   -0.914565      6.3453
 -9 -11   0 -96.8711 -112.694 -8.04344   20.69 27.8499 38.8595 27.8499 37.9859 54.1581 38.8595 54.1581 110.759
-13  -7   0 -135.483 -77.0255 -5.73778     0.126396 -5.31344e-05   -0.0636941 -5.31344e-05     0.158075    -0.128321   -0.0636941    -0.128321      2.38182
-14 -14   0 -146.289 -147.252 -1.99466   0.131315 -0.0495012  -0.029266 -0.0495012   0.309324   0.139095  -0.029266   0.139095   0.102484
-10 -10   0 -102.976  -103.83 -7.52635   3.62339  0.270602  -1.00312  0.270602  0.314078 -0.523295  -1.00312 -0.523295   3.44305
-10  -9   0 -108.155 -92.5525 -2.83061    0.41089   0.260764 -0.0132591   0.260764   0.554495 -0.0488151 -0.0132591 -0.0488151   0.308895
 -9 -13   0 -95.5049  -135.37 -6.14271   0.202116   0.132978 -0.0139979   0.132978   0.433453   0.230923 -0.0139979   0.230923   0.650397
-13 -14   0 -136.312  -143.84 -8.29176  1.21358  1.62371  1.11095  1.62371   2.4413 0.950666  1.11095 0.950666  13.4896
-9 -6  0 -95.8534 -67.6267 -3.10958   0.138163 -0.0175098   0.139557 -0.0175098    1.02046  -0.603965   0.139557  -0.603965    1.51889
 -9 -14   0 -93.8154 -148.088 -3.00149   42.1949  -4.26476  -1.55303  -4.26476  0.899594 0.0618914  -1.55303 0.0618914  0.121227
