-14 -15   1 -145.348 -155.247  10.4928  0.263747 0.0168412  0.296971 0.0168412  0.284931   1.14471  0.296971   1.14471   11.8225
-13 -15   0 -137.529 -156.744  4.63105  0.341925  0.111522 -0.142291  0.111522  0.424394 -0.306024 -0.142291 -0.306024  0.406593
-13 -17   0 -132.586 -174.922  2.51039   3.36621   2.68958 -0.157846   2.68958   2.41429 -0.267281 -0.157846 -0.267281  0.162389
-14 -16   0 -143.321 -161.299 -1.54547  0.382605 -0.276721 0.0177594 -0.276721   1.22757  0.153297 0.0177594  0.153297 0.0621219
 -9 -16   0 -94.4106 -160.355  -7.8861  55.1657 -55.7459 -89.1946 -55.7459  68.0891  116.518 -89.1946  116.518  282.171
-11 -17   0 -117.182 -178.292 -1.39932   18.7574   3.76844  -1.58177   3.76844   1.93061 -0.379948  -1.58177 -0.379948  0.183937
-14 -15   0 -144.697   -156.4  1.12239   0.203207  0.0356495 -0.0275165  0.0356495    0.15393 -0.0122969 -0.0275165 -0.0122969  0.0451379
-13 -16   0 -137.286 -165.646 -2.71932  0.525395  0.306131 0.0533614  0.306131  0.315479 0.0536932 0.0533614 0.0536932 0.0367793
 -9 -15   0 -94.9444 -154.484 -6.21274   0.390997 -0.0779869 -0.0505711 -0.0779869   0.194958  -0.128684 -0.0505711  -0.128684   0.268527
-10 -15   0  -101.66 -157.151 -9.08175  4.49011 0.994526  6.13551 0.994526  1.30676  4.76029  6.13551  4.76029  56.4572
-10 -16   0 -109.031 -163.162 -7.93335 23.0005 15.4187 28.7705 15.4187 28.2284 31.5386 28.7705 31.5386 46.8045
-11 -15   0 -116.837 -154.202 -8.70919 284.365 239.052 44.9639 239.052 204.913 34.3631 44.9639 34.3631 11.5569
