-7 -4  0  -75.8826   -46.318 -0.720953    70.0796    -2.0468    -2.9116    -2.0468   0.198466 -0.0326745    -2.9116 -0.0326745    3.53378
-5  0  0 -54.9781 -5.30641  3.83156     0.54659 -0.00900291   0.0254497 -0.00900291    0.154555   0.0300075   0.0254497   0.0300075    0.135947
-6  2  0  -63.9521   22.2008 -0.117664   2.35199  -1.12699  0.657163  -1.12699   1.54765 -0.227592  0.657163 -0.227592   0.42282
-7  1  0 -73.3708   17.498 -2.97122 38.3735 26.8972  28.825 26.8972 26.6652 22.6472  28.825 22.6472 38.0246
-6  0  0 -61.8525  -7.3246  1.18054  0.994883 0.0923741 -0.144425 0.0923741  0.183496 0.0342932 -0.144425 0.0342932  0.224414
-5 -1  0  -54.549 -14.7732 -1.61159    0.138177 -0.00676636   0.0401727 -0.00676636    0.236686    -0.26275   0.0401727    -0.26275    0.480398
-6 -1  0  -62.3905  -11.2009 -0.118342    1.36822   0.186305 -0.0304724   0.186305   0.382122   -0.20731 -0.0304724   -0.20731    0.29409
-11   1   0 -117.478  18.5018 -4.21052    0.349608   -0.273364 -0.00841347   -0.273364    0.718923   -0.237894 -0.00841347   -0.237894     1.82074
-8  0  0 -88.3605 -1.16608 -4.66498  7.93268  3.78169 -58.9308  3.78169  2.52497 -30.7434 -58.9308 -30.7434  472.169
-7 -2  0   -76.5011   -28.4631 -0.0547271  0.636135 0.0938983  -0.12475 0.0938983   1.37908 0.0795193  -0.12475 0.0795193  0.149396
-9  4  0 -91.9296  43.5064 -2.02404  0.287451 -0.148914 -0.133959 -0.148914  0.585565 0.0321305 -0.133959 0.0321305   0.26143
-9  3  0 -94.8772  38.7042 -1.87713    1.83124  -0.445589 0.00383595  -0.445589    2.64425  -0.340467 0.00383595  -0.340467   0.359136
-9 -3  0 -96.8931 -35.2229  2.57954 0.371747 0.391979 0.104879 0.391979 0.601635 0.123315 0.104879 0.123315 0.197299
-8 -2  0 -86.5796 -26.1186 0.188007    0.48822   0.427306  -0.161331   0.427306    0.60873 -0.0984732  -0.161331 -0.0984732    0.14112
-9  0  0 -96.7449 -1.30016 -5.04035   0.344121 -0.0934868 -0.0781966 -0.0934868  0.0660334  0.0399948 -0.0781966  0.0399948    1.54469
-12   4   0 -124.005  43.9117 -5.49151   0.20145 0.0124054 -0.776366 0.0124054  0.190849 -0.458311 -0.776366 -0.458311   8.33326
-12   3   0 -126.184  33.1894 -3.23629    0.170515 -0.00790551    0.107159 -0.00790551    0.220025      0.1001    0.107159      0.1001    0.243723
-6  1  0 -67.1648  13.1894 -2.36903 0.581098 0.471794  1.05174 0.471794 0.793193  1.17293  1.05174  1.17293  3.12084
-11   0   0 -115.879  3.12665  -5.8472  0.115609 0.0408827  -1.06339 0.0408827  0.140669  -2.19365  -1.06339  -2.19365    59.372
-11   3   0 -116.301   34.502 -5.14274  0.149218 0.0543324 -0.273368 0.0543324  0.334909  -1.20952 -0.273368  -1.20952   6.59946
-10   3   0 -108.768  35.5863  -4.8662  0.555825 -0.250991  0.753186 -0.250991   0.70574  -1.28356  0.753186  -1.28356   3.75286
-10   2   0 -107.434  27.3194 -2.80579  0.180267  0.275564 0.0592398  0.275564   11.3117   2.96909 0.0592398   2.96909  0.899781
-8  4  0 -89.4896  44.4034 -4.09266  6.00671 -2.06888   1.2662 -2.06888  1.43477 0.102851   1.2662 0.102851  1.74514
-12   1   0 -123.904  15.0029  -4.5391  0.0949011  0.0168612 -0.0164798  0.0168612   0.111962  0.0599767 -0.0164798  0.0599767   0.914515
-7 -3  0 -74.9827 -33.0582  1.34416   0.106994   0.020053 -0.0204098   0.020053   0.312109  -0.179164 -0.0204098  -0.179164   0.252654
-10   0   0   -105.29 -0.758956  -5.72085  0.454822  0.170341  -1.18684  0.170341  0.140848 -0.737102  -1.18684 -0.737102   7.87121
-14   4   0 -144.021   43.358 -6.48394   0.157078 -0.0635679  -0.629399 -0.0635679   0.211018   -1.65453  -0.629399   -1.65453    90.2164
-13   3   0  -135.71  33.9532 -5.19661  0.216537 0.0157411 -0.160002 0.0157411  0.166065 0.0158181 -0.160002 0.0158181  0.342551
-5  2  0 -53.8274  25.4348 -1.05174   0.507422  -0.122049   0.340074  -0.122049   0.397908 -0.0567302   0.340074 -0.0567302   0.751943
-10  -4   0 -105.932 -46.4748 -1.76802  0.980958 -0.139785 -0.505918 -0.139785  0.209005  0.163782 -0.505918  0.163782  0.376399
-12   0   0  -126.003 -0.770693  -4.18143   0.225889 -0.0148469 0.00993871 -0.0148469  0.0644696 -0.0624084 0.00993871 -0.0624084   0.270188
-5  1  0 -51.2904  14.4763 -1.74949  0.572483 -0.100332 -0.352237 -0.100332  0.175041  0.307299 -0.352237  0.307299   1.41277
-6 -3  0 -63.2897 -33.3443  2.70247   0.148295  0.0891564 0.00815939  0.0891564    0.68443    0.12469 0.00815939    0.12469   0.138585
-14   3   0 -143.836  34.5305 -6.57495  0.124891 0.0171278  -1.47484 0.0171278  0.130596 -0.711043  -1.47484 -0.711043   101.501
-12   2   0 -126.249  28.0077 -5.48005   0.152662 -0.0450294  0.0459052 -0.0450294   0.433451 -0.0841156  0.0459052 -0.0841156   0.211586
-14   2   0 -145.518   24.301 -6.64342   0.115697 -0.0302701  -0.425202 -0.0302701   0.133024  0.0948736  -0.425202  0.0948736    34.3213
-5 -4  0 -51.6768 -45.6657 0.533446   0.761614  -0.236734 -0.0482535  -0.236734   0.384509  -0.111634 -0.0482535  -0.111634   0.181766
-13   4   0 -134.442  43.4286 -3.47727   0.814289   0.469889  -0.148738   0.469889   0.534371 -0.0220769  -0.148738 -0.0220769   0.297384
-14   1   0 -146.202  13.6257 -6.44337  0.139715 -0.010073 -0.201134 -0.010073  0.134017 0.0902227 -0.201134 0.0902227   5.82754
-13   0   0 -136.934 -3.72437  -4.5429   0.129096 -0.0407619 -0.0284876 -0.0407619  0.0641393  0.0652156 -0.0284876  0.0652156   0.327864
-10  -1   0 -104.479 -14.5378  -6.3281 0.749385 0.154405 -8.67631 0.154405 0.268838 -2.47223 -8.67631 -2.47223  121.114
-13   2   0 -135.019  25.9924  -6.3713   0.150173 -0.0739455 -0.0376432 -0.0739455   0.228355  -0.127023 -0.0376432  -0.127023     1.3047
-11  -1   0 -115.726 -16.1035 -6.58292  0.183738 -0.099977   2.76366 -0.099977  0.438381  -4.83122   2.76366  -4.83122   110.982
-10  -2   0 -106.321 -26.2882 -6.72218 0.771108 0.346419    -5.24 0.346419 0.308788 -3.05623    -5.24 -3.05623  122.547
-10  -3   0 -103.845 -36.5239 -1.21617  0.607535 -0.289448 -0.263586 -0.289448  0.351724  0.160054 -0.263586  0.160054  0.209198
-10   4   0 -104.397   41.968  -4.2598  0.187693   0.24776 0.0505243   0.24776   1.48123 -0.731866 0.0505243 -0.731866    7.7231
-12  -4   0 -126.235 -45.2896 -6.57798   0.198966 -0.0446768   -2.78939 -0.0446768   0.152012    1.84532   -2.78939    1.84532    123.615
-8 -4  0 -86.9134 -47.3835 -1.71894  6.92329  -2.1632  11.6868  -2.1632  2.59797 -15.0572  11.6868 -15.0572  91.0359
-12  -1   0  -126.31 -13.0135 -5.30286  0.285602 0.0378817  0.213877 0.0378817   0.26022 -0.268231  0.213877 -0.268231   1.10242
-5 -3  0 -52.1809 -34.9673  1.00361   0.293246  0.0050917  0.0460582  0.0050917   0.269293 -0.0277919  0.0460582 -0.0277919   0.159071
-13  -1   0 -136.844 -15.5696 -6.76989 0.406237 0.118391 -5.27299 0.118391  0.17427 -2.17097 -5.27299 -2.17097  124.189
-11   4   0  -117.01  44.9355 -4.07532  0.183194 0.0225191 -0.334784 0.0225191   0.18353 0.0531354 -0.334784 0.0531354   2.89401
-11  -2   0  -116.52 -23.9664  -6.7684  0.266048 -0.221976   1.94128 -0.221976  0.353694  -1.22105   1.94128  -1.22105   74.5618
-12  -2   0 -125.649 -25.3603 -6.61302  0.0967369 -0.0408849  0.0939354 -0.0408849   0.169109  0.0390099  0.0939354  0.0390099    5.71804
-12  -3   0 -125.704 -36.1571 -6.65709   0.15349 0.0150526  -1.21633 0.0150526  0.162276  0.575455  -1.21633  0.575455   128.474
-5 -2  0 -51.3524 -25.8534  3.88817   1.21831  0.149177 0.0820451  0.149177  0.548294  0.262481 0.0820451  0.262481  0.304277
-11   2   0 -117.431  27.7902 -5.97809 0.686049 0.192794 -1.48017 0.192794 0.350819 0.894676 -1.48017 0.894676  11.7519
-11  -4   0 -114.237 -46.9302 -6.23725   0.18306 -0.112727  -2.28006 -0.112727  0.306498   3.13709  -2.28006   3.13709   56.3365
-8 -3  0 -88.0617 -37.8696  2.49691   0.583013  -0.289701  0.0963533  -0.289701   0.507303 -0.0729627  0.0963533 -0.0729627   0.228284
-13  -2   0 -136.302 -25.1471 -6.88316  0.336808 0.0594878  -4.58745 0.0594878   0.13279  -1.34493  -4.58745  -1.34493   115.983
-11  -3   0 -114.095 -37.3315 -6.28043  0.113509 0.0690984  0.271969 0.0690984   0.19426  0.331828  0.271969  0.331828   1.47461
-14  -4   0 -145.451 -44.6527  -6.2858   0.189859 -0.0164448  -0.163608 -0.0164448    0.16105 -0.0029073  -0.163608 -0.0029073   0.657433
-5 -2  1 -50.3674 -26.8712  12.3737    33.1426  -0.799452    1.78025  -0.799452   0.141171 -0.0962873    1.78025 -0.0962873   0.598227
-13  -3   0 -134.457   -37.01 -5.14291    0.2458 0.0385736 -0.100906 0.0385736  0.180073  0.108564 -0.100906  0.108564  0.325705
-13  -4   0  -135.16 -44.4521 -6.43023    0.152775 -0.00159858   -0.123804 -0.00159858    0.129738   -0.154994   -0.123804   -0.154994     1.02825
-6 -2  0 -65.6953 -29.7746 -2.32177   9.83807   13.7781   1.31911   13.7781   47.6591 -0.772036   1.31911 -0.772036   1.21687
-13   1   0 -136.698  14.3195 -6.08413    0.176783 -0.00882776  -0.0804362 -0.00882776    0.134626   0.0425392  -0.0804362   0.0425392      1.7768
-14   0   0 -145.473 -1.63102 -6.56157    0.153981   0.0105013   -0.193542   0.0105013   0.0338701 -0.00270508   -0.193542 -0.00270508    0.961201
-14  -3   0 -145.204  -34.409 -6.45954   0.174298 -0.0182541  -0.134407 -0.0182541    0.14384 -0.0613622  -0.134407 -0.0613622   0.576433
-14  -1   0 -145.459 -14.9128 -7.20885  0.294681 0.0689499  -4.27056 0.0689499  0.139564  -1.78297  -4.27056  -1.78297   110.597
-14  -2   0 -145.458 -24.7636 -7.29917     0.285193 -0.000504143     -3.95886 -0.000504143     0.119687     0.341867     -3.95886     0.341867      114.724
