-10   6   0 -103.233  61.0504 -3.99132  448.659 -399.618  55.9642 -399.618  385.027  -53.537  55.9642  -53.537  15.3575
-9  6  0 -96.9116  64.7001 -4.20182   33.903 -55.4481   9.9378 -55.4481  91.7626 -9.78887   9.9378 -9.78887  73.6338
-6  6  0 -63.4882  60.3105 -2.96823   0.222572   0.335709 -0.0195563   0.335709    30.1516    6.59384 -0.0195563    6.59384    2.86019
-11   7   0 -115.046  72.1654  -4.3029  2.83171 -4.45901  18.2243 -4.45901  9.84577 -36.0627  18.2243 -36.0627  138.546
-6  5  0 -65.7892   59.195 -3.56451  0.223167 -0.268853 0.0929167 -0.268853   1.76861 -0.291259 0.0929167 -0.291259  0.875233
-5  6  0  -56.343  64.9724 -4.17093 0.302393 -1.81658 0.120373 -1.81658  20.6163  -2.0589 0.120373  -2.0589  2.91981
-7  5  0 -74.9955  54.0633 -5.29164   1.10675 -0.442858  -4.85156 -0.442858  0.734169   2.44922  -4.85156   2.44922    23.723
-13   6   0 -134.102  64.1402 -5.32213  0.378989   1.23376 -0.107419   1.23376   6.75483  -1.39918 -0.107419  -1.39918   1.75752
-13   5   0 -136.801  51.3207 -6.09525  5.70488   4.7324 -16.6282   4.7324  6.82355  11.7699 -16.6282  11.7699  361.724
-5  9  0  -55.399  90.8508 -6.35204  171.845  192.219 -110.155  192.219  216.619 -119.988 -110.155 -119.988  93.2893
