-19  -4   0 -197.187 -42.2312  3.08791 0.266091 0.228345 0.139157 0.228345 0.736774 0.283907 0.139157 0.283907 0.955986
-18  -4   0 -185.234 -44.5844  2.17755  0.182534 0.0918226 -0.225737 0.0918226  0.453839 -0.452724 -0.225737 -0.452724   1.13736
-19  -2   0 -195.535 -25.0536 -1.53398      0.129   0.020197 -0.0529779   0.020197   0.636324   0.388973 -0.0529779   0.388973    10.6659
-18  -2   0 -185.501 -25.1463 -1.54715   0.119591 -0.0561298  0.0209752 -0.0561298    1.73172   0.157105  0.0209752   0.157105    6.89177
-20  -2   0 -200.625 -23.4119  -1.7885   2.64932 -0.615863 0.0855119 -0.615863  0.323889  0.546931 0.0855119  0.546931   8.06294
-20  -1   0 -202.015 -14.4971 -2.38246   0.248975   0.124455   0.334292   0.124455   0.196777 -0.0239489   0.334292 -0.0239489     2.6682
-24   4   0 -244.258  40.7791 -4.35432  0.248384   3.91182 -0.121134   3.91182   116.345  -3.74229 -0.121134  -3.74229  0.415999
-23   4   0 -234.404  40.4527 -4.59029   0.154137   0.343134 -0.0176392   0.343134    6.55812  -0.284868 -0.0176392  -0.284868   0.286716
-22   3   0 -225.322  35.3729  -1.5951    0.110631    0.025789 0.000517462    0.025789    0.112453  -0.0184739 0.000517462  -0.0184739    0.158459
-23   3   0 -235.119  36.5839 -1.70014     0.11391  -0.0149763 -0.00882789  -0.0149763   0.0985238 -0.00719902 -0.00882789 -0.00719902     0.15697
-21   4   0 -214.142  44.9949  -2.3254    0.122973 -0.00531733 -0.00901245 -0.00531733   0.0837469   0.0252086 -0.00901245   0.0252086    0.129748
-16   4   0 -163.778  44.4969 -6.25268 0.0989879 0.0258423 -0.273931 0.0258423 0.0672283 -0.153635 -0.273931 -0.153635   52.7748
-19   4   0  -194.99  45.8887 -2.83271   0.175201  0.0267644  0.0153524  0.0267644   0.122734 0.00505962  0.0153524 0.00505962   0.113259
-21   3   0 -217.404  34.5298 -1.43168  0.519169 -0.299117  0.102481 -0.299117  0.415587 -0.093352  0.102481 -0.093352   0.15559
-17   3   0  -174.99  33.9894 -6.17673  0.114536 0.0360394  -0.10414 0.0360394  0.153146 0.0523719  -0.10414 0.0523719   1.75092
-24   3   0 -245.098  36.0751 -1.64711    0.131022  -0.0101697 -0.00613244  -0.0101697   0.0759481  0.00730945 -0.00613244  0.00730945    0.129747
-18   4   0 -187.009  46.1308 -5.99073   0.193674 -0.0467562   0.291717 -0.0467562   0.146431  -0.235356   0.291717  -0.235356    2.44123
-15   4   0 -154.445  44.5853  -6.2665  0.280931 0.0561358   1.10026 0.0561358  0.117203  0.222454   1.10026  0.222454    24.517
-16   3   0 -165.788  32.4543 -2.14013   0.189999 -0.0464606 0.00371165 -0.0464606    0.29943  0.0848685 0.00371165  0.0848685   0.140479
-17  -2   0 -175.586 -24.4919 -3.32089  0.353874 0.0181333  0.261161 0.0181333   0.34389  0.152681  0.261161  0.152681  0.685987
-18   3   0 -185.289  34.0975 -6.38624   0.117171 0.00682171  -0.727617 0.00682171   0.118324  -0.210699  -0.727617  -0.210699    109.011
-20   3   0 -204.673  36.1767 -3.37776    0.152301  -0.0177504 -0.00377807  -0.0177504     0.22089   -0.180844 -0.00377807   -0.180844    0.243029
-15   3   0 -156.599  32.8959 -4.06625  0.266935 0.0154402 0.0636901 0.0154402  0.175703  0.108254 0.0636901  0.108254  0.317997
-15   2   0 -156.481  23.3676 -5.25628     0.1486  0.0185415   0.109793  0.0185415   0.171151 -0.0481569   0.109793 -0.0481569   0.455337
-16   2   0 -164.259  24.3384 -3.59176   0.111449  0.0439701 -0.0142169  0.0439701   0.252096 -0.0581922 -0.0142169 -0.0581922   0.197599
-18  -3   0 -184.713 -38.3736 -1.91166 0.233669 0.142502 0.183312 0.142502 0.371484 0.161417 0.183312 0.161417 0.238312
-17   2   0 -173.697  24.0718 -2.64991   0.132507  0.0128669 -0.0250622  0.0128669   0.308033 -0.0209147 -0.0250622 -0.0209147   0.126032
-16   1   0  -165.28  14.8459 -6.40101   0.115605 0.00134972  0.0511869 0.00134972   0.141656   0.189584  0.0511869   0.189584    2.11312
-15   1   0 -155.729    13.97 -6.31141   0.150734  0.0196308 -0.0229717  0.0196308   0.137606  0.0448555 -0.0229717  0.0448555    1.31167
-20  -4   0 -204.586 -41.7764  2.30449   0.169961  0.0675264 -0.0870433  0.0675264   0.812108   0.160358 -0.0870433   0.160358   0.236756
-18   2   0  -183.51  24.6397 -2.91995   0.193799  0.0630664 -0.0702527  0.0630664   0.219971 -0.0224023 -0.0702527 -0.0224023   0.133156
-17   1   0 -174.726  14.7178 -6.48672    0.129654 -0.00454587  -0.0736639 -0.00454587    0.144737    0.182628  -0.0736639    0.182628     1.84978
-16  -4   0  -162.61   -45.52 -2.49908    0.290396 -0.00420213  -0.0329629 -0.00420213    0.119379   0.0105678  -0.0329629   0.0105678     0.15558
-21  -3   0 -213.382 -33.5459 -5.11991   0.643415  -0.064092  -0.176217  -0.064092   0.334179 -0.0835905  -0.176217 -0.0835905   0.617157
-19  -3   0 -192.994  -38.526  0.84974 0.596717 0.484848  0.44796 0.484848  1.87465  4.34467  0.44796  4.34467  13.3383
-24  -4   0  -244.31 -43.1825 -1.55651    0.165242  -0.0320418 0.000875916  -0.0320418    0.198094 -0.00773696 0.000875916 -0.00773696     0.11365
-20   1   0 -204.665  15.2803  -7.0337      0.12543 -0.000875692    -0.189079 -0.000875692     0.152092      1.10063    -0.189079      1.10063      36.9725
-22  -3   0 -227.388  -33.739 -3.53244   0.590127  -0.186647 -0.0871234  -0.186647   0.540855  0.0557639 -0.0871234  0.0557639   0.134581
-17   4   0 -175.912  45.7293 -6.26814    0.151464 -0.00280528    -0.26254 -0.00280528   0.0919993   -0.691489    -0.26254   -0.691489     86.0569
-19   3   0 -194.484  36.3386 -3.80387    0.176628  -0.0135804 -0.00576331  -0.0135804    0.180249   -0.126883 -0.00576331   -0.126883    0.188289
-24  -3   0 -244.523  -34.546 -3.94426   0.151597 -0.0155015 -0.0463317 -0.0155015   0.110379  0.0362554 -0.0463317  0.0362554  0.0906338
-16  -3   0 -162.994 -37.9702 -4.00382   0.197883 -0.0108073 -0.0419956 -0.0108073    1.33944  -0.185391 -0.0419956  -0.185391   0.256965
-18   1   0 -184.828  16.1816 -6.86635    0.11727 0.00593339  -0.216461 0.00593339   0.165627   0.528802  -0.216461   0.528802    11.1625
-21  -4   0 -212.926 -43.6179 -1.87742     0.78165    -0.14026  -0.0713669    -0.14026    0.148685 -0.00491187  -0.0713669 -0.00491187   0.0892701
-23  -3   0 -236.612  -34.286 -3.36501   0.245374 -0.0843768  0.0136165 -0.0843768   0.163562 -0.0170368  0.0136165 -0.0170368   0.122794
-22   2   0 -226.152  24.2814 -3.58261   0.181343 -0.0119934   0.053037 -0.0119934    0.12816 0.00382878   0.053037 0.00382878   0.120881
-20  -3   0 -207.389 -38.6343 -4.41063  12.6972  1.04205  6.35098  1.04205  3.65039 0.950765  6.35098 0.950765  3.97406
-21  -1   0  -212.22 -16.5153 -3.94776   8.32218 -0.694037 -0.298171 -0.694037  0.235635  -0.22032 -0.298171  -0.22032  0.653043
-20   2   0 -203.609  24.7587 -4.90856   0.174456 0.00898994  -0.126357 0.00898994   0.201047 -0.0695025  -0.126357 -0.0695025   0.271397
-17  -3   0 -175.519 -38.0751 -4.96012    0.13856  -0.267565 -0.0346416  -0.267565    1.89147   0.179256 -0.0346416   0.179256   0.199314
-15  -4   0 -154.986 -45.0178 -6.76473    0.119178 -0.00164922    0.066615 -0.00164922    0.118338    0.118616    0.066615    0.118616     4.20381
-23  -4   0 -237.459 -44.9883 -2.05112  0.337801  -0.10743  0.226501  -0.10743  0.241288 -0.162946  0.226501 -0.162946  0.273087
-22   1   0 -225.532  15.4313  -6.1474   0.135384 0.00509917  0.0622367 0.00509917  0.0949336 -0.0359066  0.0622367 -0.0359066   0.275867
-23   1   0 -234.279  15.6071 -5.80596    0.166839 -0.00317438  -0.0642277 -0.00317438    0.115066  -0.0808417  -0.0642277  -0.0808417    0.272111
-15  -2   0 -156.622 -25.4462 -5.33319   0.314222 0.00174797   0.223241 0.00174797   0.124761  0.0389312   0.223241  0.0389312   0.449351
-22   4   0 -225.377  42.1538 -4.13965   0.182899 -0.0984243 -0.0581076 -0.0984243   0.180619  0.0203833 -0.0581076  0.0203833   0.210127
-15  -3   0  -157.16 -34.8484 -5.01295   0.302685  -0.011796   0.167162  -0.011796   0.136237 -0.0103885   0.167162 -0.0103885   0.332242
-17  -4   0 -177.035 -45.2516 -4.69778  0.121568 0.0258322 0.0213081 0.0258322  0.109844 0.0102198 0.0213081 0.0102198  0.133252
-24   1   0 -244.979  14.7898 -7.19092   0.133242 -0.0110597   -0.24154 -0.0110597   0.144165   0.624394   -0.24154   0.624394     15.183
-24   2   0 -244.985  26.6865 -4.19364    0.115875 -0.00600431  0.00582259 -0.00600431    0.200708  -0.0818789  0.00582259  -0.0818789    0.109449
-16  -2   0 -163.107 -23.6204 -1.49695   0.552011   0.208702  0.0225404   0.208702   0.237531 -0.0757482  0.0225404 -0.0757482   0.283718
-24   0   0  -243.584 0.0192053  -4.55286   0.271981 -0.0280054  -0.128288 -0.0280054  0.0586025  0.0649628  -0.128288  0.0649628   0.240518
-21   2   0  -214.95  24.3416 -6.87782  0.126727  0.048464 -0.545088  0.048464  0.776042  -6.36468 -0.545088  -6.36468   63.8185
-24  -1   0 -245.024  -15.912 -4.29276   0.185365 -0.0586664  -0.100646 -0.0586664   0.126204  0.0519032  -0.100646  0.0519032   0.172909
-21   1   0 -215.252  16.2751 -7.10501    0.112869 0.000807914   -0.147346 0.000807914    0.169197    0.499379   -0.147346    0.499379     20.7365
-24  -2   0 -245.331 -23.7631 -3.03796    0.159709   0.0578993  -0.0343023   0.0578993    0.162679 -0.00749796  -0.0343023 -0.00749796     0.11799
-15   0   0   -155.23 -0.276854    -6.696    0.119737  0.00819989 -0.00631751  0.00819989   0.0317814  -0.0394104 -0.00631751  -0.0394104     2.41206
-16  -1   0   -164.6 -13.8457 -2.52728  0.291592  0.135855 0.0840079  0.135855  0.275112 0.0832171 0.0840079 0.0832171  0.173629
-15  -1   0 -155.837 -15.3837 -6.07251    0.201822 -0.00321759    0.177399 -0.00321759    0.153009   0.0131538    0.177399   0.0131538    0.845675
-16   0   0 -164.181 -1.72151 -5.91641  0.172608 0.0113113 0.0166672 0.0113113  0.033067 0.0527473 0.0166672 0.0527473  0.440418
-17  -1   0 -175.258 -13.9092 -3.67959   0.0958784 -0.00168352  -0.0714043 -0.00168352    0.130693 -0.00612433  -0.0714043 -0.00612433    0.185164
-22  -4   0 -226.061 -45.0513 -7.04623 0.218978 0.112145 -0.32815 0.112145 0.226511  1.03701 -0.32815  1.03701  101.382
-23  -2   0  -237.07 -24.9601 -2.41152  0.250075 0.0153614 0.0746687 0.0153614  0.162508 0.0129242 0.0746687 0.0129242  0.120298
-17   0   0 -175.174 0.842974 -5.11882    0.128846  -0.0391435 -0.00751717  -0.0391435    0.130346   0.0495808 -0.00751717   0.0495808    0.365565
-19   2   0 -195.506  24.2972 -6.24887    0.128005 -0.00469878    0.103798 -0.00469878     0.14104  -0.0604579    0.103798  -0.0604579    0.569787
-22  -2   0  -226.59  -26.188 -7.55883    0.18235 -0.0343159 -0.0591377 -0.0343159   0.229365   0.773406 -0.0591377   0.773406    8.26107
-19  -1   0 -196.104 -14.4588  -4.0698 0.248632 0.146379 0.366426 0.146379 0.171762 0.286628 0.366426 0.286628 0.822148
-18  -1   0 -182.932 -15.5593 -4.55529   0.181316  0.0256888 -0.0608044  0.0256888  0.0864512 -0.0425515 -0.0608044 -0.0425515   0.269711
-18   0   0  -185.647 -0.368982  -5.08187    0.123646  0.00659653   0.0716976  0.00659653   0.0712179 -0.00895881   0.0716976 -0.00895881    0.268416
-19   0   0 -194.161   1.4537 -4.65912   0.136844 0.00958354 -0.0764818 0.00958354  0.0622331 -0.0243919 -0.0764818 -0.0243919   0.244785
-21  -2   0 -213.632 -24.6592 -4.87291   0.311893 0.00245492  -0.217086 0.00245492   0.121547  0.0105026  -0.217086  0.0105026   0.523002
-20   0   0 -204.292  4.15289 -5.31328    0.117142 0.000253648   -0.010413 0.000253648   0.0762356   0.0354232   -0.010413   0.0354232    0.546388
-23  -1   0  -235.241  -13.8703 -0.210519   0.176545 0.00794693   0.018681 0.00794693    0.18197 0.00874421   0.018681 0.00874421  0.0438538
-21   0   0 -214.445  5.14669 -5.40369   0.130345 0.00184821 -0.0409731 0.00184821   0.106185  0.0421073 -0.0409731  0.0421073   0.716912
-20   4   0 -204.458  45.8764 -2.04978    0.153159   0.0253461 -0.00475589   0.0253461     0.11245   0.0220674 -0.00475589   0.0220674    0.111616
-23   0   0 -235.143  3.47283 -4.44472   0.139647 -0.0118782  0.0767172 -0.0118782  0.0368538   0.022905  0.0767172   0.022905   0.268121
-19   1   0 -195.345  15.3393 -6.92578    0.134156 -0.00794198  -0.0150447 -0.00794198    0.128197 -0.00352747  -0.0150447 -0.00352747     2.02805
-22   0   0 -225.264  7.19375   -5.471  0.133377  0.033263 0.0661437  0.033263  0.245902 0.0642669 0.0661437 0.0642669  0.934116
-23   2   0 -234.712  24.5385  -3.5861   0.139844  0.0323859 -0.0126304  0.0323859   0.132234  -0.011208 -0.0126304  -0.011208    0.10455
-22  -1   0 -224.469 -15.7533 -6.29647  0.202707  0.164702 -0.129113  0.164702  0.354099 -0.186573 -0.129113 -0.186573  0.462587
