-21 -13   1 -215.722 -139.512  13.2447    0.354404    0.455809 -0.00133807    0.455809     24.2164    -2.30168 -0.00133807    -2.30168    0.862914
-20 -13   1 -207.926 -139.398  10.4526  4.22098   14.351 -20.5734   14.351  89.6328 -114.048 -20.5734 -114.048  154.179
-20 -14   1 -208.631 -142.022  10.8513   9.61606  -2.15277  -3.10785  -2.15277   2.32951 -0.259628  -3.10785 -0.259628   2.89792
-18  -6   0 -182.984 -64.8199  3.39324   2287.6 -915.172  104.568 -915.172  564.935 -66.9802  104.568 -66.9802  18.9362
-18  -9   0 -183.393 -93.6013 -2.51261  0.199535  0.059682 -0.214276  0.059682  0.201117 -0.186697 -0.214276 -0.186697  0.817734
-24 -14   0 -244.793 -142.694   1.0546    0.101115  -0.0172303  0.00836859  -0.0172303     0.36353 -0.00696787  0.00836859 -0.00696787    0.105541
-18  -5   0 -182.836 -57.0899  3.55927    3.27512    1.68446   -0.80428    1.68446    1.50033 -0.0886192   -0.80428 -0.0886192    0.85341
-21 -13   0 -215.247 -135.708 -2.61333     0.12869  -0.0149206 -0.00432569  -0.0149206     0.22243    0.121218 -0.00432569    0.121218    0.297524
-24 -13   0 -244.775 -135.232 -2.05032   0.113985 -0.0477061 -0.0243629 -0.0477061   0.430291   0.265315 -0.0243629   0.265315   0.381274
-23 -14   0 -234.527 -142.788 -0.27523    0.108334  -0.0244001   0.0164476  -0.0244001    0.290452 -0.00648613   0.0164476 -0.00648613    0.148315
-19 -13   0 -194.695  -135.06 -2.46654  0.156472  0.120117 0.0647802  0.120117  0.318943  0.198029 0.0647802  0.198029  0.284274
-22 -13   0 -225.236 -135.805 -2.13066 0.0891096 0.0405737 0.0299467 0.0405737  0.322563  0.192991 0.0299467  0.192991  0.296255
-23 -13   0 -235.045 -135.405 -2.35262   0.112116 0.00247334   0.016036 0.00247334   0.206516   0.122581   0.016036   0.122581   0.301784
-24 -12   0 -245.467 -124.127 -5.31084  0.138273 0.0149048  0.451196 0.0149048  0.108543 0.0344721  0.451196 0.0344721   12.2613
-19 -12   0 -194.481 -123.932  -5.3196    0.121019 -0.00492197   -0.132487 -0.00492197    0.111932  -0.0646364   -0.132487  -0.0646364      13.536
-20 -12   0 -205.145 -124.453 -5.33845     0.1239 0.00422539 -0.0783126 0.00422539   0.150717    1.08856 -0.0783126    1.08856    37.1936
-22 -12   0  -224.96 -124.528 -5.42093     0.11915 -0.00500315  -0.0706269 -0.00500315    0.207368     1.59384  -0.0706269     1.59384     29.3471
-21 -14   0 -214.184 -142.349 0.539625  0.123238 0.0178207 0.0056983 0.0178207  0.248352 0.0376863 0.0056983 0.0376863 0.0883432
-18 -12   0 -185.177 -124.507  -5.3985   0.121366 0.00101138 -0.0347909 0.00101138    0.13745   0.383399 -0.0347909   0.383399    4.67222
-22 -11   0 -225.129 -116.908  -2.7832    0.119158  0.00104863 -0.00460799  0.00104863    0.961641   -0.389178 -0.00460799   -0.389178    0.360685
-24 -10   0 -244.096 -104.482 -1.55383     0.4502  -0.184524  0.0428891  -0.184524   0.193737 -0.0369318  0.0428891 -0.0369318   0.366457
-23 -11   0  -234.79 -116.103 -2.86352     0.1476  0.0798047 -0.0215151  0.0798047   0.444098  -0.126626 -0.0215151  -0.126626   0.226362
-18 -11   0  -184.55 -115.368  -3.0184  0.200866 -0.151647   0.12971 -0.151647  0.305376 -0.217244   0.12971 -0.217244  0.354257
-24 -11   0 -244.935 -115.428 -2.73948     0.15343 -0.00321416 -0.00732561 -0.00321416    0.302738   -0.103696 -0.00732561   -0.103696    0.230805
-16 -14   1 -167.281 -146.811  10.9123   0.232647  -0.172664 -0.0248124  -0.172664   0.714544   0.350358 -0.0248124   0.350358    1.45062
-20 -11   0 -205.172 -117.319 -2.52879    0.12092 -0.0514228  0.0176016 -0.0514228    1.16712    -0.4116  0.0176016    -0.4116   0.354527
-17 -13   0 -176.321 -132.957 -4.38033   0.240805 -0.0799629   0.112969 -0.0799629   0.730788   0.336666   0.112969   0.336666   0.957738
-21 -14   1 -216.213 -141.995  11.6419  0.941409 -0.124224 0.0275142 -0.124224  0.188924  0.120721 0.0275142  0.120721  0.858048
-20 -14   0  -204.847  -142.458 -0.714371  0.117478 0.0170483 0.0235945 0.0170483  0.311915 0.0432219 0.0235945 0.0432219  0.119919
-21 -12   0 -214.992 -123.806    -5.22    0.135857 0.000964459    -0.10304 0.000964459    0.121158   -0.164753    -0.10304   -0.164753     5.31418
-19 -14   0  -195.173  -142.462 -0.604187     0.11083  0.00788586  -0.0142448  0.00788586    0.383543 -0.00332781  -0.0142448 -0.00332781    0.103749
-17  -8   0  -172.18 -83.4476 -1.98588    0.355323   0.0153083 0.000439278   0.0153083    0.100525   0.0679219 0.000439278   0.0679219    0.644452
-17  -9   0 -172.025 -95.3359  -2.5709    0.610364   0.0263253 -0.00388893   0.0263253    0.117577  0.00663368 -0.00388893  0.00663368    0.227915
-17 -12   0 -174.292 -124.767 -4.71606    0.189512 -0.00917648   -0.151987 -0.00917648    0.203465   0.0717783   -0.151987   0.0717783     0.86657
-21  -5   0 -213.744 -54.6621 -1.79911    89.2909   -3.05333  -0.230149   -3.05333   0.238905 0.00664183  -0.230149 0.00664183  0.0900238
-23 -10   0 -236.652 -104.487 -1.62383  0.647845  0.220242 -0.133057  0.220242  0.221595 -0.125015 -0.133057 -0.125015  0.544158
-24  -7   0 -243.488 -73.2662 -3.23914  0.386568 -0.151037 -0.226032 -0.151037   0.19624  0.114578 -0.226032  0.114578  0.344185
-18  -7   0 -180.259 -76.2807 -4.33003   3.81752 -0.239149   1.03726 -0.239149   0.78486  -0.23656   1.03726  -0.23656  0.623071
-16  -8   0 -163.783 -82.9719 -2.85578    0.114219 -0.00185376   0.0248121 -0.00185376    0.116129  -0.0353954   0.0248121  -0.0353954    0.383146
-24  -6   0 -245.609 -63.7459 -6.84885 0.453398 0.377383 -1.60383 0.377383 0.423483 -1.52473 -1.60383 -1.52473  60.6773
-23 -12   0 -234.834  -124.55 -5.44346  0.122882 0.0134893  0.200563 0.0134893  0.221475   2.11253  0.200563   2.11253   46.4083
-23  -7   0 -236.667 -74.1699 -2.35144  0.433696  0.326499  0.107623  0.326499  0.373868 0.0541614  0.107623 0.0541614  0.183476
-17 -14   1  -174.07 -147.015  11.2966  0.288148 -0.156089 -0.189173 -0.156089     1.004 0.0285811 -0.189173 0.0285811   1.28371
-15  -7   0 -155.692 -76.1309 -6.34029 0.157471 0.016818 0.402794 0.016818 0.166572 0.322269 0.402794 0.322269  4.59711
-20 -13   0 -205.867 -135.526 -2.74999   0.124634 -0.0366477 -0.0278103 -0.0366477   0.256449   0.179531 -0.0278103   0.179531   0.336327
-23  -6   0 -237.144 -64.8543 -6.98965 2.18776  2.3631 6.17924  2.3631 2.79696 6.54909 6.17924 6.54909 107.831
-19 -11   0 -195.234 -117.532 -2.26221     0.1168 -0.0578062 0.00152066 -0.0578062    1.56108  -0.506173 0.00152066  -0.506173   0.387421
-15  -6   0 -155.277  -65.313 -6.62121     0.12028 -0.00340237    0.360079 -0.00340237    0.130268   -0.387163    0.360079   -0.387163     10.5272
-15  -8   0 -157.354   -85.16 -4.90613     0.16979 -0.00252947    0.148862 -0.00252947    0.121175 -0.00515297    0.148862 -0.00515297    0.330452
-15  -9   0 -156.201 -94.3642 -6.07071   0.141695  0.0156732   0.113816  0.0156732   0.115596 -0.0337181   0.113816 -0.0337181    0.42234
-21  -6   0 -214.151 -63.7569 -3.23048    8.53194  -0.485571  0.0649994  -0.485571   0.134647 -0.0298406  0.0649994 -0.0298406    0.11387
-16 -10   0 -164.382 -104.115 -3.74248   0.138454 -0.0306916  0.0248047 -0.0306916   0.165738 -0.0904178  0.0248047 -0.0904178   0.187241
-18 -14   1 -183.659 -149.208  11.1291  0.759837 -0.321978  0.125377 -0.321978   2.74008 -0.501588  0.125377 -0.501588   1.15205
-24  -5   0 -244.618 -53.6386 -6.03168  0.0912092 -0.0273437 -0.0157051 -0.0273437   0.145521 -0.0756465 -0.0157051 -0.0756465   0.239925
-22 -14   0 -225.535 -142.162 0.422888     0.11499   0.0405602 -0.00425917   0.0405602    0.380071   -0.017515 -0.00425917   -0.017515   0.0932421
-23  -5   0 -233.014 -54.1828 -4.53045   0.158919  0.0427739 -0.0557027  0.0427739   0.222627  0.0410352 -0.0557027  0.0410352   0.214183
-22  -5   0 -227.431 -52.7564 -5.54471   0.523735   -0.61826 -0.0998851   -0.61826    1.15463   0.373096 -0.0998851   0.373096   0.344305
-17  -6   0 -177.094 -65.4542 -1.78574   0.146329 0.00131945   0.100331 0.00131945   0.143827  0.0226779   0.100331  0.0226779   0.248599
-18 -13   0 -184.978 -134.014 -3.57881   0.106223 -0.0527911 -0.0125291 -0.0527911   0.172565   0.113341 -0.0125291   0.113341   0.543912
-16  -9   0 -164.437 -95.6487 -3.16494    0.14346  -0.010643   0.023766  -0.010643   0.120607 0.00378425   0.023766 0.00378425   0.139173
-15 -10   0  -155.64 -104.642 -6.15664   0.127894 0.00568892   0.105203 0.00568892   0.150583 -0.0661101   0.105203 -0.0661101   0.449129
-19  -7   0  -196.28 -71.8203  7.07458   2.20865 -0.784249 -0.195504 -0.784249   1.60037 -0.318416 -0.195504 -0.318416   1.03208
-17 -11   0 -175.393 -114.436 -5.70266   0.165149 -0.0350543   0.321777 -0.0350543   0.154938  -0.261109   0.321777  -0.261109    2.95747
-16 -12   0 -164.245  -124.82 -3.50164  0.0981222 0.00329944  0.0231227 0.00329944   0.195005  0.0276094  0.0231227  0.0276094    0.25303
-15  -5   0 -156.102 -55.1294 -5.89074    0.175784 -0.00334057    0.170028 -0.00334057    0.165861    0.171352    0.170028    0.171352      1.0116
-16 -13   0 -165.843 -135.189 -3.92881    0.106088  -0.0182964 -0.00328834  -0.0182964    0.168184   0.0917747 -0.00328834   0.0917747    0.217553
-16  -7   0 -163.884 -75.4662 -6.06894  0.148874 0.0524816  0.231069 0.0524816  0.208822  0.317182  0.231069  0.317182   2.37248
-17  -5   0 -176.677 -55.3248 -3.06949  0.114927 0.0249573 0.0151716 0.0249573  0.159903 0.0303383 0.0151716 0.0303383  0.149078
-16 -11   0 -164.359 -116.191 -5.13605   0.185955 0.00366264 -0.0267468 0.00366264   0.200852   0.265363 -0.0267468   0.265363   0.848662
-15 -12   0 -157.454 -124.638 -5.11075   0.210501 -0.0726508   0.110896 -0.0726508   0.260133  0.0274043   0.110896  0.0274043   0.308296
-21 -11   0 -215.093 -116.797 -2.38794    0.114751  -0.0119052 0.000514469  -0.0119052     1.47334   -0.418416 0.000514469   -0.418416    0.323728
-16  -5   0 -163.874 -53.8788 -3.09627    0.158913 -0.00950853   0.0332993 -0.00950853    0.153126  -0.0940013   0.0332993  -0.0940013    0.191994
-22  -7   0 -226.813 -77.9764 -4.33844   0.202956 -0.0852404   0.104979 -0.0852404    11.1282   0.149519   0.104979   0.149519   0.415741
-17 -14   0 -174.418 -145.018 -1.74672   0.201603  -0.121026 -0.0437738  -0.121026   0.347275  0.0775818 -0.0437738  0.0775818  0.0811062
-15 -13   0 -157.136  -133.79 -5.54229    0.219871 0.000252571    0.176466 0.000252571    0.150002   -0.059753    0.176466   -0.059753    0.348485
-15 -11   0 -154.495 -114.764 -6.72001    0.137622 -0.00862852    0.887265 -0.00862852     0.13194    0.340838    0.887265    0.340838       27.72
-16 -14   0 -165.632 -143.148 -1.80084     0.13999  -0.0378729 -0.00817558  -0.0378729    0.275913     0.05042 -0.00817558     0.05042   0.0714996
-21  -7   0 -217.918 -75.3496 -5.60906  45.6189 -25.7345 -22.2823 -25.7345  14.6569   12.742 -22.2823   12.742  11.4816
-15 -14   0 -157.055 -143.487 -3.71219  0.215484  0.123435 0.0562946  0.123435  0.278138  0.130345 0.0562946  0.130345  0.153333
-16  -6   0 -164.724 -65.0771 -6.38523    0.100727 -0.00536983    0.116293 -0.00536983     0.14261   -0.270533    0.116293   -0.270533     2.73758
-19  -6   0 -197.108 -67.4214  6.39968   3.01211 -0.157156   1.86955 -0.157156  0.415599  0.206392   1.86955  0.206392   1.86042
-17 -10   0 -174.682 -105.806 -2.48698  0.506209 -0.366126  0.174216 -0.366126  0.401492 -0.151513  0.174216 -0.151513  0.270155
-18 -14   0 -185.478 -144.171 -1.68498  0.202719  0.125242 0.0150583  0.125242  0.218751 0.0206995 0.0150583 0.0206995 0.0922042
-17  -7   0 -177.667 -74.9199 -1.58467    0.147005 -0.00923057   0.0494045 -0.00923057    0.110448  0.00353779   0.0494045  0.00353779    0.167384
