-19 -17   1 -197.931 -173.439  12.2726  0.652363 -0.134961  0.081165 -0.134961   0.17277 -0.230321  0.081165 -0.230321    1.0254
-24 -15   1 -249.142  -156.13  12.7414   5.58916   2.61228 -0.480728   2.61228   1.97654 -0.411814 -0.480728 -0.411814  0.879967
-23 -15   1 -231.009 -156.495  11.5121  20.3868 -20.4721  20.3044 -20.4721  23.8343 -24.5233  20.3044 -24.5233  27.6033
-20 -17   1 -204.117  -171.85  12.9917 0.912405  0.41213 0.304437  0.41213 0.421277 0.309747 0.304437 0.309747 0.660619
-22 -16   1 -224.302 -161.035  11.7838  1.91439 -4.97299 -1.41374 -4.97299  14.8883  4.55258 -1.41374  4.55258  2.56164
-24 -16   1 -249.094 -161.159  11.1246  329.999  -77.204 -295.347  -77.204  18.7464  69.0717 -295.347  69.0717   266.07
-22 -18   1 -225.775 -184.244   11.766 0.104795 0.196373 0.283982 0.196373  1.34952  1.46851 0.283982  1.46851  2.21003
-21 -15   1 -217.324 -152.915  11.5569    0.269929   0.0954399    0.160026   0.0954399    0.353925 -0.00722769    0.160026 -0.00722769    0.786529
-17 -15   1 -176.913 -153.701  11.4176   0.309792    0.02674 -0.0597902    0.02674   0.371173 -0.0450863 -0.0597902 -0.0450863   0.958054
-16 -15   1 -162.696 -152.784  10.6964    0.8805  0.206821 -0.137641  0.206821  0.300405   -0.2147 -0.137641   -0.2147   3.16387
-22 -15   1 -223.926 -155.362  12.0651   0.197365  0.0431298 -0.0233839  0.0431298   0.229673   -0.11618 -0.0233839   -0.11618   0.540804
-19 -16   1 -194.385 -164.085  10.6156  2.52123  1.82624 -1.69393  1.82624  1.59551 -1.38154 -1.69393 -1.38154  3.04859
-20 -16   1 -206.465 -169.095  12.5673  2.40243 -5.38522 -1.09065 -5.38522  18.9429  2.97244 -1.09065  2.97244 0.715848
-18 -17   1 -184.579   -173.9  14.5341  0.292463 -0.206501 0.0363843 -0.206501  0.880382 -0.117609 0.0363843 -0.117609  0.140857
-18 -15   1  -182.98 -152.558  11.0909    0.238086 -0.00121905   0.0719791 -0.00121905    0.159727   0.0585226   0.0719791   0.0585226     1.55371
-22 -18   0 -227.673 -186.557  7.10814  0.457772  0.696889 -0.146628  0.696889   1.46123  -0.28534 -0.146628  -0.28534  0.246454
-16 -16   0 -162.949 -164.305  3.84294   0.322892  0.0415929  -0.107475  0.0415929   0.365968 -0.0421709  -0.107475 -0.0421709   0.463438
-24 -17   0 -245.722 -170.733 -0.85187 0.620928 -2.16329 -9.12772 -2.16329  17.4066  51.5048 -9.12772  51.5048  284.616
-21 -17   0 -213.074 -173.929  4.32064   0.184831  -0.191181  0.0220828  -0.191181   0.539037 -0.0494751  0.0220828 -0.0494751    0.10356
-24 -16   0 -246.137 -162.611 -1.98186 0.270401 0.137724 0.154354 0.137724 0.301531 0.188551 0.154354 0.188551 0.914154
-23 -16   0 -233.938 -162.975 -2.08732  0.26176 0.106183  1.41662 0.106183   1.4162  6.61897  1.41662  6.61897  41.4348
-22 -16   0 -226.888  -162.45  1.43474  0.388976 -0.150083 -0.041246 -0.150083  0.170369 0.0126627 -0.041246 0.0126627 0.0400558
-24 -15   0 -244.033 -152.934 0.299181   0.473922  -0.234332 -0.0103577  -0.234332   0.614677 -0.0711709 -0.0103577 -0.0711709   0.167032
-23 -15   0  -237.263  -152.795 -0.102749   0.546307   0.264306 -0.0111534   0.264306    0.38327 -0.0801084 -0.0111534 -0.0801084   0.189276
-20 -17   0 -204.477 -172.756  4.05746    0.195583   0.0369199  0.00582465   0.0369199    0.121366 0.000568367  0.00582465 0.000568367    0.049667
-22 -15   0 -223.214 -154.858  3.51695   0.252332 -0.0468834 -0.0103026 -0.0468834      0.154   0.021586 -0.0103026   0.021586  0.0585739
-19 -17   0 -197.535 -173.607  5.53497  0.439807 0.0987258 0.0507673 0.0987258  0.673454 0.0818115 0.0507673 0.0818115  0.108601
-21 -15   0 -217.336  -154.09  5.74915   0.205507 -0.0334474 0.00847387 -0.0334474   0.225432 -0.0281611 0.00847387 -0.0281611   0.090519
-20 -16   0 -204.876 -167.324  2.99165  0.300324   0.12502 0.0184116   0.12502  0.827165  0.168715 0.0184116  0.168715 0.0694557
-20 -15   0 -208.673 -151.107  0.48051  0.340805  -0.29711 0.0694828  -0.29711   1.91624 -0.202047 0.0694828 -0.202047  0.156033
-19 -16   0 -194.372 -164.499  2.97198   0.403457  -0.104438 -0.0207706  -0.104438   0.471378  0.0710803 -0.0207706  0.0710803  0.0656038
-18 -16   0 -184.763 -163.319 0.816723   0.108004  -0.016252 -0.0118752  -0.016252   0.109899 -0.0411359 -0.0118752 -0.0411359  0.0533826
-19 -15   0  -193.32 -157.824 -4.65984  0.60463 0.122308 -0.10958 0.122308 0.169444 0.360909 -0.10958 0.360909  3.10276
-21 -16   0 -213.073 -165.294  5.73646  0.890769  0.501753  0.203488  0.501753  0.371421 0.0960156  0.203488 0.0960156  0.173462
-18 -15   0 -182.677 -152.192  2.31628  0.370485 0.0455545 0.0418735 0.0455545  0.241965  0.022444 0.0418735  0.022444 0.0519199
-15 -16   0 -155.356 -162.982  3.08301  0.324584  -0.23618 0.0102528  -0.23618  0.714099  0.103259 0.0102528  0.103259 0.0977987
-18 -17   0 -185.457 -174.663  5.78498   0.195987 0.00596733 -0.0305214 0.00596733   0.630391  0.0901022 -0.0305214  0.0901022    0.12473
-17 -15   0 -177.543 -152.405   1.0493   0.323609   0.022907 0.00152241   0.022907   0.483086  0.0416535 0.00152241  0.0416535  0.0553339
-16 -15   0 -163.434 -154.638  2.89955  0.230581 0.0207535  -0.05223 0.0207535  0.218786 0.0215481  -0.05223 0.0215481 0.0816252
-15 -15   0  -153.669  -152.624 -0.861133    0.176864 -0.00690001   0.0586033 -0.00690001    0.177854   0.0236232   0.0586033   0.0236232   0.0759631
