-33 -10   1 -333.438 -101.016  11.9927    8.713 -7.34508 -0.15104 -7.34508   16.041 -1.07858 -0.15104 -1.07858  1.49754
-33  -9   1 -333.189  -97.266  11.7788   1.25381  0.399896 -0.219905  0.399896  0.322016 -0.127601 -0.219905 -0.127601   1.22489
-33  -8   1 -335.276 -83.2261  10.9613   8.0386 -3.91034 -3.42751 -3.91034   2.3292  1.50082 -3.42751  1.50082  2.48899
-31 -13   1 -315.519 -139.341  11.5356 0.861184  1.00041 0.211027  1.00041  7.70088  3.43845 0.211027  3.43845  3.07667
-30 -14   1 -305.225 -146.959  10.7328  0.382934 0.0772654  0.504431 0.0772654  0.854475  0.402651  0.504431  0.402651   2.25693
-33 -12   1 -332.415 -124.932  11.6157   0.607777 -0.0189026  0.0795687 -0.0189026   0.124068 0.00109453  0.0795687 0.00109453   0.756536
-33 -13   1 -336.702 -136.179  11.3735   1.63466  -1.14545 -0.146842  -1.14545  0.874914  0.202648 -0.146842  0.202648   1.05405
-31 -14   1 -313.392 -143.866  11.2367   0.661076   0.434222 -0.0899347   0.434222   0.498358 -0.0467841 -0.0899347 -0.0467841    1.20316
-27 -14   1 -278.168 -147.815  11.4718   0.416251 -0.0225387   0.142389 -0.0225387    0.47746 -0.0265603   0.142389 -0.0265603   0.755439
-26  -9   0 -263.279 -96.9414  3.43993  1.30699  1.88072 -1.37348  1.88072  3.74097 -2.16855 -1.37348 -2.16855  4.95408
-34 -13   0  -340.34 -138.946  6.38339  54.0585 -25.0587 -5.10884 -25.0587     45.1  3.28156 -5.10884  3.28156  0.75906
-33  -8   0 -332.732  -86.564  6.05428   0.562014 -0.0341618  0.0383573 -0.0341618   0.261675  -0.026212  0.0383573  -0.026212   0.292899
-28 -14   1 -283.544   -148.4  11.2463    0.225314 -0.00890433  -0.0330951 -0.00890433    0.218333   0.0295333  -0.0330951   0.0295333     1.01214
-33 -12   0  -333.44 -127.571  5.98364    0.202745 0.000312509  -0.0469254 0.000312509    0.348087    -0.13543  -0.0469254    -0.13543    0.157663
-32  -7   0 -322.698 -75.5113   2.0341    5.7897   5.29878 -0.164285   5.29878   5.35926 -0.243018 -0.164285 -0.243018  0.164315
-33 -14   0 -337.368  -141.26  2.86168  0.434082  0.777217 -0.029312  0.777217    2.3566 -0.204223 -0.029312 -0.204223 0.0917506
-28 -14   0 -283.788 -143.367  1.61626  0.133697 0.0204826 0.0130096 0.0204826  0.182593 0.0402382 0.0130096 0.0402382  0.128144
-31  -8   0 -311.912  -87.945 -2.12289  0.0771099 -0.0193784  0.0628288 -0.0193784   0.254833   -0.13267  0.0628288   -0.13267    3.04602
-34  -9   0 -340.985 -94.2926 -1.52355 35.9498 27.9097 10.0634 27.9097 22.8817 8.38474 10.0634 8.38474 3.41832
-26 -14   1 -262.244 -148.714   11.513 0.996465 0.425113 0.584783 0.425113 0.889521 0.755816 0.584783 0.755816  1.73832
-33  -9   0 -332.839 -97.3692  3.93738   0.277306  0.0378997 -0.0826406  0.0378997   0.138645 -0.0425578 -0.0826406 -0.0425578   0.150705
-30 -14   0 -303.338  -143.53  2.50238  0.282693 0.0228338  0.058704 0.0228338  0.181639 0.0387613  0.058704 0.0387613 0.0906985
-27 -14   0 -275.987 -143.575  1.01941    0.144412  -0.0250205 -0.00842321  -0.0250205    0.173249   0.0364698 -0.00842321   0.0364698    0.133349
-31  -7   0 -315.745 -78.9526  1.67918   3.04349   18.2069 -0.823359   18.2069   114.236  -4.87314 -0.823359  -4.87314  0.424084
-33 -11   1 -332.547 -117.931  11.3675  3.00504  1.71215 0.678147  1.71215  2.04089 0.454386 0.678147 0.454386  1.76935
-26 -14   0 -264.458 -143.209 0.942859    0.140634    0.032717 -0.00822032    0.032717    0.217269   0.0200262 -0.00822032   0.0200262    0.120427
-25 -14   0  -256.58 -144.368  1.33353    0.144839  -0.0283402 -0.00293655  -0.0283402    0.164208   0.0178863 -0.00293655   0.0178863    0.101928
-33 -13   0 -335.375 -132.639  3.88139   0.140278 -0.0235771 -0.0156344 -0.0235771   0.113227  0.0132588 -0.0156344  0.0132588   0.107583
-32 -13   0 -323.967 -135.691 -1.78599  0.176357 0.0587045 0.0435971 0.0587045   0.15243 0.0550155 0.0435971 0.0550155  0.141406
-31 -13   0 -313.268 -136.106 0.278202   0.190084 0.00906034  0.0309909 0.00906034   0.182668  0.0599629  0.0309909  0.0599629  0.0846033
-25 -14   1  -259.32 -146.995  10.7451   4.45898 -0.384488 -0.459773 -0.384488  0.209523 0.0622712 -0.459773 0.0622712   1.93384
-32 -12   0  -320.65 -126.861 0.413562  0.703972 -0.136078 0.0896941 -0.136078  0.272111 -0.048677 0.0896941 -0.048677  0.146085
-33 -14   1 -335.729 -142.979  12.5014 0.771685 0.869937 0.176803 0.869937  1.21998 0.372047 0.176803 0.372047 0.586847
-30 -13   0 -303.169 -135.067 -1.60357    0.21688 0.00517392 -0.0640491 0.00517392   0.216617   0.125755 -0.0640491   0.125755   0.357135
-28 -13   0  -285.52 -135.084 -2.28969     0.169613 -0.000645939    0.0074455 -0.000645939     0.176954     0.199603    0.0074455     0.199603     0.524817
-32  -9   0  -326.114  -95.1853 -0.724461    0.24659 -0.0242269   0.216647 -0.0242269   0.113811  -0.010888   0.216647  -0.010888   0.366899
-33 -10   0 -333.837 -101.902  3.28968   0.448522 -0.0196868 -0.0258552 -0.0196868   0.511821 -0.0440243 -0.0258552 -0.0440243    0.10482
-32 -11   0 -328.932 -114.665 -1.15168    0.40844 -0.0215667  0.0378915 -0.0215667   0.485815   0.210487  0.0378915   0.210487   0.166878
-27 -13   0 -274.422 -135.012 -1.75226  0.137876 0.0230757 0.0204764 0.0230757  0.171404  0.109238 0.0204764  0.109238  0.236402
-31 -12   0 -318.323 -124.808 0.426767   0.450995   0.180301  0.0954459   0.180301    0.43733 -0.0356379  0.0954459 -0.0356379   0.148164
-25 -13   0 -254.035 -134.505 -2.60851   0.16525 0.0379807 -0.020111 0.0379807  0.356776  0.228611 -0.020111  0.228611  0.451144
-31  -9   0 -315.619 -97.7019 -4.42042 0.0994363   0.13076  0.283678   0.13076  0.472902  0.588396  0.283678  0.588396   6.94156
-31 -10   0 -313.539 -106.705 -4.96818   0.457333 -0.0667339    3.16304 -0.0667339   0.236896   -1.25694    3.16304   -1.25694    32.4955
-33 -11   0 -333.022 -115.176  3.70442   0.58211 0.0191219  0.146278 0.0191219  0.234412 0.0416122  0.146278 0.0416122  0.143349
-28 -12   0 -284.824 -124.646 -5.12625 0.139108  0.03474 0.393382  0.03474 0.223337  1.71333 0.393382  1.71333  30.8015
-32 -10   0 -323.909 -104.499 -3.08708  0.372505  0.129193  0.427292  0.129193  0.294367 -0.171228  0.427292 -0.171228   1.30516
-27 -12   0 -275.135 -124.628 -5.18216 0.124614 0.036301 0.621152 0.036301 0.180608  1.53758 0.621152  1.53758  37.3783
-29 -14   0 -295.824 -142.046 0.542021   0.122543 -0.0172896  0.0249467 -0.0172896   0.353595  0.0844627  0.0249467  0.0844627   0.134373
-30 -12   0 -303.029 -125.558 -4.16063   0.160497 -0.0265227  0.0108778 -0.0265227   0.212044 -0.0933894  0.0108778 -0.0933894   0.991569
-30 -11   0 -303.975 -115.302 -5.27178 0.268482 0.163492   3.8471 0.163492 0.310678  4.61476   3.8471  4.61476  122.613
-26 -12   0 -264.962 -124.679 -5.25691  0.119766 0.0409411  0.655789 0.0409411  0.464258   6.21478  0.655789   6.21478   112.916
-25 -12   0 -254.806 -124.278  -5.2377    0.119584 -0.00678202   -0.107045 -0.00678202    0.109158   0.0904514   -0.107045   0.0904514     10.3328
-30  -9   0  -304.79 -98.2315 -5.06635  0.376952 0.0605207   1.41723 0.0605207  0.316657  0.751796   1.41723  0.751796   11.0919
-27 -11   0  -275.12 -114.769 -3.64552   0.120788 -0.0263101  0.0317045 -0.0263101   0.331527  -0.242869  0.0317045  -0.242869   0.520231
-29 -11   0 -293.266 -115.324 -3.57678  0.218153 0.0713752 -0.153765 0.0713752  0.369936 -0.367922 -0.153765 -0.367922  0.728867
-32 -14   0  -322.957  -141.471 -0.762215  0.446602  -0.10698 0.0438873  -0.10698  0.826446 0.0129541 0.0438873 0.0129541 0.0795284
-26  -6   0 -267.181 -61.6905 -5.66162  0.767194 -0.143391   7.72757 -0.143391  0.687202  -7.76757   7.72757  -7.76757   173.664
-28 -11   0 -284.968 -115.257  -3.5424   0.132756 -0.0726696  0.0868547 -0.0726696   0.355142  -0.376592  0.0868547  -0.376592   0.801793
-26  -7   0 -262.296 -73.4339 -6.17693    4.6425 -0.446572   14.6599 -0.446572  0.357688  0.352581   14.6599  0.352581   297.073
-29 -13   0 -294.634 -134.545 -2.15595  0.0936588 0.00295772  0.0287833 0.00295772   0.213021   0.122518  0.0287833   0.122518   0.464424
-25 -11   0 -255.262 -116.166 -3.52455   0.118708  0.0189509 -0.0309986  0.0189509   0.540754   -0.65144 -0.0309986   -0.65144    1.18286
-32  -8   0    -323.27   -88.5162 -0.0641478   0.167966 -0.0341895  0.0818384 -0.0341895   0.416872  -0.037184  0.0818384  -0.037184    0.27182
-27  -5   0 -273.653 -51.1175 -6.23144 0.152428  0.21374  2.30887  0.21374  1.65803  8.59155  2.30887  8.59155  95.8902
-26  -5   0 -264.198 -54.1335 -6.15079 0.572663  0.29456   3.8876  0.29456 0.335894  2.96797   3.8876  2.96797  44.5912
-25  -6   0 -255.997  -65.836 -6.53889  0.212489 0.0283211   3.07008 0.0283211  0.361022  0.182751   3.07008  0.182751    144.27
-26 -13   0 -266.242 -134.725 -2.02269  0.163097 0.0358867 0.0369209 0.0358867  0.290345  0.194803 0.0369209  0.194803  0.366348
-33  -5   0  -333.628  -56.4139 -0.820683   0.304668  -0.195767 -0.0376739  -0.195767    1.15397  0.0189435 -0.0376739  0.0189435   0.127765
-25  -5   0 -255.976 -54.0071 -6.71236 0.330671 0.136384  4.54173 0.136384 0.222309  2.68179  4.54173  2.68179  126.151
-29 -12   0 -295.347 -124.908 -4.93106   0.156163 -0.0036214   0.593336 -0.0036214   0.156316   0.283747   0.593336   0.283747    9.05824
-31 -11   0 -313.284 -113.903 -5.00457 0.270584 0.112956  3.26837 0.112956 0.211787  2.08663  3.26837  2.08663  122.042
-30 -10   0 -304.955 -105.763 -5.35937    0.202001 0.000936419     1.39556 0.000936419    0.122404   -0.581395     1.39556   -0.581395      28.453
-31 -14   0 -314.325 -141.781  3.52473   0.462616  0.0529564 -0.0579516  0.0529564   0.433762  0.0621964 -0.0579516  0.0621964  0.0656024
-26 -11   0 -265.016 -114.995 -3.67353   0.123007  0.0372854 -0.0352831  0.0372854   0.405221  -0.297877 -0.0352831  -0.297877   0.567033
-30  -7   0 -309.108 -79.8641  2.99096 0.512134 0.357262 0.076042 0.357262  46.2404 0.986376 0.076042 0.986376 0.400937
-29 -10   0 -298.791 -106.344 -5.51459   1.86024    0.1441   -1.5392    0.1441  0.202994 -0.149595   -1.5392 -0.149595   12.7019
-30  -8   0  -306.804  -84.5735 -0.825841  0.880481 -0.378436  0.259786 -0.378436  0.322475 -0.227069  0.259786 -0.227069  0.287209
