-28 -16   1 -280.85 -163.74 11.5272   6.31331 -0.636204  -1.21788 -0.636204  0.197963  0.130611  -1.21788  0.130611   2.41367
-25 -16   1 -254.525 -161.159  11.5264  2.08247  23.7464 0.522944  23.7464  328.252  10.8464 0.522944  10.8464   2.8059
-26 -16   1 -265.451  -161.15  12.2023  2.91822  4.77705 -2.19127  4.77705  8.34363 -4.03133 -2.19127 -4.03133  2.41147
-27 -16   1 -278.111 -161.143  11.5736  0.74605  6.26733 0.715056  6.26733  59.3653  5.86307 0.715056  5.86307   1.8696
-31 -15   1 -317.967 -151.078  11.7128  0.626353 -0.786313  0.147663 -0.786313   5.95211  -1.80381  0.147663  -1.80381   1.16298
-25 -15   1 -255.628 -155.867  11.4115  0.144283  0.105163 -0.138642  0.105163  0.216244 -0.195253 -0.138642 -0.195253   1.43757
-28 -15   1 -284.479 -151.983  11.1671   0.247519 -0.0138294  -0.218872 -0.0138294   0.259302   0.230652  -0.218872   0.230652    1.23514
-27 -15   1 -276.602 -155.992   11.895   0.268716  0.0742812 -0.0096901  0.0742812   0.142914  0.0361628 -0.0096901  0.0361628   0.584601
-26 -15   1 -264.941 -154.212  11.3883   0.265235  -0.185975   0.134949  -0.185975   0.267671 -0.0729733   0.134949 -0.0729733   0.828824
-31 -15   0 -312.165 -155.051  7.65948 0.163578 0.063542 0.233083 0.063542 0.160357 0.136308 0.233083 0.136308  1.25389
-28 -16   0 -282.522 -163.275  5.45718   1.16709 0.0901393 -0.400817 0.0901393  0.542785  0.369495 -0.400817  0.369495  0.933686
-29 -15   1 -298.551  -151.72  10.6975  4.72719 -1.71155 -6.90285 -1.71155  3.69257  2.67857 -6.90285  2.67857  15.4794
-26 -16   0 -265.203  -162.72   5.8259   0.167435 -0.0305771 -0.0405532 -0.0305771   0.116714  0.0392892 -0.0405532  0.0392892   0.194042
-30 -15   0 -304.321  -151.59  4.28488   0.768931 -0.0402673   0.113314 -0.0402673   0.429751  0.0348886   0.113314  0.0348886  0.0933458
-29 -15   0 -297.459 -152.588  6.49461   0.476189 -0.0241512   0.173712 -0.0241512   0.372131 -0.0917966   0.173712 -0.0917966   0.226144
-27 -16   0 -273.872 -161.056  5.39789   0.196007 -0.0505616   0.100073 -0.0505616   0.490757  0.0579725   0.100073  0.0579725   0.243869
-27 -15   0 -275.634 -155.624  5.26377  0.252417 0.0491614 0.0925757 0.0491614 0.0829183 0.0191936 0.0925757 0.0191936  0.157508
-25 -16   0 -253.438 -161.563   3.4226    0.23117  -0.046617 -0.0574649  -0.046617   0.499681 -0.0266636 -0.0574649 -0.0266636  0.0907044
-28 -15   0 -282.921 -151.398  5.91382    0.231601   -0.108945 -0.00847403   -0.108945    0.711338   0.0169577 -0.00847403   0.0169577    0.127004
-26 -15   0  -264.23 -152.965  3.73959     0.179165   -0.0552833 -0.000561973   -0.0552833     0.151237    0.0367701 -0.000561973    0.0367701     0.119165
-25 -15   0 -255.174 -154.759  1.03222  0.164468 0.0650625  0.010452 0.0650625  0.121809 0.0249758  0.010452 0.0249758 0.0564543
