-28  -3   0 -282.635 -36.9703 -1.34251  0.362863  0.112189 -0.436456  0.112189  0.273733 -0.115838 -0.436456 -0.115838   1.95407
-31  -3   0 -310.254 -31.9355 -4.08846  978.022 -48.3285 -33.9788 -48.3285  17.1595  18.0072 -33.9788  18.0072  21.4967
-25   4   0 -255.098  41.1916 -4.77945   0.169293   0.386259 -0.0669183   0.386259     5.0334  -0.859451 -0.0669183  -0.859451   0.424711
-26   4   0 -266.612  41.6307  1.67524  0.145391 -0.064247 0.0782519 -0.064247   0.26565 -0.151529 0.0782519 -0.151529  0.204639
-29  -3   0 -292.878 -32.7819 -5.22173  46.1805   -9.791 0.356022   -9.791  4.00395  4.98943 0.356022  4.98943  13.7146
-32  -3   0   -324.086   -31.8505 -0.0906085   0.53377  0.115559 -0.168582  0.115559  0.284233 0.0450775 -0.168582 0.0450775  0.166282
-26   3   0   -263.4   34.595 -4.00849   0.0826495 -0.00953447   0.0282688 -0.00953447    0.113011  -0.0646341   0.0282688  -0.0646341    0.234704
-27  -3   0 -271.684 -34.3649  -3.2044  0.483646 -0.108732 0.0918292 -0.108732  0.200727  0.047042 0.0918292  0.047042   0.25132
-26  -4   0 -263.751 -42.1532 -2.83069  0.169468 0.0804404  -0.10877 0.0804404  0.268642 -0.123989  -0.10877 -0.123989  0.197593
-26  -2   0 -266.212 -24.4486 -5.14469  0.121799 0.0439009  0.046667 0.0439009  0.141943 0.0273735  0.046667 0.0273735  0.168735
-30  -3   0 -308.235 -33.5037 -4.47627     8.90457   -0.714461     2.31354   -0.714461    0.207334 -0.00135528     2.31354 -0.00135528     1.37935
-27  -2   0 -275.058 -25.6556 -4.11498  0.123198 0.0516635 0.0126135 0.0516635  0.372706 0.0870475 0.0126135 0.0870475   0.20465
-33  -3   0 -331.453 -33.8135 -4.18712    1.52502   -1.16509 -0.0560673   -1.16509    1.16233  0.0184416 -0.0560673  0.0184416   0.436459
-32  -4   0 -323.075 -43.0252  1.54921   0.299052 -0.0904711 -0.0725649 -0.0904711   0.318634 -0.0289586 -0.0725649 -0.0289586  0.0772855
-25  -4   0 -255.034 -42.6437 -3.91453   0.200261 -0.0384027  0.0946679 -0.0384027   0.161433 -0.0947843  0.0946679 -0.0947843   0.161774
-29  -2   0  -295.18 -23.3181 -4.13144   0.136124   0.139325 -0.0117277   0.139325   0.857449 -0.0339708 -0.0117277 -0.0339708   0.193426
-30  -1   0 -305.104 -15.8906 -4.32414    0.119305  0.00986505 0.000347135  0.00986505    0.250296   0.0608535 0.000347135   0.0608535     0.20118
-25  -2   0 -255.787 -25.4906 -5.56099   0.138487 -0.0201321  0.0154242 -0.0201321   0.155694  0.0553278  0.0154242  0.0553278   0.135653
-25   0   0 -256.002 0.963576  -5.7465   0.261109 -0.0236129   0.162708 -0.0236129   0.055389 -0.0281449   0.162708 -0.0281449   0.502635
-34  -4   0  -344.34  -42.837 -6.31369  6.68612 -2.39802 -4.20461 -2.39802  1.42834  1.27763 -4.20461  1.27763  3.82462
-25  -3   0 -255.703 -34.8574 -1.77996  0.146095 0.0499585 0.0357709 0.0499585  0.156803  0.015172 0.0357709  0.015172  0.108992
-25   1   0 -253.627  14.2276 -7.22587    0.1676 0.0167295  0.181186 0.0167295  0.212824   1.86786  0.181186   1.86786   39.6295
-28   1   0 -282.057  13.7781 -5.23656  0.495737 0.0139919 0.0949692 0.0139919   0.15206 0.0976447 0.0949692 0.0976447  0.188388
-26   1   0 -263.331  12.8312 -5.11672   0.251225 -0.0413305 -0.0553706 -0.0413305    0.23927   0.212342 -0.0553706   0.212342   0.400416
-32  -1   0 -323.532   -14.57 -6.75546  0.267667 0.0281974 0.0403324 0.0281974  0.132783  0.409312 0.0403324  0.409312   7.40175
-25   2   0 -254.744  27.1919 -3.87669    0.132934     0.02902 -0.00793589     0.02902    0.224811  -0.0949488 -0.00793589  -0.0949488    0.133174
-28   0   0  -284.741 0.0821622 -0.201947   0.165302 -0.0414703 -0.0466136 -0.0414703   0.097416  0.0324526 -0.0466136  0.0324526  0.0706151
-26   2   0 -264.039  27.1072 -7.15883  0.126532 0.0163983 -0.122535 0.0163983  0.275684 -0.679774 -0.122535 -0.679774    4.2541
-27   0   0 -273.611  1.30699 0.358352     0.179245   -0.0210342 -0.000927019   -0.0210342    0.0710894     0.039468 -0.000927019     0.039468    0.0836313
-28  -1   0 -284.936 -16.2245 -4.33028   0.132435  0.0351446 0.00792384  0.0351446   0.494257  0.0648584 0.00792384  0.0648584   0.290777
-33  -2   0 -333.761 -24.7572  -3.8346   0.266784   0.137015 0.00503335   0.137015   0.356074   0.076285 0.00503335   0.076285   0.374596
-27  -1   0 -275.678 -16.8812 -4.08099    0.125826   0.0554738 -0.00150764   0.0554738    0.544367   0.0647183 -0.00150764   0.0647183    0.226533
-29  -1   0 -294.871 -15.5057 -4.34641  0.133503 0.0450197 0.0103762 0.0450197  0.463213  0.097133 0.0103762  0.097133  0.224232
-34  -2   0 -342.885 -22.5589 -6.23563   0.111157 -0.0484805  -0.121567 -0.0484805   0.189969 -0.0766459  -0.121567 -0.0766459    1.93794
-33  -4   0 -336.102  -43.835 -4.69691   0.218589 -0.0712797  -0.102705 -0.0712797  0.0756781  0.0446007  -0.102705  0.0446007   0.316154
-34  -1   0 -342.728 -17.1135 -6.59522   0.0990028   0.0073744 -0.00893051   0.0073744    0.271794    0.466255 -0.00893051    0.466255     2.00091
-27   4   0 -274.144  40.2186 -1.41029   0.164951   0.441667 -0.0467571   0.441667    12.2743   0.371038 -0.0467571   0.371038   0.214031
-34   0   0   -344.5  3.29591 -8.17622   0.118132 0.00528107   0.221554 0.00528107  0.0490793   0.182073   0.221554   0.182073    8.27084
-28  -4   0  -282.38 -40.5724  -2.4715   0.60041   2.81991 -0.116683   2.81991   22.0287 -0.617046 -0.116683 -0.617046   2.77707
-32   0   0  -324.88 0.623725 -5.74775     0.134619 -0.000586665    0.0285817 -0.000586665    0.0341375     0.027579    0.0285817     0.027579     0.316661
-28  -2   0 -284.743  -24.495 -4.27466  0.133492  0.103861 0.0292894  0.103861  0.938199  0.180603 0.0292894  0.180603  0.281281
-28   4   0 -284.542  40.8694 -3.64482   0.147688   0.208425 -0.0136976   0.208425    3.21655   0.425932 -0.0136976   0.425932   0.220418
-29   4   0 -295.103  41.3697 -5.27178   0.109802    0.12991 0.00571545    0.12991    3.34591   0.459028 0.00571545   0.459028   0.303925
-31   4   0 -313.735   43.093 -3.82637   0.135307 -0.0699578  -0.025026 -0.0699578    0.24668  0.0274684  -0.025026  0.0274684    0.13877
-34   1   0 -344.317  14.9811 -8.41195   0.122191 0.00708317  -0.103744 0.00708317   0.141101   0.239915  -0.103744   0.239915    9.87792
-30   0   0 -307.843 -5.42202 -4.58539   0.486167 0.00166224 -0.0159285 0.00166224  0.0875282 -0.0397662 -0.0159285 -0.0397662   0.109762
-29   1   0 -293.945  11.9608 -3.53482  0.704769 -0.410315 -0.174921 -0.410315   1.19633 -0.125539 -0.174921 -0.125539  0.361785
-29   0   0 -295.523 -4.52375 -4.92865    0.423597  -0.0828831  -0.0828542  -0.0828831   0.0618641 -0.00656559  -0.0828542 -0.00656559    0.169643
-26  -1   0 -263.134  -16.478 -3.68209   0.156684  -0.106718 -0.0181499  -0.106718   0.233457 -0.0141133 -0.0181499 -0.0141133   0.157506
-31   3   0 -315.905  32.4873 -7.77589   0.157573 0.00804848  0.0194736 0.00804848   0.459771  -0.343939  0.0194736  -0.343939   0.498343
-31   0   0 -316.468 -1.63856 -4.69459   0.329917 -0.0152789 -0.0331585 -0.0152789  0.0521954  0.0211643 -0.0331585  0.0211643   0.126679
-34   4   0 -345.247  43.6226 -8.90079  0.136009 0.0203859  0.423173 0.0203859   0.12825 -0.190098  0.423173 -0.190098   11.2349
-32  -2   0 -323.885 -24.0136 -3.16153   0.165085 -0.0700828 -0.0514559 -0.0700828   0.252033  0.0614201 -0.0514559  0.0614201   0.162585
-34   3   0 -345.825  33.8421 -8.80453   0.134875 -0.0203726   0.232477 -0.0203726   0.124056  0.0858709   0.232477  0.0858709     31.212
-33   3   0  -334.79  33.8941 -9.03228 0.138814  0.02467 0.146388  0.02467 0.134734 -0.68552 0.146388 -0.68552  63.2537
-34   2   0 -345.445  24.8091 -8.91625   0.155783 -0.0119284    2.08412 -0.0119284   0.144819  -0.395946    2.08412  -0.395946    117.925
-25   3   0 -254.841  36.1517 -2.13935    0.139297   -0.010844 -0.00956291   -0.010844    0.070341  -0.0119426 -0.00956291  -0.0119426    0.148346
-31  -2   0 -314.414 -22.4045 -4.21457   0.115281 -0.0853984  0.0614814 -0.0853984   0.816622 -0.0807087  0.0614814 -0.0807087   0.302701
-25  -1   0 -256.162 -15.3776 -5.72756    0.318454 -0.00478099   0.0776533 -0.00478099    0.250342   0.0670555   0.0776533   0.0670555    0.591014
-30   4   0 -306.388  42.8227 -3.97817  0.202156 0.0584485 0.0723613 0.0584485   0.26825 0.0932562 0.0723613 0.0932562  0.140732
-32   3   0 -324.777  32.8459 -8.87105 0.243105 0.111185 -3.77761 0.111185 0.305063 -3.05848 -3.77761 -3.05848  125.867
-30   3   0 -306.096  35.8043 -4.30717   0.220864  0.0852915 -0.0447715  0.0852915   0.233527  -0.117331 -0.0447715  -0.117331   0.132773
-32   1   0 -326.553  12.4381  -7.2866  0.175369 0.0359992 0.0967697 0.0359992  0.359957  0.376761 0.0967697  0.376761   1.14115
-30  -2   0 -304.906 -22.3812 -4.37328   0.124085  -0.024773 0.00085196  -0.024773   0.591808 -0.0728733 0.00085196 -0.0728733   0.315604
-32   4   0 -325.419  43.5958 -8.89592   0.210639   0.107627   -0.17835   0.107627   0.340186 -0.0100968   -0.17835 -0.0100968   0.868093
-33   2   0 -334.849  24.4604 -9.09779   0.129984 0.00689918   0.311065 0.00689918   0.137924   0.628233   0.311065   0.628233    20.0543
-29   3   0 -294.575  32.8142 -6.77213   0.122611  0.0126974  -0.037782  0.0126974   0.215587 -0.0796134  -0.037782 -0.0796134   0.213616
-33  -1   0 -335.483 -14.4359 -7.25718   0.105371 0.00175172   0.129742 0.00175172    0.12725   0.172477   0.129742   0.172477    1.90066
-31   1   0 -316.329  12.4001  -7.2984    0.195267   0.0146654 -0.00653283   0.0146654    0.206589   0.0912477 -0.00653283   0.0912477    0.314544
-30   1   0 -306.831  15.0357 -8.89302   0.206645 -0.0658749  -0.274057 -0.0658749   0.136129   0.227161  -0.274057   0.227161    1.32365
-27  -4   0 -273.358 -41.7242 -4.72707   0.363169 -0.0716233   0.373141 -0.0716233   0.353464  -0.237107   0.373141  -0.237107   0.844316
-27   3   0 -273.739  34.0109 -2.38776   0.257827 -0.0888416 -0.0475705 -0.0888416   0.136965  0.0103709 -0.0475705  0.0103709   0.122558
-28   3   0 -284.391  32.6192 -5.02647   0.190652 -0.0234004 -0.0449351 -0.0234004   0.429506 -0.0720203 -0.0449351 -0.0720203   0.115741
-31   2   0 -316.295  26.2203 -9.13757   0.150985 -0.0211923   0.154487 -0.0211923   0.157099  0.0721287   0.154487  0.0721287    2.33995
-30   2   0 -304.538  26.8047 -8.94987   0.116749 -0.0248473  -0.085082 -0.0248473   0.172202 -0.0310918  -0.085082 -0.0310918   0.605615
-26  -3   0 -264.408 -33.7534  -3.4632   0.125049 0.00863211 -0.0244323 0.00863211   0.216591  0.0330239 -0.0244323  0.0330239   0.167038
-27   2   0 -273.536  28.0421 -4.85386  0.195584 0.0384173 0.0293996 0.0384173   0.31697 -0.060039 0.0293996 -0.060039   0.11362
-27   1   0 -273.102  12.5664 -4.13162   0.259639 -0.0316889  -0.105026 -0.0316889   0.206245   0.122168  -0.105026   0.122168      0.218
-28   2   0 -285.421  28.2525 -6.41589   0.143855  0.0118861 -0.0405708  0.0118861   0.392069 -0.0420343 -0.0405708 -0.0420343   0.112986
-26   0   0 -261.101  -3.7372 -2.43686   0.349368  0.0709822  0.0483642  0.0709822  0.0558603 0.00919616  0.0483642 0.00919616  0.0858282
-29   2   0   -295.5   27.687 -7.82095    0.10897 -0.0352985 -0.0496443 -0.0352985   0.300339   0.107013 -0.0496443   0.107013   0.291647
-34  -3   0 -344.836 -32.2266 -6.74456   0.135018 -0.0102398  0.0791055 -0.0102398   0.279863   0.030156  0.0791055   0.030156     4.4806
-33   4   0 -337.104  43.1875 -9.00772   0.269964 -0.0549503  -0.805081 -0.0549503   0.201447   0.242315  -0.805081   0.242315    7.24097
-32   2   0 -325.559  25.3871 -9.24021   0.127799 -0.0264168   0.618011 -0.0264168    0.16613   -1.33359   0.618011   -1.33359    60.3927
-31  -1   0 -315.511 -15.3141 -4.61429   0.266992  0.0598356 -0.0238179  0.0598356   0.124742 -0.0181067 -0.0238179 -0.0181067   0.212448
-33   1   0  -335.38  15.2941 -8.60432   0.127404 -0.0101263   0.259138 -0.0101263      0.157    0.20054   0.259138    0.20054    7.56988
-33   0   0 -334.199  3.46328 -6.56758   0.166696 0.00146157 -0.0807794 0.00146157  0.0705156 -0.0151779 -0.0807794 -0.0151779   0.289423
-28   2  -1 -282.187   29.019 -10.1229  0.496861 -0.451808   1.70773 -0.451808   5.33801  -27.5286   1.70773  -27.5286   310.495
-30  -4   0 -308.605 -43.9469 -4.24627   4.91719  -1.15882 -0.904549  -1.15882  0.535468  0.588876 -0.904549  0.588876   2.00363
-27   2  -1  -276.94  29.0083 -10.2887 0.289832 0.304877 0.332178 0.304877  5.87719 -14.0721 0.332178 -14.0721  80.0891
