-33   7   0 -337.572  74.6825 -8.39509    5.44602 -0.0333728    15.9371 -0.0333728  0.0725963  -0.100196    15.9371  -0.100196    68.5947
-30   5   0 -306.249  54.5758 -7.54672      2.6307    0.240783    0.605049    0.240783    0.152813 -0.00935376    0.605049 -0.00935376    0.762492
-31   5   0 -313.268  53.5832 -6.48151    12.3559    2.00901      1.081    2.00901    13.7334 -0.0306975      1.081 -0.0306975   0.352396
-31   6   0 -315.809  65.6143 -8.48753  2046.75  1438.01  -18.338  1438.01   1118.4 -14.2356  -18.338 -14.2356  3.60678
-30   6   0 -306.368  64.0222 -6.94033    6.74972  -0.429508   0.137268  -0.429508   0.121996 -0.0244031   0.137268 -0.0244031   0.386987
-34   5   0 -345.347  53.5168 -8.80303   0.169339 -0.0262964  -0.284099 -0.0262964   0.125214   0.128027  -0.284099   0.128027    4.84027
-34   7   0 -345.891  72.7989 -4.67582  6.51321   11.302 -0.96016   11.302  30.9097 -1.92334 -0.96016 -1.92334 0.219311
-34   6   0 -345.873  64.5574 -4.61453  0.326964 0.0707126  0.164781 0.0707126  0.236575 0.0302826  0.164781 0.0302826  0.125343
-33   6   0 -335.407  66.0854 -9.20911    0.29618 -0.0290812    1.45699 -0.0290812  0.0860163   -0.27281    1.45699   -0.27281    15.2931
-32   5   0 -323.082  55.3517 -7.55721     0.17681   0.0243548  -0.0924486   0.0243548    0.110138 -0.00560317  -0.0924486 -0.00560317    0.203287
-33   5   0 -334.575  57.2835 -9.31751  0.193359  -0.17276   0.38376  -0.17276  0.331978 -0.460831   0.38376 -0.460831   5.42515
-32   6   0 -325.347  62.5968 -9.51273    1.10428 -0.0760078    1.99897 -0.0760078   0.613834  -0.232512    1.99897  -0.232512    7.76951
