-42   3   1  -422.7 37.3158 11.0759  1.17008  2.38574 -2.65352  2.38574  5.25887 -5.26732 -2.65352 -5.26732  7.26448
-43   4   1 -435.674  42.6206  10.9739 0.191793 0.100729 0.307034 0.100729 0.231231  0.33068 0.307034  0.33068  2.14062
-41   4   1 -415.382  44.5814   10.631 0.176712  2.17939   1.0186  2.17939  36.2739  15.3353   1.0186  15.3353  11.4064
-44   4   1 -443.839  43.2149  11.1913  0.307183  0.468992 0.0724209  0.468992  0.918023  0.217775 0.0724209  0.217775  0.923266
-40   4   1 -407.713  45.7478  10.6553  0.796936  0.239759 -0.599484  0.239759  0.361668 -0.500515 -0.599484 -0.500515   4.28808
-43   3   1 -434.804  36.4169  11.2746  0.361692 -0.801281   1.36691 -0.801281   6.57692  -15.1638   1.36691  -15.1638   36.6663
-42  -3   0 -426.255 -31.9955  4.10605 0.705074 0.591975 0.280429 0.591975  1.08086 0.136288 0.280429 0.136288  0.86612
-43  -4   0 -436.727 -43.5234  1.94025  3.65387 -5.68125 -29.3073 -5.68125  12.5704  46.8445 -29.3073  46.8445  318.742
-43  -3   0  -435.476  -32.1884 -0.715092  28.0443 -18.7906   27.819 -18.7906  15.9264 -26.6946   27.819 -26.6946  49.2311
-41  -3   0  -413.612  -32.4681 -0.407217   0.143393  -0.204421 -0.0431446  -0.204421    1.40632   0.204724 -0.0431446   0.204724   0.327796
-44  -2   0 -445.768 -22.0824 -1.45331  0.521042  -1.88447 -0.649866  -1.88447   9.43575    5.3933 -0.649866    5.3933   5.73441
-40  -2   0 -406.397 -26.0474   1.2053     0.254009     -0.11309 -0.000314074     -0.11309     0.212753    0.0492348 -0.000314074    0.0492348    0.0804174
-42  -1   0 -426.737 -16.7285  -1.2579  0.215271 -0.125926 -0.399423 -0.125926  0.165794  0.390203 -0.399423  0.390203   1.97178
-38  -1   0 -383.945  -12.632 -2.56182  3.84257 -10.0108  13.0767 -10.0108   26.987 -33.3875  13.0767 -33.3875  63.9698
-39  -1   0 -394.871 -14.7487 -2.63655  0.795786  0.143207 -0.176339  0.143207  0.137816 0.0492607 -0.176339 0.0492607   2.96651
-43  -1   0 -433.298 -18.6983  -1.4673   0.263706   0.149129 0.00368755   0.149129   0.527904   0.469207 0.00368755   0.469207    1.06322
-40  -1   0 -403.809 -15.8026 -1.84356   0.471328  -0.111504  -0.079566  -0.111504   0.153803 -0.0295884  -0.079566 -0.0295884   0.695204
-42  -2   0 -421.517 -26.9825  5.02737  0.860144 -0.190674 -0.239755 -0.190674   0.43267  0.131182 -0.239755  0.131182  0.209682
-41  -1   0 -414.296 -14.4885 -1.67736 0.290153 0.122966 0.135986 0.122966 0.230211 0.109567 0.135986 0.109567 0.569845
-43   0   0 -434.672  4.72096 -4.47794 0.185658 0.100875  1.02196 0.100875 0.169816  1.61029  1.02196  1.61029  22.5136
-42   0   0  -423.99  4.72341 -3.40551   0.170149 -0.0361075 -0.0929197 -0.0361075  0.0587353   0.069207 -0.0929197   0.069207    0.63174
-41   0   0 -414.698  6.23127 -1.89212    0.113582 -0.00592344  -0.0413802 -0.00592344   0.0539985   0.0164981  -0.0413802   0.0164981    0.308542
-37  -3   0 -373.022 -31.9753 -3.75097  0.269294 0.0341393 0.0151308 0.0341393  0.342112 0.0315794 0.0151308 0.0315794  0.347088
-40   0   0 -404.388  3.42363 -2.72507  0.121086 0.0387389 0.0305778 0.0387389 0.0740741 0.0587536 0.0305778 0.0587536  0.310061
-44   2   0 -445.044   24.745 -4.93193   0.130243  0.0018105 0.00377157  0.0018105   0.146763 -0.0034132 0.00377157 -0.0034132   0.799816
-42   1   0 -423.971  13.9749 -4.17077   0.124058  0.0106454 -0.0163533  0.0106454   0.293811   0.229814 -0.0163533   0.229814   0.893122
-43   2   0 -434.769  24.8885  -5.6074 0.322971 0.238034  4.90541 0.238034 0.405244  5.67356  4.90541  5.67356  119.208
-44   3   0 -444.097  36.3737 -1.76939    0.14544  0.0191151 -0.0145812  0.0191151   0.145212  -0.013365 -0.0145812  -0.013365  0.0623321
-43   3   0 -435.415  35.9487 -1.14413    0.115575  0.00567718  0.00364988  0.00567718    0.187416 -0.00218842  0.00364988 -0.00218842   0.0604934
-44   4   0 -445.496  43.7461 -1.10332   0.0930609   0.0215227 0.000843752   0.0215227    0.203754   0.0260534 0.000843752   0.0260534   0.0574548
-42   2   0 -425.054   24.369 -5.95292  0.122521 0.0148359 0.0849635 0.0148359  0.153577 0.0901208 0.0849635 0.0901208   3.96003
-41  -2   1  -417.75 -28.0713  10.9297   1.3787   1.3842  -2.2535   1.3842  4.81713 -3.36855  -2.2535 -3.36855  8.04203
-40   1   0  -406.13  14.4954 -5.60108 0.138741 0.016231 0.180967 0.016231 0.140599 0.230102 0.180967 0.230102  1.18198
-39   0   0 -394.427  2.60929 -1.71701    0.132176 -0.00553121  -0.0226894 -0.00553121   0.0696857  0.00864536  -0.0226894  0.00864536    0.114121
-37  -1   0 -372.485 -13.6926 -2.23763   0.488463 -0.0878331 -0.0871844 -0.0878331     0.1551  0.0129406 -0.0871844  0.0129406  0.0647086
-41   2   0 -414.903  23.8743 -6.36829 0.336098 0.229394  5.06399 0.229394 0.415323  5.61784  5.06399  5.61784  120.153
-36  -3   0 -366.841 -32.1192 -1.80298   0.287515  0.0530941 0.00965689  0.0530941   0.272009 -0.0577864 0.00965689 -0.0577864   0.109851
-43  -2   0  -434.714  -22.2344 -0.870779   0.153535  0.0256122 -0.0896706  0.0256122   0.359725   0.217927 -0.0896706   0.217927   0.631248
-42   3   0  -425.32  35.9072 -2.18607    0.102357  0.00349182 -0.00443686  0.00349182    0.171254   0.0117392 -0.00443686   0.0117392   0.0664581
-36  -2   0  -365.116  -24.6338 -0.711353    0.112077  -0.0537081 -0.00851698  -0.0537081    0.133542   0.0183329 -0.00851698   0.0183329   0.0746306
-42   4   0 -426.094  44.5085 -2.31953    0.130239  -0.0456091    0.009176  -0.0456091    0.120712 -0.00630875    0.009176 -0.00630875   0.0622791
-40   2   0 -404.976  24.1533 -6.51192    0.131352 -0.00425613   0.0559748 -0.00425613    0.145866  -0.0161141   0.0559748  -0.0161141    0.847502
-39   1   0 -394.829  14.4085 -6.38892   0.13206 0.0120566 0.0994874 0.0120566  0.163335  0.478376 0.0994874  0.478376   4.74872
-36  -4   0 -364.954   -44.47 -2.82945    0.360675  -0.0738983     0.20363  -0.0738983    0.166017 -0.00703976     0.20363 -0.00703976    0.170904
-37   0   0 -373.965  1.33228 -3.05419   0.138607 -0.0295976 -0.0425925 -0.0295976  0.0913262  0.0534471 -0.0425925  0.0534471   0.129425
-41   3   0 -417.249  36.1431 -2.18463     0.17216 -0.00187608   0.0511723 -0.00187608    0.152438 -0.00270819   0.0511723 -0.00270819   0.0694946
-38   0   0  -385.49  2.46418 -1.19657    0.147143  0.00804887   0.0229134  0.00804887   0.0746039 -0.00144721   0.0229134 -0.00144721    0.105493
-39   2   0 -395.116  23.9962 -7.12488  0.195281 0.0595858   1.81617 0.0595858  0.193555   1.59435   1.81617   1.59435   48.5803
-38   1   0  -385.01  14.3594 -6.80351 0.262718 0.352399  3.02866 0.352399  1.04343  8.09356  3.02866  8.09356  71.1069
-37  -2   0 -373.218 -25.1777 -2.65925    0.391659 -0.00975539   -0.104533 -0.00975539     0.14796  0.00557959   -0.104533  0.00557959    0.119932
-37   4   0 -374.226  44.8609 -2.68358   0.140806  0.0723973  -0.014279  0.0723973   0.170017 -0.0245324  -0.014279 -0.0245324  0.0857262
-40  -3   0  -407.292  -33.9715 -0.522182  0.309922   0.17662 0.0562573   0.17662   0.35178 -0.084515 0.0562573 -0.084515  0.599358
-38   3   0 -383.924   35.224 -3.39675    0.142759   0.0110383 -0.00341475   0.0110383    0.160577   -0.036048 -0.00341475   -0.036048   0.0736995
-40   3   0 -405.343  36.4354 -5.34917   0.0959846 0.000155519   0.0204639 0.000155519    0.156404  -0.0882396   0.0204639  -0.0882396    0.244383
-43   1   0 -436.122  14.7175 -4.51903  0.167168 0.0162343  0.217568 0.0162343  0.209062  0.202151  0.217568  0.202151   1.86505
-39   3   0 -394.742  36.2078 -4.04716   0.120336 -0.0137594 0.00844661 -0.0137594   0.174432 -0.0421003 0.00844661 -0.0421003  0.0884788
-43   4   0 -434.812  42.9222 -1.17188    0.199482   0.0434579 -0.00693206   0.0434579    0.165513   0.0227409 -0.00693206   0.0227409   0.0641854
-40   4   0 -406.728  44.0854 -2.15404   0.136458  0.0527307  0.0134259  0.0527307   0.155866 -0.0219422  0.0134259 -0.0219422   0.051522
-39   4   0 -395.763  44.9961 -2.31114    0.119483 -0.00139038  0.00539497 -0.00139038    0.120961  -0.0113878  0.00539497  -0.0113878   0.0422448
-44   0   0 -444.713  8.78243 -3.19924   0.126647  0.0318488   0.133612  0.0318488   0.150304 -0.0243346   0.133612 -0.0243346    1.62715
-38   2   0 -385.202  24.3902 -7.54091  0.253412 0.0626691   3.99788 0.0626691  0.175096   1.94262   3.99788   1.94262   121.556
-41  -2   0 -414.739 -26.4852  1.31798   0.16425 0.0255841 0.0673507 0.0255841  0.221573 0.0160151 0.0673507 0.0160151  0.100796
-37   1   0 -375.893  14.3528 -7.09561   0.129834 0.00979058   0.142094 0.00979058   0.122233   0.247231   0.142094   0.247231    3.12786
-36   0   0 -365.054  2.80353 -2.72234  0.133159 0.0122212 0.0128703 0.0122212 0.0983217 0.0261102 0.0128703 0.0261102  0.102218
-44  -1   0 -443.941 -11.6688 -3.02554 0.396231 0.393306  5.52934 0.393306 0.885598  7.20925  5.52934  7.20925  106.197
-36  -1   0  -363.922   -13.747 -0.956425    0.28997 -0.0019045   0.043912 -0.0019045   0.231149 -0.0151204   0.043912 -0.0151204  0.0777861
-35   0   0 -356.832  1.02833 -4.41791   0.224397 -0.0183022  0.0917759 -0.0183022  0.0728236  0.0280941  0.0917759  0.0280941   0.163223
-35  -2   0  -357.442  -23.5135 -0.548619   0.321378  0.0801278 0.00544891  0.0801278   0.306768 -0.0407011 0.00544891 -0.0407011  0.0788956
-37  -4   0 -370.746  -45.374 -1.35449   8.75007   1.55398  -1.11204   1.55398  0.867627 -0.321239  -1.11204 -0.321239  0.206216
-37   2   0 -374.771  24.2984 -7.88821  0.260016 0.0109513   4.09019 0.0109513  0.143137  0.274165   4.09019  0.274165    118.71
-42   4   1 -422.623  47.2069  10.7269  40.8161   36.695 -7.39909   36.695  33.2201 -7.46448 -7.39909 -7.46448  8.27403
-36   4   0 -366.286  45.0869 -3.87286    0.134614 -0.00906724   0.0218761 -0.00906724    0.114916 -0.00923784   0.0218761 -0.00923784   0.0691954
-44   1   0 -443.796  13.6362 -2.93912     0.1853  0.0426312 -0.0218744  0.0426312   0.389425   0.359628 -0.0218744   0.359628   0.781917
-37   3   0 -375.541  35.3016 -3.39001     0.13138  -0.0296503  0.00307053  -0.0296503    0.178041 -0.00328696  0.00307053 -0.00328696   0.0840276
-36   1   0 -364.467  15.0619 -7.47553   0.165441 -0.0317754  0.0987453 -0.0317754   0.121318  0.0308501  0.0987453  0.0308501    2.71682
-35  -1   0 -355.283 -15.5619 -4.40327  0.145539 0.0354787 0.0474954 0.0354787  0.152108 0.0721332 0.0474954 0.0721332 0.0955144
-38   4   0 -385.781  44.2947 -2.09639    0.105732 -0.00440406   0.0138653 -0.00440406   0.0664437  -0.0108664   0.0138653  -0.0108664   0.0588445
-36   3   0 -365.049  33.9026 -6.54932   0.148167  0.0653393  0.0313645  0.0653393     0.1589 -0.0325912  0.0313645 -0.0325912   0.207104
-36   2   0 -365.114  24.3678 -8.17832    0.115939 -0.00249331   0.0510089 -0.00249331    0.141736   -0.032358   0.0510089   -0.032358      6.0484
-35  -4   0 -356.442 -44.7776 -6.62888   0.66564 -0.106348 -0.678582 -0.106348  0.134679  0.107983 -0.678582  0.107983   2.32079
-35  -3   0 -355.538 -34.1441 -6.12863  0.202043 -0.027498 0.0286468 -0.027498  0.257733 -0.102237 0.0286468 -0.102237  0.239332
-44   3   1 -442.09 36.0318 10.6124  27.3738 -36.9158 -96.3205 -36.9158  224.781  419.787 -96.3205  419.787  824.882
-41   4   0 -415.858  45.1098 -2.44714     0.119662    0.0339564     0.028827    0.0339564     0.200338 -0.000734157     0.028827 -0.000734157    0.0644943
-35   3   0 -356.029  34.7621 -7.99762    0.176782 -0.00407308    0.164618 -0.00407308    0.141912   -0.132359    0.164618   -0.132359     0.87617
-41   1   0 -415.531  12.9081 -3.83907   0.106603  0.0138349 0.00271375  0.0138349     0.2281   0.200024 0.00271375   0.200024   0.424686
-35   2   0  -355.29  24.7042 -8.65934  0.148684 0.0231051  0.807913 0.0231051  0.134632  0.695178  0.807913  0.695178   24.9146
-35   4   0   -354.6   44.888 -8.07933   0.156212  0.0213106  0.0663917  0.0213106   0.129383 -0.0886272  0.0663917 -0.0886272    0.49021
-35   1   0  -354.49  14.9639 -8.22369 0.328246 0.238447  3.48346 0.238447 0.372291  4.17212  3.48346  4.17212  64.7289
