-44   6   1 -448.773  67.7897  12.7264 383.815 202.787 68.2868 202.787 152.742 57.3903 68.2868 57.3903 22.8955
-42   5   1 -426.706  52.3357  10.7465  76.3083   47.726  4.77754   47.726  32.0439 -5.86273  4.77754 -5.86273  38.7366
-44   5   1 -442.744  55.3348  11.3918  0.755101 -0.239311  -0.11978 -0.239311   1.09312   1.32693  -0.11978   1.32693   2.49573
-41   5   1 -417.348   56.425  11.1242  0.518044 -0.604966 -0.769375 -0.604966   1.17911  0.789493 -0.769375  0.789493   2.53371
-43   5   1 -436.903  50.5104  11.0963   1.766 14.4436 4.46826 14.4436 393.908  107.84 4.46826  107.84 31.1392
-43   8   0  -436.76  82.0751 0.723931  25.1996  92.0348 -5.61941  92.0348  344.939 -21.5103 -5.61941 -21.5103  1.77822
-44   8   0 -445.777  83.2581 -1.98209  0.445123 -0.344111 -0.334128 -0.344111  0.681631 -0.282755 -0.334128 -0.282755   1.39725
-39   8   0 -397.326  84.1622 -3.16043 0.564931 0.678297 -3.09203 0.678297  3.22465 -12.0592 -3.09203 -12.0592  48.6201
-41   8   0 -415.015  85.1904 -3.52831 0.155123 0.288655 -1.41299 0.288655  4.82111 -24.1752 -1.41299 -24.1752  132.063
-43   7   0 -435.699  73.4515 -2.56987   0.15009 -0.106305  0.183883 -0.106305  0.392709 -0.507888  0.183883 -0.507888  0.957372
-44   7   0 -444.629  73.6255 -3.57711   2.0546   2.2498 -15.6958   2.2498  2.76963 -18.3839 -15.6958 -18.3839  129.564
-43   6   0 -434.516  63.4705 -2.56172    0.120869   0.0401636  -0.0428613   0.0401636    0.144485 -0.00027607  -0.0428613 -0.00027607     0.11365
-40   7   0 -405.267  75.9227 -4.50417     0.14825 -0.00154703    0.159736 -0.00154703     2.75378    -16.2704    0.159736    -16.2704     101.412
-42   7   0 -424.481  72.2625 -1.02697    0.177062   0.0458588 -0.00297004   0.0458588    0.456106  0.00777581 -0.00297004  0.00777581   0.0598384
-44   6   0 -445.908  65.7235 -2.21793  0.0997295 -0.0246793  0.0253166 -0.0246793   0.158634 -0.0745917  0.0253166 -0.0745917    0.11217
-42   8   0 -422.397   83.746 -1.23027   0.726305 -0.0912405   -0.15297 -0.0912405    0.15184  0.0576828   -0.15297  0.0576828   0.103736
-39   7   0  -395.52   72.426 -3.34963   0.256427   0.144783  -0.114957   0.144783   0.271583 0.00495008  -0.114957 0.00495008   0.196596
-43   5   0 -436.057  52.9936 -1.90551    0.163405 -0.00926872   0.0183545 -0.00926872    0.153754   0.0339469   0.0183545   0.0339469   0.0592158
-42   6   0 -425.854  64.1631 -4.37568   0.160121 -0.0245944  0.0666295 -0.0245944    0.13834  0.0151426  0.0666295  0.0151426   0.139003
-44   5   0 -444.582   55.521 -2.90476   0.173894 -0.0268712 -0.0203039 -0.0268712   0.138644 -0.0304897 -0.0203039 -0.0304897  0.0766528
-41   6   0 -414.442  65.9711 -4.48345   0.135874 -0.0430046 -0.0763324 -0.0430046    0.18704 -0.0404108 -0.0763324 -0.0404108    0.22816
-40   6   0 -403.901  64.2066 -3.72161   0.256421   0.065611 -0.0642983   0.065611   0.113916 -0.0295561 -0.0642983 -0.0295561   0.121356
-38   7   0 -385.942   74.667 -5.57654  0.254608 0.0170739 -0.106677 0.0170739  0.221017 -0.322702 -0.106677 -0.322702   1.78441
-41   7   0  -416.07  74.7966 -4.92096  0.194014  0.021051  0.228692  0.021051  0.132787 -0.353174  0.228692 -0.353174   5.67287
-42   5   0  -426.46  53.1872 -2.12286   0.119604  0.0100249  0.0324768  0.0100249    0.16966 0.00517368  0.0324768 0.00517368  0.0659052
-41   5   0  -415.61  55.6533 -3.34639   0.146849 -0.0538285  0.0468594 -0.0538285   0.159804 -0.0663821  0.0468594 -0.0663821   0.092984
-39   6   0 -394.272  63.1863 -4.23497    0.223091  -0.0138839 -0.00659631  -0.0138839   0.0921344   0.0276505 -0.00659631   0.0276505    0.126285
-38   6   0  -383.71  62.9708 -3.97002   0.158803   0.137952 -0.0168905   0.137952   0.323961 0.00268748 -0.0168905 0.00268748   0.144022
-40   5   0 -405.696  54.2303 -6.03021   0.141391 -0.0351996  0.0828855 -0.0351996    0.16885  -0.026057  0.0828855  -0.026057   0.287492
-37   7   0 -372.264  71.7482 -3.30407   1.09342 0.0658747 -0.161607 0.0658747  0.204601 0.0206217 -0.161607 0.0206217   0.17984
-39   5   0 -394.913  55.6424 -4.42076   0.144866    0.11477 -0.0306212    0.11477   0.211979 -0.0483974 -0.0306212 -0.0483974  0.0939779
-36   8   0 -363.03 82.3296 -4.0498    1.5994   2.55597 -0.357657   2.55597    4.8377 -0.715546 -0.357657 -0.715546   0.17573
-38   5   0 -386.787  54.7168 -2.20887    0.175166   -0.120137 -0.00219482   -0.120137    0.292024  0.00849175 -0.00219482  0.00849175   0.0633862
-37   5   0 -373.039  53.7477 -1.18491   0.249184   0.112162  -0.026504   0.112162   0.394593 0.00702416  -0.026504 0.00702416  0.0573046
-37   6   0 -376.949  64.9714 -2.11637   0.477493  -0.170539  0.0895969  -0.170539   0.176148 -0.0162981  0.0895969 -0.0162981  0.0944611
-36   5   0 -366.697  53.4463  -3.9994   0.159802 0.00648644  0.0501555 0.00648644   0.196515  0.0162096  0.0501555  0.0162096  0.0772233
-35   7   0 -351.935  77.1296 -6.65303  16.8273 -18.1708 -3.26731 -18.1708  56.8961  7.60413 -3.26731  7.60413  1.36294
-36   6   0  -366.07  66.5587 -4.95196   0.177399 -0.0225404   0.159942 -0.0225404   0.223184  -0.103459   0.159942  -0.103459   0.280223
-36   7   0 -366.313  72.2541 -2.84013  0.31815 0.192595 0.193107 0.192595 0.213908 0.143159 0.193107 0.143159 0.145571
-35   6   0  -353.29  64.9075 -5.25403    0.582587   -0.184918  -0.0136516   -0.184918    0.467012 -0.00427538  -0.0136516 -0.00427538   0.0703314
-35   5   0  -357.12  54.3668 -4.63867   0.192899  0.0328637  0.0500286  0.0328637   0.223318 -0.0160256  0.0500286 -0.0160256  0.0883207
