-50   0   1 -500.974 -1.88206  12.2865  1381.78 -560.013  -2486.4 -560.013  395.707   1675.8  -2486.4   1675.8  7309.09
-54   3   1 -542.062  35.2019   12.266   1.20947  0.365783 -0.980183  0.365783   2.01947  -2.70339 -0.980183  -2.70339   4.16855
-49   4   1 -494.945  44.9914  11.8803   0.496116  -0.197034   0.268289  -0.197034   0.287329 -0.0883221   0.268289 -0.0883221     0.7873
-46   4   1 -460.94 47.4952  11.883   3.5247 0.730856  1.74073 0.730856 0.690279 0.415981  1.74073 0.415981  1.15145
-54   4   1 -547.913  44.7885  12.3321   1.21628   0.69698 -0.114687   0.69698  0.543033 -0.188842 -0.114687 -0.188842  0.669966
-47   4   1 -478.867  43.9933  11.5402   0.642921   0.143344 -0.0415174   0.143344   0.777056  -0.275894 -0.0415174  -0.275894   0.679211
-48   4   1 -484.878  42.2796  12.1142  0.742781 -0.462879  0.385136 -0.462879  0.577598 -0.461436  0.385136 -0.461436  0.830913
-51   4   1 -515.561  43.9491    12.35  0.377567  0.294311 -0.318071  0.294311  0.338224 -0.279915 -0.318071 -0.279915  0.625733
-50   4   1 -504.701   42.731  11.9577  0.312197 -0.187531 0.0684162 -0.187531  0.314405 -0.152755 0.0684162 -0.152755  0.544485
-47   3   1 -478.169  37.9361  10.9714    4.891 -1.24738 -1.04257 -1.24738 0.998883 0.389743 -1.04257 0.389743  2.57778
-48   3   1 -487.156  37.1266  11.3179  2.83377 0.427268 0.754079 0.427268 0.745025 0.566932 0.754079 0.566932  1.39242
-51   3   1 -513.375  37.8192  11.5396  0.662337 -0.321334 0.0529631 -0.321334  0.709031 -0.307698 0.0529631 -0.307698  0.628057
-45   4   1 -455.762  47.1162  11.4745 0.225497 0.513148 0.124096 0.513148  1.83162  0.40693 0.124096  0.40693  1.00027
-52   3   1 -529.313  37.4618  11.9269    3.21738   0.731478 -0.0993674   0.731478   0.352537  0.0544704 -0.0993674  0.0544704   0.447173
-50   3   1  -504.4 36.7692 11.9643    0.5619  0.102656  0.274737  0.102656  0.191056 0.0070072  0.274737 0.0070072  0.447195
-46   3   1 -463.599   32.845  10.9571  0.264535 -0.106141  -0.22523 -0.106141  0.339304  0.249566  -0.22523  0.249566   1.83533
-53   3   1 -535.364  36.3726  12.3791     0.10889 -0.00268398   0.0124884 -0.00268398    0.187655   0.0584516   0.0124884   0.0584516    0.336633
-49   3   1 -495.702  37.0317  11.1329   0.193441  0.0984454   0.122343  0.0984454   0.314641 -0.0800612   0.122343 -0.0800612    1.23402
-53   2   1 -536.528  28.2352  11.0094  0.747156 -0.499742 -0.284715 -0.499742   1.63507  0.434362 -0.284715  0.434362  0.972652
-49  -2   0 -495.507 -24.4737  9.34613   0.174784 -0.0852281   0.611387 -0.0852281    1.43555    1.66726   0.611387    1.66726    34.4277
-50  -2   0 -501.406 -24.6412  9.30523  4.42251  10.6305 -5.96307  10.6305  314.485  3.68419 -5.96307  3.68419  11.0117
-47  -3   0  -474.97 -31.8505  8.90613  0.313148 0.0373451   1.67494 0.0373451  0.352721  0.730152   1.67494  0.730152   24.9184
-45   4   0 -454.724   45.908 -1.23876    0.137039   0.0181128   0.0036056   0.0181128    0.175043 -0.00718953   0.0036056 -0.00718953   0.0410196
-50  -1   0 -503.629 -18.4418  8.99914 0.595476  4.54138 -2.14683  4.54138  76.5109 -19.6484 -2.14683 -19.6484  11.8962
-45   3   0  -457.136   34.6151 -0.038221   0.200051 0.00723836  0.0525995 0.00723836   0.134211  0.0218025  0.0525995  0.0218025   0.056983
-48   3   0 -485.015  35.9091 0.430976     0.128161    0.0233293 -2.12495e-06    0.0233293     0.155565   -0.0182677 -2.12495e-06   -0.0182677    0.0738656
-49   0   0 -490.371  9.79819 0.625401 27.1589 2.93305 1.63159 2.93305  44.318 10.4833 1.63159 10.4833 31.0578
-46   4   0 -462.759  45.1371  -1.1623    0.152186  -0.0353875  -0.0336769  -0.0353875    0.115343 -0.00678357  -0.0336769 -0.00678357   0.0629865
-52   0   0  -525.781   2.35736 0.0612455  1.10566 0.555186  5.27142 0.555186 0.627597   5.4472  5.27142   5.4472  51.6741
-46   3   0 -465.088  35.1344  1.40089    0.138823  0.00401508 -0.00840834  0.00401508   0.0962787   0.0255634 -0.00840834   0.0255634   0.0842558
-47   4   0 -477.175  43.4569 0.317874    0.16123 0.00995145  0.0379585 0.00995145   0.237496  0.0284846  0.0379585  0.0284846  0.0606647
-45   2   0 -454.984  24.7534 -4.57828  0.125108 0.0129175 0.0830906 0.0129175  0.156822 -0.034451 0.0830906 -0.034451  0.737781
-47   3   0 -475.187  35.9326  0.24098   0.131792  0.0291324 0.00220843  0.0291324   0.152892 0.00425593 0.00220843 0.00425593  0.0711248
-45   1   0  -454.42  13.5745 -1.38958  0.165163 0.0539117 0.0275664 0.0539117  0.319557   0.18993 0.0275664   0.18993  0.411448
-53   0   0 -534.932  4.76969 0.953544  0.266724 0.0859207  0.126286 0.0859207   0.15825  0.241949  0.126286  0.241949   1.13013
-48   4   0  -485.159   42.8737 -0.353255    0.176957 -0.00106529  0.00847675 -0.00106529    0.197297   0.0434115  0.00847675   0.0434115   0.0706853
-47   2   0 -474.885  24.8844 -3.82747  0.37096 0.281533  5.48304 0.281533 0.468198  6.20207  5.48304  6.20207  120.409
-47   1   0 -476.454  13.9847 -1.45161  0.165735 0.0450898  0.188148 0.0450898   0.21117  0.213499  0.188148  0.213499  0.663709
-46   1   0 -466.112  14.1004 -2.22386   0.087277 -0.0281076 -0.0241102 -0.0281076   0.375329   0.515977 -0.0241102   0.515977    1.27245
-49   3   0  -495.1 35.5958 1.35246   0.113878  -0.031567   0.010126  -0.031567   0.154575 -0.0114271   0.010126 -0.0114271  0.0780693
-50   3   0 -504.341  34.3759  2.27773    0.13942 0.00735472  0.0174442 0.00735472   0.134778  0.0138861  0.0174442  0.0138861  0.0908882
-47   0   0 -478.595  8.40385  1.11179 0.361232 0.156835 0.613801 0.156835 0.152649 0.409354 0.613801 0.409354  1.80945
-50   2   0 -504.565  25.3864 -1.65538    0.131364  -0.0162994 -0.00475281  -0.0162994     0.14602  -0.0742734 -0.00475281  -0.0742734    0.230281
-53   1   0 -533.407  16.8274 0.405126    0.16192 -0.0229752  0.0585659 -0.0229752   0.567044   0.416008  0.0585659   0.416008    1.42386
-53   4   1 -536.418  45.5831  11.2047    1.47587  -0.412051 0.00188984  -0.412051   0.174127  0.0317092 0.00188984  0.0317092   0.816649
-46   0   0 -464.093  9.89704 -2.00892   0.153157  0.0348385    0.28022  0.0348385    1.73065 0.00193715    0.28022 0.00193715    2.55621
-48   1   0   -484.933     14.127 -0.0646333    0.122303 -0.00100008 -0.00349266 -0.00100008    0.212088   0.0879471 -0.00349266   0.0879471    0.374614
-51   0   0 -514.162  2.17901  2.96986   18.3508    8.1699  -6.18302    8.1699   4.58053 -0.639151  -6.18302 -0.639151   7.01319
-48   0   0 -484.417  9.52321  1.06954   0.13444  0.318835 -0.119183  0.318835   11.1209  -1.86457 -0.119183  -1.86457   2.96553
-48   2   0 -484.976  24.5038 -3.06673    0.127561 -0.00264844    0.139792 -0.00264844    0.153172  -0.0353913    0.139792  -0.0353913    0.878125
-54   0   0 -545.722  1.97397  1.11045 0.745791 0.233517  6.51028 0.233517 0.169706  2.58625  6.51028  2.58625  68.5001
-49   2   0 -495.454  24.7087 -2.81957 0.329552 0.203472  4.53287 0.203472 0.322895   4.2954  4.53287   4.2954  101.359
-52   3   0 -526.39 33.9176 2.14821  0.229586 0.0343191 0.0604031 0.0343191  0.169147 0.0114358 0.0604031 0.0114358  0.080118
-49   4   0  -495.068   44.5376 0.0158276   0.143826 -0.0339379  0.0159786 -0.0339379   0.136185 -0.0287824  0.0159786 -0.0287824  0.0857017
-49   1   0 -494.308  15.6051 -1.17583  0.135143  0.124778 0.0695409  0.124778  0.548318  0.507757 0.0695409  0.507757   1.29757
-50   4   0 -503.965  43.0892  1.39697   0.189334 0.00987209 0.00749139 0.00987209   0.147841  0.0151796 0.00749139  0.0151796  0.0756765
-54   4   0 -546.248  43.8696  2.31034   0.24629  0.016721 0.0890604  0.016721  0.142007  0.015349 0.0890604  0.015349  0.121292
-51   3   0 -513.772  34.5002  1.71579   0.150559  0.0319636 -0.0284055  0.0319636   0.226966 -0.0492579 -0.0284055 -0.0492579   0.103716
-46   2   0   -464.9   26.158 -2.63188   0.137062 -0.0104995 -0.0192377 -0.0104995   0.193081 -0.0961167 -0.0192377 -0.0961167   0.151731
-51   4   0  -515.61  44.4214 0.821576  0.195888 0.0302041 0.0268099 0.0302041  0.148851 0.0264111 0.0268099 0.0264111 0.0899603
-49  -3   0 -493.977  -33.771  9.83281   0.178168    2.54834  -0.358139    2.54834    125.146 0.00730011  -0.358139 0.00730011    125.197
-52   4   0 -524.516  44.6229 -0.54792   0.129063 -0.0395949  0.0160322 -0.0395949   0.132355 0.00277141  0.0160322 0.00277141   0.129016
-51   2   0 -514.936  24.5326 -1.89043 0.398443 0.208694  5.71469 0.208694 0.300715  4.22912  5.71469  4.22912  115.866
-52   2   0 -525.028  24.4694 -1.26532    0.132803 -0.00647523    0.129448 -0.00647523    0.132094  -0.0537469    0.129448  -0.0537469     1.37418
-48  -1   0 -485.376 -18.7691  8.27402  0.144982   1.25228 0.0936251   1.25228   65.2789  -5.30042 0.0936251  -5.30042   2.82792
-51   1   0   -515.11   16.6435 -0.348744  0.125361 0.0702171  0.112595 0.0702171   1.41912   0.92484  0.112595   0.92484    1.7743
-45  -2   0 -452.908 -23.3872 0.490016   0.391254 -0.0317193   0.301406 -0.0317193    0.58701   0.126373   0.301406   0.126373   0.754159
-52   1   0  -524.748   16.6429 0.0908702  0.129505 0.0249268 0.0747916 0.0249268   1.23327  0.974811 0.0747916  0.974811   2.00317
-53   4   0  -534.5 43.4861 3.74142    0.132253  0.00712266  0.00294683  0.00712266   0.0844101 -0.00474806  0.00294683 -0.00474806    0.129274
-54   1   0 -544.427  16.5118 0.966763   0.128103 -0.0239091  0.0157971 -0.0239091   0.473027   0.301702  0.0157971   0.301702    1.19626
-52   4   1 -525.616  48.6647  12.9907  13.2889  -3.7929 -3.56357  -3.7929  1.25929 0.866132 -3.56357 0.866132  1.65795
-50   1   0 -504.835  15.8331  0.75837  0.140267 0.0310818 0.0186279 0.0310818  0.750804  0.306372 0.0186279  0.306372  0.310006
-53   3   0 -534.601  35.2432  3.47958     0.12931   0.0164936 -0.00263427   0.0164936    0.117827  -0.0229889 -0.00263427  -0.0229889    0.067044
-48  -3   0 -486.139 -33.9514  9.53884 0.458726  2.54333  3.28184  2.54333  224.779 -29.2034  3.28184 -29.2034  69.3417
-54   2   0   -544.13   25.6432 -0.482059  0.43334 0.204292  6.05156 0.204292 0.276627  4.20409  6.05156  4.20409  135.666
-54   3   0 -543.541  35.1264  2.69403   0.179344  0.0525389 -0.0356852  0.0525389   0.143823  -0.014847 -0.0356852  -0.014847  0.0662757
-47  -1   0 -475.112 -18.9485  7.95989 0.172167 0.656932  0.31705 0.656932  40.0809 -4.20712  0.31705 -4.20712  5.51943
-45   0   0 -453.842  9.70872 -1.84657   0.168531  0.0304521 -0.0978813  0.0304521   0.956231  0.0432828 -0.0978813  0.0432828    0.60724
-49  -1   0 -495.385 -18.6049  8.69898  0.127356  0.906656 -0.160194  0.906656   64.7812  -5.07173 -0.160194  -5.07173   3.94045
-48  -2   0 -484.995 -25.1643  8.89411  0.129565   0.15649 0.0777979   0.15649   1.04998  0.120956 0.0777979  0.120956    4.7654
-47  -2   0 -475.383 -25.8033  8.56733   0.213904 0.00404805   0.466899 0.00404805   0.382909   0.340223   0.466899   0.340223    4.60407
-53   2   0 -533.815   25.173 0.541277   0.157269  0.0160193 0.00603539  0.0160193   0.156997 -0.0692312 0.00603539 -0.0692312   0.143317
