-47   5   1 -479.636  58.4477  13.1874  3.97067  8.85454 -1.15073  8.85454  52.6055 -1.13579 -1.15073 -1.13579  1.62125
-52   5   1 -525.414   50.268  12.1384  0.849723  0.178867 -0.488038  0.178867   20.6703   1.88563 -0.488038   1.88563   1.14323
-48   5   1 -480.73 58.2818 12.2067  7.42711 -4.51534  3.10649 -4.51534  12.1622 -1.10831  3.10649 -1.10831  1.93876
-45   5   1 -455.11 54.3177 11.6147   0.213946    0.11013  -0.113493    0.11013   0.213731 -0.0139172  -0.113493 -0.0139172   0.851082
-50   5   1 -507.989  51.3421  12.8204   0.970929   -1.19183 -0.0647543   -1.19183    2.45632   0.101996 -0.0647543   0.101996   0.309875
-53   5   1 -536.054  50.5967   10.463  5.53525  13.2189 0.506504  13.2189   46.836  4.91079 0.506504  4.91079    4.739
-53   6   1 -532.332  68.0443  11.1352 0.803577 -8.94286 -0.47426 -8.94286  116.935  6.69539 -0.47426  6.69539  2.04421
-53   7   0 -532.189  73.0649  3.76518  0.355374   0.26283 -0.342298   0.26283  0.563257 -0.352167 -0.342298 -0.352167  0.528562
-54   5   1 -548.919  53.2402  12.7786  62.0031  27.8259 -7.32834  27.8259  13.1323 -4.19523 -7.32834 -4.19523  2.45295
-53   6   0 -534.065  65.9364  3.66984   0.153837 -0.0443781  0.0458706 -0.0443781   0.261751  -0.169001  0.0458706  -0.169001   0.199755
-51   7   0 -514.806  72.4833  2.64194   0.226123  -0.140872  0.0683882  -0.140872   0.333807 -0.0363069  0.0683882 -0.0363069   0.170432
-54   5   0 -544.932  53.0164  2.18776   0.390643 -0.0935363   0.217429 -0.0935363   0.174566  0.0128775   0.217429  0.0128775   0.240872
-52   6   0 -525.614  61.7775  1.37267  0.212303 0.0254716 0.0222045 0.0254716  0.497853 0.0565845 0.0222045 0.0565845  0.186352
-50   7   0 -501.993  75.0792  2.25263    0.26289  0.0285017 -0.0789432  0.0285017   0.233201  -0.140859 -0.0789432  -0.140859   0.200284
-53   5   0 -534.511  52.9287  2.51215     0.145852 -0.000496232   -0.0072245 -0.000496232     0.234147     0.109661   -0.0072245     0.109661     0.132701
-51   6   0  -515.362   62.7276 -0.309008   0.134897  0.0166103  -0.021369  0.0166103   0.243221 -0.0377189  -0.021369 -0.0377189   0.291137
-48   8   0  -486.88  82.2298 -1.48647  72.5866  5.07751  64.7494  5.07751  8.20138 -35.9048  64.7494 -35.9048  277.738
-50   6   0  -504.099   63.3689 -0.839565   0.143886 -0.0243679  0.0525657 -0.0243679   0.168727 0.00313055  0.0525657 0.00313055    0.62883
-49   7   0  -495.059    73.697 -0.257315  0.0876496 -0.0313946  0.0587472 -0.0313946   0.103268 -0.0254651  0.0587472 -0.0254651   0.263882
-52   5   0 -524.858  53.4936  1.09172   0.204202 -0.0315408  0.0145551 -0.0315408   0.163536  0.0618437  0.0145551  0.0618437   0.115547
-51   5   0 -515.013  55.1685 -1.18332    0.126821  -0.0144066 -0.00346577  -0.0144066    0.135038   -0.047481 -0.00346577   -0.047481    0.261263
-50   5   0 -506.492  53.7403 0.797065   0.168142 -0.0592696  0.0259581 -0.0592696   0.183513 0.00917114  0.0259581 0.00917114  0.0843049
-49   6   0 -494.326  64.5373 0.679726    0.150864 -0.00643146 -0.00149892 -0.00643146    0.172951  -0.0773317 -0.00149892  -0.0773317    0.109155
-48   7   0 -482.191  73.6475 0.768775   0.209602 -0.0332819 -0.0640822 -0.0332819   0.268535 0.00857507 -0.0640822 0.00857507   0.095649
-47   8   0 -474.135  82.0201  2.44644    6.84741   -3.51448 -0.0644861   -3.51448    4.55058  -0.132473 -0.0644861  -0.132473  0.0778405
-49   5   0 -494.346  54.4035 -1.18367   0.135351  -0.031058  0.0343434  -0.031058   0.142973 -0.0514528  0.0343434 -0.0514528   0.176327
-45   8   0  -458.093   85.2232 -0.652215   1.31594  -7.52031  0.131544  -7.52031    46.036 -0.688365  0.131544 -0.688365 0.0668404
-48   6   0 -485.087  63.3241 -2.55931   0.125633 -0.0315652  0.0806729 -0.0315652   0.143936  0.0526965  0.0806729  0.0526965   0.534601
-47   7   0  -474.382    74.711 -0.162143   0.224895  0.0772044 -0.0772809  0.0772044   0.371679  -0.114314 -0.0772809  -0.114314   0.111386
-46   7   0  -463.164   73.0996 -0.393294   0.128998 -0.0748669 -0.0540846 -0.0748669   0.616032 0.00334182 -0.0540846 0.00334182  0.0851955
-45   7   0 -453.565  74.2279 -1.42965   0.158499  0.0657805 -0.0230761  0.0657805   0.356196 -0.0555025 -0.0230761 -0.0555025  0.0890082
-47   6   0 -474.462  64.1248 -3.06857    0.102302  -0.0116851  -0.0181858  -0.0116851    0.133578 -0.00687691  -0.0181858 -0.00687691    0.184532
-46   6   0  -464.01  62.8584 -3.69491   0.134463  0.0158011 -0.0569079  0.0158011   0.164018 -0.0045024 -0.0569079 -0.0045024   0.189187
-48   5   0 -483.534  55.2548 -1.37704   0.144866 -0.0547691 -0.0200182 -0.0547691   0.149672 -0.0453866 -0.0200182 -0.0453866   0.110722
-45   6   0 -455.839  64.2952 -2.90832   0.126304  0.0108385  0.0438944  0.0108385    0.24478 -0.0763961  0.0438944 -0.0763961   0.140964
-47   5   0 -474.719  54.2273 -3.34204  0.127441  0.015712 0.0105427  0.015712  0.160098 -0.013534 0.0105427 -0.013534  0.113499
-46   5   0 -464.757  54.4113 -4.71934    0.12056   -0.01257 -0.0358098   -0.01257   0.136939 -0.0248565 -0.0358098 -0.0248565   0.265326
-45   5   0 -455.257  55.0063 -1.97325   0.180875  0.0469524  0.0154352  0.0469524   0.179287 -0.0248531  0.0154352 -0.0248531  0.0544645
