-59   0   1 -590.87 7.15845  12.291    2.00731 -0.0621669  -0.682489 -0.0621669    0.48696   0.223644  -0.682489   0.223644    2.80656
-57   4   0 -571.96 44.1015 4.95182  0.277343 0.0722367  0.146766 0.0722367  0.108481 0.0155816  0.146766 0.0155816  0.527409
-56   1   0 -561.518  14.6539  2.95375 0.327976 0.220202 0.622615 0.220202 0.635656  0.82795 0.622615  0.82795  2.12729
-55   2   0 -553.978   25.818 0.796781    0.15474    0.07435  0.0399016    0.07435   0.261075 -0.0639728  0.0399016 -0.0639728   0.191858
-57   2   0 -572.054  29.4318 0.871947  10.508 6.44582 138.928 6.44582 28.1945 91.9498 138.928 91.9498 6566.28
-56   2   0 -562.833  27.8611 0.939982  2.27865 -0.41085 -0.58518 -0.41085  1.05168 -0.02851 -0.58518 -0.02851 0.466854
-56   4   0 -565.567   43.768  4.93428  0.186973  0.118092 0.0868767  0.118092  0.252505 0.0048675 0.0868767 0.0048675  0.221967
-57   3   1 -570.933  37.4858  10.9968  60.9101 -13.3571 -32.1311 -13.3571  15.3126  10.7956 -32.1311  10.7956  19.0924
-55   1   0 -552.788  17.0374  1.26064   0.272668 -0.0801929  0.0777437 -0.0801929   0.990327   0.610929  0.0777437   0.610929    1.45726
-55   4   0 -554.815   45.163   3.8479   0.0645342 -0.00250054  0.00618445 -0.00250054     0.17576  -0.0678891  0.00618445  -0.0678891    0.151643
-55   4   1 -557.469  45.2177  12.4074  0.182708 -0.129673  -0.04618 -0.129673   0.27287 0.0729258  -0.04618 0.0729258  0.356379
-55   0   0 -558.196     3.32  3.67197 0.772223 0.112568  2.63873 0.112568 0.109942 0.270175  2.63873 0.270175  10.4448
-56   3   0 -563.49 34.8352 3.20051   0.107427  0.0361276 -0.0210975  0.0361276   0.132601 -0.0179756 -0.0210975 -0.0179756   0.136159
-57   0   1 -575.243  6.57718  11.5959  0.951104  0.245726 -0.101188  0.245726  0.442442  0.212531 -0.101188  0.212531   1.29421
-57   1   0 -572.502  15.5806  6.88162     0.41569  -0.0655034 -0.00216048  -0.0655034    0.739147   -0.358396 -0.00216048   -0.358396    0.775646
-57   0   0 -575.798  7.20404  9.31155  0.773164 -0.193671 -0.910164 -0.193671   1.94448   3.46684 -0.910164   3.46684   13.0504
-55   3   0 -556.076  35.3474  3.41284     0.172068    0.0196601    0.0748801    0.0196601     0.194079 -0.000918826    0.0748801 -0.000918826     0.117258
-56   3   1 -561.227  33.7453  11.4164   0.258028   0.212461 -0.0839476   0.212461   0.446755  -0.293121 -0.0839476  -0.293121   0.512661
-55   3   1 -556.984  33.8036  12.0957   0.303581   0.137357 -0.0806775   0.137357   0.284359 -0.0327715 -0.0806775 -0.0327715   0.305221
-55   2   1 -558.536  28.9778  11.8358   1.35555   1.84666 -0.433369   1.84666   5.85293 -0.687225 -0.433369 -0.687225  0.377314
-56   4   1 -568.226  45.9566  11.5657  84.3472  76.1722 -22.0496  76.1722  69.1981 -20.0996 -22.0496 -20.0996  6.59112
-57   3   0 -574.217  36.0851  3.79244    0.108337 -0.00505372  -0.0670648 -0.00505372    0.434174   -0.329887  -0.0670648   -0.329887    0.389331
