-10  32  -1 -20.3542  65.4851 -3.38235  1338.55 -1951.63  222.909 -1951.63   3386.1 -291.833  222.909 -291.833   44.079
 3 30 -1  6.84441  61.2459 -3.92555  1048.45  1901.37 -189.486  1901.37  3471.84 -270.701 -189.486 -270.701  1384.14
 2 29 -2  5.43854  58.5597 -4.37983  422.439  664.762 -390.545  664.762  1065.96 -663.896 -390.545 -663.896  528.939
 9 25 -2  18.6249  51.1309 -4.54509   1289.7 -570.901 -2040.98 -570.901  259.456  909.671 -2040.98  909.671  3354.36
 3 28 -2   7.0171  57.7397 -4.52868   7.67729   15.7339 -0.626437   15.7339   57.9615  -13.2857 -0.626437  -13.2857    41.639
 1 30 -2 2.52013 60.2882 -4.7067 88.3289 47.4414 63.2578 47.4414 56.9869 45.5345 63.2578 45.5345 173.356
 1 25 -2  3.20162  50.6993 -4.58905  26.0792  48.2513 -29.0828  48.2513  95.6908 -55.6538 -29.0828 -55.6538   50.935
 0 26 -2 -0.619282   52.8593  -4.52208  20.7084  21.1233  -4.4255  21.1233   27.732 -7.36425  -4.4255 -7.36425  15.7838
 0 25 -2  1.36641  51.5067 -4.85567 417.104 647.333  30.258 647.333 1025.06 35.5262  30.258 35.5262 25.6392
-5 35 -2 -11.0396  71.3817 -4.81772  6.86997 -1.84337  4.70973 -1.84337  9.87873 -11.0525  4.70973 -11.0525  16.8855
-5 33 -2 -11.6041  67.4139 -5.29965     3464 -1988.41      124 -1988.41  1171.73  312.021      124  312.021  7012.84
-3 28 -2  -7.4352  56.8011 -5.36184  341.935 -688.811 -1258.45 -688.811  1553.55  2851.42 -1258.45  2851.42  30057.5
-1 34 -2 -2.68425  68.8733 -5.27623  67.9191 -110.479 -61.0935 -110.479  189.093  97.8099 -61.0935  97.8099  105.942
-5 34 -2 -10.9494  68.9162 -5.38918  30.9476 -8.25818  96.1569 -8.25818  5.13921  -2.9119  96.1569  -2.9119  692.835
-7 32 -2 -14.4038  64.3251 -5.47875   32.132   1.6049 -289.508   1.6049  238.506 -715.607 -289.508 -715.607  29065.4
-6 32 -2 -13.1718  64.4116 -5.46983   5.13405 0.0807491  -52.0119 0.0807491   81.1252  -333.211  -52.0119  -333.211   4100.28
 0 29 -2 0.593938  58.3614 -5.09242  17.2545  52.7309 -28.0501  52.7309  310.925  95.9717 -28.0501  95.9717  278.783
