-69 -77   4  -139.49 -155.346  9.29921  1073.84 -1333.64   617.58 -1333.64  1698.16 -719.378   617.58 -719.378  443.169
-73 -79   4  -146.52 -158.478  9.16486   465.75 -863.529  194.204 -863.529  2417.58 -389.614  194.204 -389.614  86.9779
-74 -81   4 -148.351  -163.29  8.99265  33.6625 -84.3411   5.4184 -84.3411   280.44 -12.3561   5.4184 -12.3561  7.01444
-70 -78   4 -141.201 -157.164  8.37483  94.2935 -2.77025 -100.093 -2.77025  1.77829  2.51509 -100.093  2.51509  119.513
-73 -76   3 -146.327 -153.034  7.41775  144.036    -27.1 -4.56182    -27.1   11.983 -25.5225 -4.56182 -25.5225  273.078
-72 -78   3  -144.48 -157.187  7.44418  1096.34  -829.97  284.997  -829.97  764.945 -338.474  284.997 -338.474  188.711
-74 -79   3 -148.488 -159.185   7.0794  456.219 -502.651  488.221 -502.651  945.456 -647.785  488.221 -647.785  557.671
-69 -76   3   -138.8 -153.589  6.63082  93.1733 -164.877  36.0589 -164.877  305.071 -58.7235  36.0589 -58.7235  66.4238
-70 -78   3  -141.62 -157.143  7.08184  245.387  12.6904 -29.1595  12.6904  4.61629 -3.25019 -29.1595 -3.25019  7.28027
-72 -79   3 -145.129 -158.285  6.95119  123.083 -291.301 -1.13299 -291.301  704.679  2.24106 -1.13299  2.24106  3.43227
-70 -76   3 -141.291 -152.652  6.76653  27.1285  16.8067 -9.06454  16.8067  14.4314 -10.4992 -9.06454 -10.4992  15.7624
-73 -77   3  -146.41 -154.815  7.02313  212.308  -44.224  56.6127  -44.224  17.1304 -16.8552  56.6127 -16.8552  23.2174
-67 -78   3 -134.706 -156.711  6.33429  106.781 -211.331  25.6704 -211.331  550.609 -144.463  25.6704 -144.463  83.8527
-73 -79   3 -147.012 -159.007  6.86737  40.7824 -90.1684 -11.3477 -90.1684  324.465 -20.4564 -11.3477 -20.4564  21.3072
-73 -81   3 -146.721 -163.176   6.6729  622.006 -303.211  264.833 -303.211  162.575 -128.215  264.833 -128.215  116.119
-73 -77   2 -146.418 -155.899  5.87441  271.229  166.202    92.01  166.202  7800.86 -6659.57    92.01 -6659.57  5965.49
-73 -78   2  -146.22 -156.226  5.54161  329.761 -747.268  866.327 -747.268  2489.56 -2674.95  866.327 -2674.95   2924.5
-73 -81   2 -146.312 -163.097  5.64331  309.418 -881.511 -24.5973 -881.511  3436.56  224.844 -24.5973  224.844  32.2433
-70 -79   2 -141.641 -158.578  5.03387   1012.6  -1300.3   608.38  -1300.3  1988.24 -939.783   608.38 -939.783   450.36
-70 -81   2 -141.177 -162.092  5.46507  747.612 -703.278 -311.838 -703.278  1099.73  299.154 -311.838  299.154  133.002
-70 -77   2 -140.807 -154.545  5.43924  74.5227  81.6981 -105.255  81.6981  125.055 -156.668 -105.255 -156.668  203.301
-73 -79   2 -146.564 -158.769  5.06832   72.561 -81.0438  45.3282 -81.0438  206.497 -22.0609  45.3282 -22.0609  39.9824
-72 -75   2 -145.813 -150.416  4.47268  3234.14 -333.086  2119.23 -333.086  66.9885 -208.532  2119.23 -208.532  1410.79
-71 -75   2 -143.147 -150.721  4.29253   879.15 -222.159 -1332.91 -222.159  63.7178  338.527 -1332.91  338.527  2030.73
-70 -78   2 -140.759 -156.447  4.42116  73.4821  -11.003  -25.161  -11.003  13.1397 0.659593  -25.161 0.659593  14.3949
-72 -78   2 -145.726 -157.155  4.61881   99.394  76.5004 -40.8734  76.5004   161.83 -120.265 -40.8734 -120.265  95.8943
-72 -79   2 -145.276 -158.454   4.9608  23.4212 -1.41044 -3.87181 -1.41044  35.4128 0.599877 -3.87181 0.599877  3.13756
-72 -81   2 -145.684 -162.945  4.56738  67.4134 -200.963 -8.17017 -200.963  1052.55  77.9305 -8.17017  77.9305  11.0664
-70 -78   1 -141.035 -157.396  3.54013  515.544 -193.989   168.33 -193.989  144.024 -158.352   168.33 -158.352  198.461
-71 -80   1 -142.087 -161.734  3.29136  797.308  365.396 -339.011  365.396  338.473 -250.792 -339.011 -250.792  228.582
-72 -75   1 -144.915 -151.304  3.40437  13.2189  3.68603  3.92646  3.68603  4.45328 -2.56681  3.92646 -2.56681  20.0267
-71 -76   1 -143.526 -152.744  2.99113  93.9131 -20.3072 -329.293 -20.3072  56.7627 -21.5187 -329.293 -21.5187  1346.91
-71 -75   1 -142.589 -150.918  3.21977    13.173  -5.77185   3.11222  -5.77185   5.82923 0.0840135   3.11222 0.0840135   6.77779
-68 -79   1 -137.385 -158.251  3.00719  130.797 -76.2083 -43.5758 -76.2083  417.112 -135.863 -43.5758 -135.863  88.6943
-70 -79   1 -141.424 -158.675  2.76207  92.8953  -37.126   13.509  -37.126  27.0967 -4.44823   13.509 -4.44823  6.10796
-72 -76   1 -144.776 -152.949  2.51537  3.80362  2.27407  -1.7529  2.27407  4.29664 -2.02879  -1.7529 -2.02879  15.6111
-73 -78   1 -146.757 -156.901  2.74447   15.4822  -5.81843 0.0346953  -5.81843   19.1833 -0.993649 0.0346953 -0.993649   6.31258
-72 -79   1 -145.194 -158.502  3.00889  41.0509 -10.5237  6.68463 -10.5237  53.8426 -10.9122  6.68463 -10.9122  4.87934
-69 -79   1 -138.318 -158.726  2.18276  88.8837 -126.036  5.87544 -126.036  548.515 -108.785  5.87544 -108.785  77.9874
-68 -84   1 -136.768 -168.787  2.80249  176.266  -423.11  128.053  -423.11  1744.71 -566.266  128.053 -566.266   187.28
-72 -76   0 -144.101 -153.184  1.44592 468.823 380.818 560.222 380.818 373.158 536.524 560.222 536.524 777.628
-69 -79   0 -139.216 -159.075   1.2665  236.575 -444.994 -102.458 -444.994  1542.61 -59.0211 -102.458 -59.0211  142.678
-72 -77   0 -144.325 -154.919  1.33397   7.53728 -0.339783  -2.97532 -0.339783   5.91507  -4.84516  -2.97532  -4.84516   9.02633
-71 -77   0 -143.184 -155.268 0.153302  9.14837 -8.45866  5.22298 -8.45866   13.783 -2.83254  5.22298 -2.83254  8.39145
-73 -77   0  -146.798  -155.668 -0.628953  35.5822 -126.421 -57.5655 -126.421  543.668  240.325 -57.5655  240.325   113.17
-71 -78   0 -143.624 -156.956 -0.44342  127.769  72.5556 -37.3097  72.5556  49.5839 -29.0494 -37.3097 -29.0494  21.4832
-73 -78   0 -146.608 -156.691  0.29144    7.18184    1.17897  0.0461284    1.17897    6.12663 -0.0233928  0.0461284 -0.0233928    1.00131
-71 -80   0 -142.118 -160.774 -0.21649 86.2974 8.31761 6.49053 8.31761 76.7734 34.7412 6.49053 34.7412 16.3063
-70 -80   0  -141.929  -160.747 -0.284117   550.83 -174.932 -100.484 -174.932  538.668  264.573 -100.484  264.573  131.388
-71 -81   0 -143.259 -162.656  0.44597 31.8001  20.458 9.28152  20.458 23.1138 9.67902 9.28152 9.67902 4.98381
-72 -78   0  -145.436  -156.849 -0.221347  10.231 8.50718 1.97934 8.50718 23.9797 1.18986 1.97934 1.18986 2.09719
-72 -79   0 -144.799 -158.974 0.443374  90.7984 -127.146  44.7506 -127.146  579.623 -132.525  44.7506 -132.525  34.9111
-71 -79   0  -143.25  -158.82 -1.20911  16.6285  10.4488 -16.9511  10.4488  22.1394 -16.1284 -16.9511 -16.1284  21.2328
-70 -79   0 -141.239 -159.428 0.143794  3.80404  3.24559 -1.41081  3.24559  279.148 -76.4439 -1.41081 -76.4439  21.8514
-72 -79  -1 -144.218 -159.515 -2.22761  645.902 -1362.28 -76.8021 -1362.28  6459.98  -869.41 -76.8021  -869.41  343.888
-70 -79   3 -141.472 -158.911  7.03494 11.6022 2.85851 2.68971 2.85851 4.20895 3.81692 2.68971 3.81692 6.19538
-73 -78  -1 -146.606 -156.932   -3.249  360.876  100.772  81.9267  100.772  146.067 -96.1338  81.9267 -96.1338  141.408
-47 -75  -1 -94.1691 -150.807  -3.4473  608.98 73.1023 49.2356 73.1023 13.3213 6.64275 49.2356 6.64275 14.0504
-74 -75  -1 -149.042 -151.564 -3.47005  68.8904  308.446 -58.5467  308.446  1544.92 -285.782 -58.5467 -285.782  61.2283
-71 -79  -1 -143.602 -159.734 -2.81081  8.09483  10.6167 -2.22067  10.6167  55.6298 -8.95063 -2.22067 -8.95063  5.42675
-70 -80  -1 -141.878 -160.051 -3.30427  372.807  10.3375  36.9489  10.3375  438.103 -31.9102  36.9489 -31.9102  9.04206
-71 -80  -1 -142.297 -160.479 -3.05069   86.3527  -34.6353 -0.705799  -34.6353   15.6701  0.283172 -0.705799  0.283172   2.80386
-70 -80  -2 -141.902  -160.05 -4.63425  853.041 -794.356 -51.4871 -794.356  2555.21 -42.1053 -51.4871 -42.1053  11.7082
-72 -78  -2 -145.609 -157.067 -5.43958  18.3719 -6.69416 -16.4965 -6.69416  59.7781 -1.02054 -16.4965 -1.02054  52.9883
-73 -78  -2 -146.865 -156.808  -5.5646  14.8185  11.7572 -1.32213  11.7572  12.4244  -2.4078 -1.32213  -2.4078  14.8212
-71 -79  -2 -142.343 -159.962 -4.86567  3.89436 -17.6972  0.94817 -17.6972  1621.51  20.7149  0.94817  20.7149  2.55034
-71 -80  -2 -142.757 -160.219 -5.06916   3.55311 -0.315206  0.283054 -0.315206   7.41038  -1.44592  0.283054  -1.44592   3.51689
-69 -81  -3 -139.299 -162.834 -6.31016   562.86 -437.935 -248.005 -437.935  342.408  192.443 -248.005  192.443   128.93
-70 -81  -3 -140.342 -163.316 -6.68526  9.75887 -7.35078 -1.71439 -7.35078  70.6381  31.7037 -1.71439  31.7037  16.2238
-74 -78  -3 -148.279 -156.367 -6.68871   77.4682    -65.77 -0.778272    -65.77   140.171  -5.69606 -0.778272  -5.69606   5.28466
-72 -78  -3 -145.708  -157.28 -6.92908  23.6779 -14.5924   8.2504 -14.5924  30.6154 -12.3258   8.2504 -12.3258  7.35547
-73 -78  -3 -147.052 -156.889 -7.27659  15.1885  15.8357 -3.37719  15.8357  19.8267 -4.77887 -3.37719 -4.77887  4.02515
-71 -80  -3 -142.775 -160.212 -7.27689   6.75812  -2.99077 -0.646248  -2.99077   11.6768  0.347914 -0.646248  0.347914   3.52655
-54 -81  -3   -109.2  -163.32 -7.71572 21.5135 15.5079 12.5581 15.5079 26.0189 14.4182 12.5581 14.4182  72.694
-74 -76  -4 -149.334 -153.312 -8.32958  30.8891 -27.4019  -276.12 -27.4019  74.4348  501.893  -276.12  501.893  4242.99
-71 -79  -4 -142.672 -159.673 -8.18091 4.51834 1.13964 6.78168 1.13964 18.7649 56.4689 6.78168 56.4689 249.052
-72 -77  -4 -145.198 -154.817  -8.3749     19.1  16.3992  6.95082  16.3992  16.6787 0.705946  6.95082 0.705946  149.526
-72 -78  -4 -145.358 -157.054 -8.24052 30.5758 27.4605 59.3057 27.4605 32.3707 59.5379 59.3057 59.5379 269.794
-73 -76  -4  -146.55 -152.994 -8.34787 37.8389 31.8022 70.3685 31.8022 31.2328 65.6983 70.3685 65.6983 259.115
-47 -77  -4 -94.3422  -154.94 -8.27742  3356.53 -2052.34 -855.241 -2052.34  1282.55  522.139 -855.241  522.139  235.587
-51 -78  -4 -102.045 -157.225 -9.00651  2606.46 -169.993  1585.78 -169.993  15.7906 -116.688  1585.78 -116.688  1132.39
