-33  29   0 -67.4725  59.6712 -1.52582  16.7785 -36.7473  3.60043 -36.7473  107.971 -11.2545  3.60043 -11.2545  6.32703
-30  30  -1  -61.803  60.1481 -2.24011  367.509  349.483 -51.8906  349.483  654.479  99.7789 -51.8906  99.7789  103.278
-31  30  -1 -62.5348  60.1926 -2.63349   6.3153 -3.10834 0.165279 -3.10834  73.3394 0.504612 0.165279 0.504612  7.86103
-68  32  -1 -136.344  64.8449 -3.67464  34.5156 -14.2153 -4.75963 -14.2153  170.318  21.3236 -4.75963  21.3236  22.0671
-33  30  -1 -67.2134  60.3871 -3.39432 19.4042 44.1466 25.5278 44.1466  182.46 124.757 25.5278 124.757 93.4835
-33  29  -1 -67.0658  59.2413 -3.05957   6.10906 -0.316565    1.7303 -0.316565   7.43797  -2.01958    1.7303  -2.01958   3.90673
-31  29  -1 -62.8911  59.5205 -3.26058    18.21 -30.2206 -3.07055 -30.2206  105.968 -13.7807 -3.07055 -13.7807  10.6116
-34  29  -1 -68.0697  58.9047 -3.20002  3581.23 -702.763   76.278 -702.763  156.673 -18.2877   76.278 -18.2877  6.08033
-26  32  -2 -53.8418    65.29 -4.37807   180.67  2.59824 -178.307  2.59824  18.6899 -17.8283 -178.307 -17.8283  219.999
-33  29  -2 -66.8788  59.1342 -4.64968  3.81862 -2.57865  2.07612 -2.57865  5.35292 -4.68606  2.07612 -4.68606  9.08949
-31  29  -2 -62.3306  59.5115 -4.99307  27.0941 -125.535 -107.343 -125.535  1270.83  1306.74 -107.343  1306.74  1389.41
-34  29  -2 -68.3902  58.5791 -4.68072  21.1862  -11.348   5.3894  -11.348  12.7897 -6.38967   5.3894 -6.38967  6.49812
-29  32  -2 -59.1718  64.6279 -4.69249  572.045  -338.64 -58.3913  -338.64   224.18  36.2951 -58.3913  36.2951  11.1404
-68  32  -2 -136.379   64.664 -5.66924 77.3366 236.777 211.514 236.777 996.812  828.04 211.514  828.04 844.407
-65  31  -2 -130.996  63.6259 -5.69521   24.706 -92.3409 -38.1621 -92.3409  403.197  4.34437 -38.1621  4.34437   2930.9
-66  31  -2 -132.598  63.5223 -5.71701   38.458   70.598 -90.7328   70.598  170.779  37.7293 -90.7328  37.7293  6338.63
-69  32  -3 -138.823  64.8815 -6.10629  1224.73  1023.48 -87.2495  1023.48  873.901  103.475 -87.2495  103.475   2078.9
-30  29  -1 -61.8128  59.4036 -3.61435  40.9407 -9.67725  15.0784 -9.67725  28.9211 -20.6386  15.0784 -20.6386  39.7988
