-92 -86   9 -184.636 -173.164  19.3946   129.64 -357.156 -160.133 -357.156  1000.84  450.728 -160.133  450.728  205.836
-91 -86   7 -182.724 -172.686  15.3219 5.06691 5.88052 0.94244 5.88052 12.7731  3.3449 0.94244  3.3449 3.44756
-124  -77    6 -249.315 -155.289  13.2513  21.0606 -7.73743 -3.61478 -7.73743  9.04766  4.52071 -3.61478  4.52071  7.73944
-110  -75    6 -220.727 -150.891  12.7195 31.1001 15.2212 20.2451 15.2212 10.5067 7.08452 20.2451 7.08452 22.5721
-112  -76    6 -225.412 -153.295  12.9173  200.076    -75.3  134.623    -75.3  39.3255 -59.6896  134.623 -59.6896   103.18
-111  -77    6 -223.505 -155.499  12.9191  2184.95 -1206.25  1243.78 -1206.25  670.996 -686.935  1243.78 -686.935  714.479
-109  -75    6 -219.274 -151.278  13.1604 26.3976 9.03171 4.94601 9.03171 7.30887 1.41253 4.94601 1.41253  4.8997
-88 -76   6 -177.281 -152.992   13.137  182.819 -205.111 -113.634 -205.111  236.206  130.411 -113.634  130.411  74.6751
-112  -77    6 -224.882 -154.498  12.4643  656.616  338.777 -83.2037  338.777  229.835  25.0918 -83.2037  25.0918  97.2736
-109  -77    6 -219.51 -155.63  13.005   1509.9 -1076.19  -387.48 -1076.19  869.443  237.758  -387.48  237.758  117.562
-111  -78    6 -223.557 -156.207  13.0855  243.79 222.533 52.4558 222.533  326.75 66.5891 52.4558 66.5891 16.7828
-89 -76   6 -178.347 -152.981  12.6849  16.1119 -47.8541   7.8778 -47.8541  198.125 -31.5299   7.8778 -31.5299  9.56245
-124  -77    5 -249.493 -155.883    11.85  202.183  24.2289 -309.451  24.2289  323.874 -200.078 -309.451 -200.078  1372.89
-113  -77    5 -226.514 -154.268  11.3459 308.802 301.744 254.473 301.744 807.347 32.5138 254.473 32.5138 312.025
-108  -76    5  -217.59 -152.803   11.353   17.3184   5.68925  -5.58621   5.68925   5.18014 -0.472567  -5.58621 -0.472567    6.9105
-124  -78    5 -249.205 -156.779  10.9907  17.0562  20.1459 -2.50314  20.1459   192.34 -185.043 -2.50314 -185.043  203.404
-106  -77    5 -213.205 -155.215  10.7115 5.28088 3.29244 13.1096 3.29244 24.2632 17.5343 13.1096 17.5343 97.8457
-81 -75   5 -162.867 -151.316  10.8719  133.249  220.054 -118.156  220.054  368.067 -195.685 -118.156 -195.685  108.745
-88 -76   5 -177.864 -152.777  10.9042  185.858 -101.592 -1.05162 -101.592  354.078  13.0811 -1.05162  13.0811  4.84254
-81 -77   5 -163.084 -155.052  10.3194 99.1882 336.278 355.648 336.278 1650.06 1059.22 355.648 1059.22 1381.32
-111  -79    5 -222.571 -159.326  10.4717  1427.53  -550.16 -60.0604  -550.16  215.007  17.6875 -60.0604  17.6875  31.6995
-90 -75   5 -181.403  -150.43  10.9005  94.3077 -27.4024 -46.0185 -27.4024  188.305  3.51373 -46.0185  3.51373  26.8211
-86 -75   5  -172.75 -151.779  10.7666 8.36626 65.0352 30.0996 65.0352 3685.18 1581.24 30.0996 1581.24 685.284
-81 -76   5 -162.048 -152.161  10.2456    33401 -20130.4  29303.2 -20130.4  12872.4 -18376.6  29303.2 -18376.6  26551.6
-90 -76   5  -180.8 -153.15 10.2819  352.965 -587.767  391.445 -587.767  1078.83 -556.482  391.445 -556.482  652.932
-90 -78   5 -181.549 -156.641  11.0793  9.6579 4.28325 2.07241 4.28325 19.6441  6.8001 2.07241  6.8001 5.09234
-107  -75    5 -215.515  -150.46  10.1257   44.577  -129.39  88.7853  -129.39  434.516 -300.275  88.7853 -300.275  269.374
-91 -75   5 -182.828 -151.003  10.7523  11.3763 -9.23928  2.49712 -9.23928  28.7785  6.51516  2.49712  6.51516  6.89487
-82 -75   5 -164.128 -151.031  10.9655   841.45 -244.357  135.579 -244.357  92.6459 -46.3549  135.579 -46.3549  25.9506
-89 -76   5 -178.807 -152.964  10.8482  4.82634  10.2114 -3.61565  10.2114   126.87  3.30544 -3.61565  3.30544  6.03178
-93 -76   5 -187.052 -152.676  11.0827   39.0984   2.74406   23.8031   2.74406   24.3667 -0.518651   23.8031 -0.518651   17.2893
-109  -76    5 -218.813 -152.816  10.8496  17.5504  -1.7033  10.4748  -1.7033  22.5222 -13.8449  10.4748 -13.8449  16.7737
-88 -77   5 -176.372 -154.977  10.7462  43.0015 -4.80985 -7.49002 -4.80985  25.1596  10.8478 -7.49002  10.8478  8.01622
-80 -77   5 -161.445 -155.194  10.5268  143.007  507.583 -33.3545  507.583  1938.75 -112.974 -33.3545 -112.974  10.4457
-112  -77    5 -224.861 -155.053  11.0245   55.652  100.296 -43.9653  100.296  197.456 -87.9339 -43.9653 -87.9339  41.6263
-91 -78   5 -182.973 -156.642  10.8771  89.6713 -114.739 -4.11766 -114.739  173.336   10.746 -4.11766   10.746  4.46532
-114  -78    5  -229.07 -156.265   10.514 699.867 102.512  576.17 102.512 154.184 66.7412  576.17 66.7412  478.63
-111  -78    5 -223.168 -156.504  10.7667  14.3747 -2.19091  5.61675 -2.19091  5.41919 -1.87958  5.61675 -1.87958   6.9083
-110  -78    5 -221.025 -156.545  10.8583  79.5722  -130.78 -9.71102  -130.78  237.611  7.60689 -9.71102  7.60689  7.59331
-107  -77    4 -215.466 -155.472  9.50441  121.279  215.831  -409.31  215.831  409.392 -776.543  -409.31 -776.543  1540.22
-90 -75   4 -181.886 -150.467  9.67784  535.556  460.725  -219.38  460.725  951.981 -276.308  -219.38 -276.308  117.166
-114  -78    4 -228.881 -157.101  9.37831  28.8211 -65.0239  62.0582 -65.0239  155.747 -147.058  62.0582 -147.058  153.445
-80 -76   4 -161.838 -153.482   9.1044  528.207  185.709 -351.582  185.709  188.755 -305.867 -351.582 -305.867  525.877
-90 -78   4 -181.852 -156.273  9.45319 431.418 159.432 9.42007 159.432 138.002 20.6919 9.42007 20.6919 9.79946
-93 -75   4 -186.845 -151.699  8.94045 82.8614 211.812 75.7139 211.812 571.141 190.242 75.7139 190.242 84.7074
-114  -92    4 -229.195 -185.337  8.84174  31.6464 -20.0514  112.868 -20.0514  14.4121 -70.7431  112.868 -70.7431  468.103
-93 -76   4  -186.52 -152.381  9.55531  9.14168  11.0762 0.420591  11.0762  38.1643  8.63094 0.420591  8.63094  9.76488
-91 -87   4 -182.958 -174.645  9.37624     9.05  22.7027 -16.5879  22.7027   142.46  -117.27 -16.5879  -117.27  100.401
-86 -75   4 -172.827  -150.48   9.0098 20.5288 32.6313 18.0718 32.6313 108.425 64.2141 18.0718 64.2141 44.2694
-107  -75    4 -215.022 -151.517  8.98518   6.41948  -7.41067 -0.318451  -7.41067   13.0984  -0.54167 -0.318451  -0.54167   2.47929
-94 -75   4 -188.775 -151.029  8.97068  14.2675  3.75683 -2.22427  3.75683  29.3329  10.9747 -2.22427  10.9747  12.5232
-81 -76   4 -163.293 -152.391  8.70258  502.128  168.155 -563.923  168.155  144.573 -140.388 -563.923 -140.388  663.555
-97 -81   4 -194.532  -163.77   8.6498  475.071 -559.942      188 -559.942  929.233 -349.139      188 -349.139  138.728
-91 -77   4 -182.054 -155.894  8.41695  20335.1 -16964.8 -6329.61 -16964.8  14819.4   5456.8 -6329.61   5456.8  2056.54
-98 -86   4 -197.539 -173.405  8.76424  2742.45 -1357.56 -21.0142 -1357.56  1737.25 -153.737 -21.0142 -153.737  29.2557
-92 -75   4 -185.205 -150.408  8.44049  11.3197 -3.38746  15.8049 -3.38746  2.86521 -4.53514  15.8049 -4.53514  36.2279
-82 -76   4  -164.78 -153.599   9.0247  15.9546  -5.2545  5.78541  -5.2545  11.6393 -2.11385  5.78541 -2.11385  5.60316
-80 -77   4 -161.558 -154.785  8.87252 249.219  146.29 18.2341  146.29 94.4651 14.5733 18.2341 14.5733 6.07023
-106  -78    4  -212.56 -157.121  8.64375 75.7491 3.13564 81.7623 3.13564 7.07173  2.8136 81.7623  2.8136 99.3101
-113  -78    4 -227.342 -156.924  8.43637   351.83 -366.558  264.218 -366.558  861.847 -385.196  264.218 -385.196  236.752
-110  -78    4 -221.091 -157.149  9.22729   89.95 228.464 15.4645 228.464 594.196 35.4828 15.4645 35.4828 5.27377
-93 -87   4 -186.799 -175.093  8.63532  2.98001 -1.06628 -1.01924 -1.06628  12.7817  -3.1807 -1.01924  -3.1807  5.37085
-109  -75    4  -218.85 -150.756  8.25952   43.0876   -3.9507  -18.7691   -3.9507   7.00784 -0.982974  -18.7691 -0.982974   24.3002
-81 -75   4  -163.15 -151.554  9.01196  57.5185 -87.4916  42.5273 -87.4916  143.179 -65.2287  42.5273 -65.2287  33.7597
-92 -76   4 -185.455 -152.279  8.64037 9.38173  10.669 8.62892  10.669  192.83 73.3421 8.62892 73.3421 35.2836
-88 -76   4 -177.781 -152.391  8.97012  127.035  6.47116 -4.55906  6.47116  261.242  43.2736 -4.55906  43.2736  10.0471
-89 -76   4 -179.016 -152.606  9.03229  327.864 -167.068  218.913 -167.068  360.121 -20.8261  218.913 -20.8261  178.916
-108  -76    4 -217.039  -152.52  8.50996  2.82067   3.9915 -4.60713   3.9915  22.5052 -17.6193 -4.60713 -17.6193  25.3315
-109  -76    4 -218.446 -153.253  8.92067  14.7655  1.01531 -2.64935  1.01531  6.84695 0.906947 -2.64935 0.906947  2.83999
-88 -77   4 -176.624 -154.393   8.8572  70.6212  37.4303 0.803392  37.4303  35.8365  3.77267 0.803392  3.77267   2.5915
-108  -77    4  -216.73 -154.953  8.69949  109.281  114.783   -58.92  114.783  211.182 -55.4729   -58.92 -55.4729  36.4673
-87 -77   4 -175.432 -155.583  8.96686  170.785  302.824 -20.0041  302.824  585.019 -33.7497 -20.0041 -33.7497  3.24346
-111  -78    4 -222.963 -156.762  8.85656  10.3102  8.03301  -2.6149  8.03301  10.0581 -2.39706  -2.6149 -2.39706  3.83685
-102  -84    4 -204.728 -168.608  8.38957   9.38075 -0.673292   -4.3118 -0.673292   5.04485   3.31071   -4.3118   3.31071   8.09576
-101  -84    4 -203.548 -168.665  9.19172  42.2491 -112.578  60.4625 -112.578  372.782 -205.847  60.4625 -205.847  116.349
-108  -76    3 -216.748 -153.651  7.93041  1113.98  725.135 -1306.58  725.135  486.054 -851.764 -1306.58 -851.764  1827.79
-91 -78   3 -183.146 -156.442  7.87025  7.79446 -1.54997 -59.5911 -1.54997  4.05503  17.1239 -59.5911  17.1239  696.134
-92 -78   3 -184.575 -156.475  7.86899  18.6699  2.67426  31.7068  2.67426  21.0796 -16.0904  31.7068 -16.0904  127.065
-111  -75    3 -222.437 -151.225   7.7021   23.451   36.308 -14.1141   36.308  82.8635 -34.1979 -14.1141 -34.1979  50.9583
-91 -77   3 -182.432 -155.733  7.43315  22.1735  203.575 -46.6534  203.575  4328.26 -556.828 -46.6534 -556.828   127.19
-79 -77   3 -159.595 -155.282  7.67418  11.9144 -1.29377  21.3931 -1.29377       21 0.624521  21.3931 0.624521  45.7741
-94 -86   3 -188.242 -173.687  7.03383 166.924 127.325 19.5559 127.325 141.146 36.5808 19.5559 36.5808 19.5045
-92 -76   3 -185.347 -152.141  7.01804  21.4856 -47.5885 -4.85524 -47.5885  173.261  6.78925 -4.85524  6.78925  7.61622
-109  -79    3 -218.865 -158.513  6.95388 33.4859 27.9819  85.178 27.9819 60.0567 74.0516  85.178 74.0516  225.78
-102  -85    3 -205.126 -170.857  7.09258   1.64783 -0.874818  0.179032 -0.874818   21.7307  -8.09379  0.179032  -8.09379   5.93166
-93 -76   3 -186.808 -152.744   7.0761    43.08 -55.7205  72.0708 -55.7205  83.0288 -98.2977  72.0708 -98.2977  131.824
-82 -79   3 -164.746 -158.748  6.75934 31.4282  62.229 17.5436  62.229 323.958 9.11739 17.5436 9.11739 18.0973
-112  -79    3 -224.318 -159.391  7.08664   202.27 -141.345   22.165 -141.345   301.99  31.7913   22.165  31.7913  18.7908
-91 -80   3 -182.986 -160.287  6.82153  5.35775 -10.3138  4.74455 -10.3138  33.7871 -11.9663  4.74455 -11.9663  16.7356
-92 -87   3  -185.38 -175.113  7.24335   3.69435  0.455161 -0.602726  0.455161   5.41279  -3.83312 -0.602726  -3.83312   6.57113
-88 -75   3 -177.883 -151.692   6.4648  1828.17 -349.179  56.5285 -349.179   150.03 -37.9256  56.5285 -37.9256  38.9106
-98 -86   3 -197.073 -173.498  6.78714 53.2126 17.0244 32.4893 17.0244 17.7834  11.435 32.4893  11.435 24.7966
-110  -75    3  -221.26 -151.307  6.71695  137.169  -21.462  121.373  -21.462  14.4629 -22.3689  121.373 -22.3689  114.644
-89 -76   3 -178.08 -152.26 7.48472   326.36 -231.072  12.2538 -231.072  1100.03   61.664  12.2538   61.664   8.7907
-81 -76   3 -163.588 -152.901  7.23742  297.364 -192.663  47.2188 -192.663  141.108 -46.6251  47.2188 -46.6251  26.2774
-82 -76   3 -164.355 -153.802  7.36627  170.571 -127.615  58.5219 -127.615  406.899 -30.9227  58.5219 -30.9227  23.4306
-76 -79   3 -152.705 -158.905  6.81375  128.298 -102.495  53.4529 -102.495  102.122 -46.8319  53.4529 -46.8319  24.9012
-90 -79   3 -181.199  -158.48  6.84008   29.738  18.2812 -132.457  18.2812  18.4535 -59.2266 -132.457 -59.2266  732.942
-105  -86    3 -210.571 -173.259  6.64308  922.519 -825.587 -42.6521 -825.587  744.035  40.8522 -42.6521  40.8522  6.75386
-91 -87   3 -182.686  -174.55  6.85036   4.27843  -1.23228  0.550899  -1.23228   6.79638 -0.886886  0.550899 -0.886886   2.87166
-91 -75   3 -182.794 -150.378  7.00644  38.6504  59.7969 -1.61012  59.7969  124.745 -4.01007 -1.61012 -4.01007    2.677
-88 -76   3 -177.508 -152.984   7.0085  51.4312  22.8299  -2.7155  22.8299  12.1439 -1.62708  -2.7155 -1.62708  2.63882
-109  -76    3 -218.657 -153.312  7.18448 16.6961 1.05309 -2.0526 1.05309 7.27701  -2.832 -2.0526  -2.832 4.45441
-108  -77    3 -217.713 -154.356  6.71811  73.0674 -6.61755   -22.76 -6.61755  57.2135  12.5547   -22.76  12.5547  13.0617
-89 -77   3 -178.049 -155.257  6.40399  1872.71 -39.1017 -13.9425 -39.1017  10.7774  7.24572 -13.9425  7.24572  7.95816
-90 -77   3  -181.74 -155.451  6.97402  119.608 -141.861 -23.7058 -141.861  199.348  34.3377 -23.7058  34.3377  8.15291
-80 -77   3 -161.436 -154.981  6.84166  6.23086   11.587 -1.85138   11.587  36.4102 -4.06672 -1.85138 -4.06672  3.33077
-81 -78   3 -162.604 -157.053   6.8878   10.3215  -1.47173  0.292864  -1.47173   6.39607 0.0350144  0.292864 0.0350144   2.38866
-111  -78    3 -222.939 -156.962  7.03257  26.8678  9.75566 0.446239  9.75566  18.1599  1.35495 0.446239  1.35495  2.59701
-88 -78   3 -176.744 -156.825  6.60843 243.851 153.167 213.678 153.167 105.423 130.415 213.678 130.415 192.232
-91 -78   4 -182.555 -156.343  8.55631  24.2528 -7.82595 -5.09127 -7.82595  16.8563 -1.50374 -5.09127 -1.50374  4.50279
-109  -78    3 -219.079 -157.653  6.81796   26.969  -76.695  5.76161  -76.695  275.605 -22.0036  5.76161 -22.0036  4.98102
-91 -79   3 -183.021 -159.039  6.86831    6.48667   -1.27539    3.72474   -1.27539    4.84508 -0.0529146    3.72474 -0.0529146    4.69444
-77 -81   3 -154.989 -162.984  6.86882  16.2325 -19.8914 -1.61856 -19.8914  124.831  8.04001 -1.61856  8.04001  3.90825
-98 -81   3 -196.986 -163.445  6.62943   16.701  56.7584 -31.4637  56.7584  225.571 -123.766 -31.4637 -123.766  70.5943
-95 -82   3 -191.231 -164.686  6.60529  133.053  116.918 -163.851  116.918  128.164 -142.044 -163.851 -142.044  209.695
-96 -82   3 -193.295 -164.993  6.84127  5.05142 -1.80147  1.98958 -1.80147  6.25416  1.16138  1.98958  1.16138  4.14111
-97 -82   3 -194.627 -165.089  6.86644   7.2159 -4.50827 0.675229 -4.50827  9.12864 -1.12936 0.675229 -1.12936  2.75396
-93 -86   3 -187.361 -173.767  6.46439   9.4982  -87.248  21.5753  -87.248  1114.45 -273.968  21.5753 -273.968  72.4777
-88 -75   2  -177.84 -151.839  5.80471  998.249  661.161 -627.311  661.161  687.236 -554.776 -627.311 -554.776  514.551
-112  -78    2 -225.096 -156.921  5.47574 11.5343 105.153  76.844 105.153 1956.32 1183.83  76.844 1183.83 774.234
-124  -78    6 -249.632 -156.051  12.9955  591.088 -170.958 -139.482 -170.958  1573.89  26.8922 -139.482  26.8922  34.7292
-91 -77   2 -183.239 -154.578  5.37663  4.87499   20.701 -18.7857   20.701  249.577 -204.171 -18.7857 -204.171  186.002
-109  -76    2 -218.825 -153.802   5.5349  99.3076  55.8712 -18.9637  55.8712  41.0699  -5.8385 -18.9637  -5.8385  15.4908
-80 -78   2 -161.656 -156.365  5.18145  363.908  149.789 -389.617  149.789  153.859 -129.597 -389.617 -129.597  454.369
-93 -79   2 -186.862 -159.259  4.97518  35.1416  36.7622  -32.152  36.7622  250.886 -427.626  -32.152 -427.626  795.351
-77 -81   2 -155.163 -163.068  5.19064  187.303  -37.923  1.12721  -37.923  493.121 -3.26635  1.12721 -3.26635  6.49167
-110  -75    2 -221.254 -151.112  5.49598  7.70099 0.223363 -4.93024 0.223363  3.01492 0.253771 -4.93024 0.253771  8.64838
-109  -78    2 -219.371  -157.28  5.13903  78.0319 -115.979 -37.8315 -115.979  272.927  105.517 -37.8315  105.517  46.2755
-96 -83   2 -192.662 -166.394  5.34811   20.4699   19.8925 -0.784443   19.8925   38.5904   0.15409 -0.784443   0.15409   4.67584
-92 -75   2 -184.162 -150.984  5.02794 47.4575 12.3494 2.04985 12.3494 13.0112  5.4503 2.04985  5.4503 4.69853
-89 -75   2 -179.832 -151.673  4.59277  294.847 -82.2986 -82.5678 -82.2986  51.3379   33.523 -82.5678   33.523   42.498
-90 -78   2 -181.281 -156.493  5.15025  102.045  46.1969   14.542  46.1969  41.5662 -2.09947   14.542 -2.09947   8.3564
-111  -78    2 -223.085 -157.126  4.81927   6.44945 -0.693912  -1.35736 -0.693912   33.0754   -5.0857  -1.35736   -5.0857   6.42485
-98 -86   2  -197.09 -173.591  4.95373   41.392 -3.29832   23.339 -3.29832  28.4969  -7.2633   23.339  -7.2633  15.9425
-110  -76    2 -221.172 -152.843  4.84208   6.30027   2.10672   2.36892   2.10672   4.95262 -0.702674   2.36892 -0.702674   4.95787
-108  -78    2 -217.368 -157.174  4.48755 19.2498 22.7087 18.4906 22.7087 47.7334  40.407 18.4906  40.407 43.2461
-92 -79   2 -184.672  -158.81  4.65554   14.2249  -4.52972   10.1226  -4.52972   5.54406 0.0681417   10.1226 0.0681417   19.2318
-90 -79   2 -180.75  -158.7 5.13475 13.8795 13.7956 7.65212 13.7956 18.6195 9.13178 7.65212 9.13178 6.25799
-81 -79   2 -163.827 -158.866  5.04202  217.056 -27.7699  22.6238 -27.7699  11.3398 -9.83771  22.6238 -9.83771  11.2585
-76 -79   2 -152.404  -159.16  5.12868  17.1931  9.49625 -2.78631  9.49625  58.5409 -12.7763 -2.78631 -12.7763  4.49051
-108  -79    2 -216.659 -158.606  4.91039  24.2742  19.4694 -17.1883  19.4694  19.8301 -15.1444 -17.1883 -15.1444  15.0495
-96 -82   2  -193.61 -165.153  4.95783  16.0526 -10.4701  2.90725 -10.4701  11.8873  -2.9514  2.90725  -2.9514  3.89892
-106  -75    2 -213.274 -150.428  4.73578  208.764   -255.2 -238.336   -255.2  325.756  294.369 -238.336  294.369  274.253
-90 -75   2 -180.896 -151.499  4.39538  3.93982  5.12129 -4.78545  5.12129  13.5951  -10.818 -4.78545  -10.818  15.2744
-91 -75   2 -183.011 -150.777  4.99719  7.90975 -8.60003 0.997021 -8.60003  20.4728 -1.45451 0.997021 -1.45451  3.08149
-79 -75   2 -159.408 -151.456  4.41836  41.5435 -61.5579 -3.78317 -61.5579  101.556   10.889 -3.78317   10.889  6.33889
-80 -75   2 -160.179 -151.828  4.44062   618.679   111.754 -0.121743   111.754   1252.47  -216.339 -0.121743  -216.339    42.261
-118  -76    2 -237.757 -152.166  4.18727  150.984 -72.7129  19.3123 -72.7129  66.4673 -7.63231  19.3123 -7.63231  69.8254
-121  -76    2 -243.611 -152.612  4.63818  17.9311  1.33117   2.9113  1.33117  18.2528 0.721599   2.9113 0.721599  8.28874
-111  -76    2 -222.418 -152.797  4.31293  12.0663 -10.1046 -3.54884 -10.1046  29.4486  17.9933 -3.54884  17.9933  19.5608
-89 -76   2 -178.532 -152.804   4.3731 2.50655 1.68546 1.17056 1.68546 5.56062 6.43922 1.17056 6.43922 23.2202
-88 -76   2 -177.804 -152.532   5.0976  107.421  13.3231  -14.096  13.3231  6.02873 -1.79462  -14.096 -1.79462  5.02466
-75 -77   2 -150.977 -154.335  4.36728  378.893  683.682 -491.574  683.682  5728.04 -4036.46 -491.574 -4036.46  2857.69
-109  -77    2 -218.566 -154.236   4.8622   51.906  38.3043 -16.1664  38.3043  127.477 -17.8752 -16.1664 -17.8752  8.05837
-90 -77   2  -181.64 -155.006  4.91352 58.0719 8.80381 7.04297 8.80381  14.052 3.91169 7.04297 3.91169 4.39916
-80 -77   2 -161.483 -155.208  5.08882  9.75524  8.60754 -1.64851  8.60754  20.4217 0.925664 -1.64851 0.925664  3.55214
-89 -77   2  -178.39 -154.873  4.51391  110.142 -39.4335 -23.8104 -39.4335  17.9066  7.70226 -23.8104  7.70226  7.94071
-91 -78   2 -183.264 -157.211  4.38654  28.3055 -10.0756   18.435 -10.0756  20.6361    30.56   18.435    30.56  112.707
-81 -78   2 -162.717 -156.724  4.90488   16.2076  -3.63609  -2.00929  -3.63609   7.96111 -0.017503  -2.00929 -0.017503   3.48338
-97 -82   2  -194.74 -164.969  4.99013  4.85824  3.00728  1.00725  3.00728  7.21999 0.661834  1.00725 0.661834  3.80193
-91 -75   6 -183.466 -151.347  12.3863  36.9206 -7.91177 -34.7423 -7.91177  15.3645  4.09077 -34.7423  4.09077  46.2093
-105  -75    1 -211.456  -150.97  3.78441  33.8906 -7.15544  130.265 -7.15544  4.58421 -25.4099  130.265 -25.4099  568.277
-81 -82   1 -163.025 -164.445  3.39841  163.467 -260.753  50.2625 -260.753  507.856  107.944  50.2625  107.944  450.359
-91 -77   1 -182.547  -155.42  3.69615  27.5284 -31.8702 -39.3568 -31.8702   61.461  59.5999 -39.3568  59.5999  77.1584
-98 -81   1 -196.272 -163.469  3.44512  362.265 -59.7624  -63.916 -59.7624  47.7344  46.7617  -63.916  46.7617  56.5425
-107  -78    4 -214.997 -156.895  8.94961  97.6245 -32.1246  81.8382 -32.1246  364.881   224.25  81.8382   224.25  248.108
-107  -77    1 -215.251 -154.409   3.4482  50.6344  44.8188  9.65536  44.8188  73.6701 -2.71837  9.65536 -2.71837   12.371
-93 -86   1 -186.804 -173.781  3.33986 60.7409 248.344 161.115 248.344 1082.59 678.737 161.115 678.737 440.435
-94 -87   1 -188.727  -175.04  3.25173   5.36785   2.17147 -0.935448   2.17147   17.1401   3.11276 -0.935448   3.11276   3.53886
-88 -75   1 -176.386 -150.655  2.89563   32.518 -32.9485   15.326 -32.9485  118.727 -45.0359   15.326 -45.0359  29.8508
-96 -83   1 -192.626 -166.716  3.29355  1081.57 -1666.27  711.426 -1666.27  2592.96  -1101.5  711.426  -1101.5  474.023
-79 -78   1 -158.406 -156.284  2.88004  11.8462 -48.5338 -16.1562 -48.5338  408.248  106.143 -16.1562  106.143  44.1958
-80 -77   1 -161.826 -155.076  3.07475  125.218 -2.46781 -1.69753 -2.46781  30.8546 -1.86509 -1.69753 -1.86509  3.86133
-109  -78    1 -219.498 -156.184  3.30673  73.6723  51.7113 -4.91209  51.7113  103.915  7.99217 -4.91209  7.99217  5.61885
-77 -81   1 -155.13  -162.9 2.68974 1066.84 -1494.3 -154.52 -1494.3 3975.81 467.629 -154.52 467.629 60.6451
-80 -81   1 -161.185 -163.312  2.69508  121.727 -167.092 -10.4482 -167.092  356.734  127.185 -10.4482  127.185  116.988
-122  -75    1 -244.338 -151.838  2.92451 1663.95 37.1025 432.844 37.1025 132.557 3.59846 432.844 3.59846 114.777
-91 -76   1 -182.541 -153.046  2.45776  56.7785 -24.0411  89.8802 -24.0411  20.1204 -32.6101  89.8802 -32.6101  170.548
-81 -77   1 -162.489 -155.597  2.84111  18.7652 -21.5921 -6.39607 -21.5921  48.9175  12.6275 -6.39607  12.6275  9.16506
-75 -75   1  -151.11 -150.461  2.84207  10.4911 -11.3523 0.174997 -11.3523  23.4013 0.922787 0.174997 0.922787  2.65484
-76 -75   1 -152.457 -150.615  2.96424  22.7422 -9.45544 -6.16079 -9.45544  7.13526  3.61766 -6.16079  3.61766  5.63851
-89 -75   1 -178.981 -150.708  2.51135   5.04129  -1.26046    1.6782  -1.26046   2.05897 -0.572315    1.6782 -0.572315    4.7652
-121  -75    1 -243.334 -151.682  2.63568  5.03928 -1.88372 0.441099 -1.88372  31.1809 -16.6702 0.441099 -16.6702  32.6469
-118  -76    1 -237.579  -152.24  3.28467    38.2935    37.8495 -0.0343738    37.8495    59.7186   -3.47457 -0.0343738   -3.47457    3.46756
-111  -76    1 -222.414 -152.736  3.15238  86.0392  70.0532 -43.1406  70.0532   63.404 -35.7197 -43.1406 -35.7197  25.6442
-87 -75   1 -175.388 -150.521   2.7671  8.98994 -2.15955 -1.70254 -2.15955  12.5582  1.89534 -1.70254  1.89534  5.48048
-91 -75   1 -182.625 -150.782  3.04923   16.6144   2.30893   2.35018   2.30893   50.3906 -0.705284   2.35018 -0.705284   3.41674
-90 -75   1  -181.44 -151.081  2.94843   2.32039   1.32734  0.653399   1.32734   5.12017 0.0578185  0.653399 0.0578185    3.0222
-111  -75    1 -223.123 -151.181   3.2081  4.42532 -4.16194  1.78275 -4.16194  10.0884 -3.35516  1.78275 -3.35516  4.59323
-119  -75    1 -238.247 -151.197  2.34507  47.2203  9.83605  1.06684  9.83605  33.3939 -4.33344  1.06684 -4.33344  10.7628
-118  -75    1 -237.384 -151.546  2.46281 8.64813 1.80293 3.55266 1.80293  8.0891 1.29739 3.55266 1.29739 11.1139
-96 -81   4 -192.688 -163.279  8.76148   362.44  434.261 -329.417  434.261  560.396 -396.221 -329.417 -396.221  303.722
-78 -76   1 -157.346 -152.781  2.78604  8.04439  6.60282 -4.26306  6.60282   14.942 -2.61375 -4.26306 -2.61375  12.8833
-80 -76   1 -160.484 -152.365  2.63239   341.13 -321.831  89.2747 -321.831  833.337 -349.325  89.2747 -349.325  161.443
-90 -76   1 -180.722 -152.532  3.06383   5.44549 -0.375711  -1.28059 -0.375711   16.2761  -2.80556  -1.28059  -2.80556   3.77547
-91 -75   4 -182.601 -150.413  8.76751 10.6803 6.63181 -2.3746 6.63181 29.5736 -1.3405 -2.3746 -1.3405 5.81757
-121  -76    1 -243.281 -152.594  3.03133   7.39053   1.73572   1.25212   1.73572   4.60714 -0.408295   1.25212 -0.408295   3.97941
-88 -76   1 -177.046 -152.958  2.80284    3.385   3.2374 0.339289   3.2374   12.324 -6.81356 0.339289 -6.81356  8.21014
-119  -76    1 -238.463 -152.647  2.62896   5.95199  0.667299 -0.242639  0.667299   4.86563 -0.727687 -0.242639 -0.727687   3.54015
-89 -76   1 -178.478 -152.552  2.76349   4.05243  -2.26261 -0.931989  -2.26261   5.42383 -0.363398 -0.931989 -0.363398   3.64416
-81 -76   1 -163.492 -153.747  3.00423   50.737 -73.7579  12.0064 -73.7579  458.918 -63.0549  12.0064 -63.0549  11.7733
-87 -77   1 -174.679  -154.58  2.26077  35.9974 -166.721 -216.356 -166.721  1170.88   1597.3 -216.356   1597.3   2204.4
-88 -77   3  -177.21 -154.781  7.55737  6.55126  5.72408 -9.13685  5.72408  7.16452 -10.4614 -9.13685 -10.4614  18.4155
-89 -77   1 -179.473 -155.121  2.26332  55.6337 -119.119  -118.91 -119.119  278.321  264.796  -118.91  264.796  288.549
-109  -77    1 -218.995 -154.702  3.06144    22.4072   -7.06185   -3.09941   -7.06185    11.3689 -0.0474813   -3.09941 -0.0474813    3.63343
-90 -77   1 -181.398 -154.517  2.78971  9.87677  2.57821  2.36531  2.57821  10.2683 0.718569  2.36531 0.718569  3.13929
-81 -78   1 -162.873 -156.736  3.12861  55.0527 -19.6757 -1.70292 -19.6757  12.3309  2.23823 -1.70292  2.23823  3.85625
-111  -78    1 -222.955 -157.159  2.95728  33.3807 -29.3087  2.33094 -29.3087  49.1071 -1.47339  2.33094 -1.47339  4.10402
-108  -75    4 -216.941 -151.291  9.41335  28.8618   1.4357 -37.0351   1.4357  7.08588 -3.58553 -37.0351 -3.58553  54.5732
-111  -75    2 -222.859 -151.034  4.94211   3.03304 -0.361701  0.078277 -0.361701   4.18483    2.5478  0.078277    2.5478   9.49883
-78 -82   1 -156.648  -164.96  2.84243  140.397 -48.2399  -27.888 -48.2399  25.0333  9.30824  -27.888  9.30824  8.10062
-92 -86   1 -185.648 -173.112  2.45831  212.59 459.151 596.846 459.151  1109.1 1420.94 596.846 1420.94 1831.29
-89 -78   0   -179.3 -157.308  1.85157  318.659  369.955 -27.0807  369.955  434.243 -36.7484 -27.0807 -36.7484  44.5509
-111  -76    0 -222.904 -152.405  1.33065  78.9859 -14.1923  3.66155 -14.1923  20.5951  3.17725  3.66155  3.17725  11.7361
-81 -75   0 -162.625 -151.619   1.1297  55.3881 -33.0766 -17.2832 -33.0766   44.579   11.458 -17.2832   11.458  16.1392
-93 -87   3 -187.062 -174.889  7.19744   2.43358  -1.15093 -0.131865  -1.15093   4.99314 -0.780819 -0.131865 -0.780819   3.11642
-75 -77   0 -151.237 -155.368  1.30316  227.307 -354.251    73.97 -354.251  664.266 -164.177    73.97 -164.177  54.9433
-96 -82   0 -192.922 -164.715  1.23137 45.7563 50.3055 42.4951 50.3055 108.199 74.8972 42.4951 74.8972 62.2636
-104  -76    0 -209.427  -152.45 0.429567  1226.46 -304.074  231.941 -304.074  104.406 -55.4369  231.941 -55.4369  54.3077
-78 -76   0 -157.228 -152.907 0.618633  7.59209  10.4125  0.97249  10.4125  43.6711 -11.8662  0.97249 -11.8662  10.2371
-80 -75   0 -161.385 -151.234 0.222471 539.577 462.707 870.469 462.707 403.032 753.539 870.469 753.539 1419.54
-79 -80   0 -159.036 -161.743 0.705572   86.175 -111.489 -15.3383 -111.489  295.658  29.3251 -15.3383  29.3251  4.38462
-92 -75   0 -184.873 -150.437 0.576746  2.89996 0.308961  1.64375 0.308961   11.577  2.65859  1.64375  2.65859  4.30754
-90 -78   3 -181.596 -157.214  6.34329  375.181  130.964 -21.7622  130.964  48.7099 -7.91918 -21.7622 -7.91918  15.0409
-104  -75    0  -209.43 -150.952 0.430811   8.14764 -0.961089   1.82768 -0.961089   3.30173 -0.147651   1.82768 -0.147651   3.75549
-77 -75   0 -154.314 -151.414 0.474652 176.887 137.793  55.917 137.793 128.907 51.8466  55.917 51.8466 22.3956
-91 -76   0 -183.236 -152.322  1.09336  20.5017 -5.64177  4.79617 -5.64177  11.4691 -1.15223  4.79617 -1.15223  2.97694
-84 -79   0 -169.511 -159.228  1.02988  10.7341 -5.40446  1.24116 -5.40446  12.3259 -5.31171  1.24116 -5.31171  4.28072
-90 -77   0 -181.223  -154.29  1.06712  18.0285  18.8764 -1.84633  18.8764  29.2299 -2.39402 -1.84633 -2.39402   0.9572
-123  -85    0  -246.902   -170.56 -0.916047   19.453 -42.9078 -205.931 -42.9078  335.381  1808.16 -205.931  1808.16  10444.7
-96 -82   1 -193.506 -165.224  2.87025  17.0659  6.49881  5.48966  6.49881  9.21273 0.679462  5.48966 0.679462  4.86907
-93 -75   0 -186.506 -150.486  1.03593  19.5779  10.7799 -3.05162  10.7799  12.2443 -1.05626 -3.05162 -1.05626   1.4076
-80 -76   0 -160.811 -153.358  1.04216  13.9781  5.62797 -6.56202  5.62797  11.0042 -4.64659 -6.56202 -4.64659  4.85452
-84 -77   0  -168.93 -155.532 0.140505   11.9198  0.124143   2.75279  0.124143   2.28286 -0.191997   2.75279 -0.191997   1.85411
-87 -75   0 -175.349 -150.688 0.469638  428.084 -134.316 -49.5856 -134.316  49.1437  14.7752 -49.5856  14.7752  6.32537
-77 -81   0 -155.296 -163.093 0.197587   483.411  -297.739  -6.19994  -297.739   206.592 -0.455455  -6.19994 -0.455455   1.57488
-87 -76   1 -175.329 -153.289  2.51952   3.22066 -0.862059   1.93056 -0.862059   9.56868  0.522977   1.93056  0.522977   8.87554
-109  -77    0 -219.545 -155.206 0.638348  39.3483 -26.7257 -4.56321 -26.7257  100.105 -13.5552 -4.56321 -13.5552  4.95505
-82 -75   0  -165.248  -151.389 -0.781567  15.0704  11.7317 -4.40182  11.7317  13.8123 -2.63149 -4.40182 -2.63149  2.64419
-87 -76   0 -175.153  -153.55   1.3595   4.84835   -7.4592 -0.125237   -7.4592   49.6933  -2.80828 -0.125237  -2.80828   1.25418
-80 -77   0 -161.461 -155.128 0.579409  4.51066  0.19357 -1.09763  0.19357  3.19269 0.994905 -1.09763 0.994905    1.657
-82 -78   0  -164.225  -156.678 -0.276664  55.9498  18.9688 -8.51678  18.9688  70.2283 -6.14688 -8.51678 -6.14688  2.28641
-76 -75   0   -152.662   -150.668 -0.0773318   6.83857   13.8475 -0.768245   13.8475   41.3798  -2.03093 -0.768245  -2.03093   1.13279
-76 -76   0   -153.316   -153.198 0.00817207  9.78927  7.40655  -3.1822  7.40655  23.4642 -11.6353  -3.1822 -11.6353  6.13136
-91 -77   0 -183.044  -154.49 -0.88242  3.01504  3.84294 0.810885  3.84294  15.2381  10.8266 0.810885  10.8266  12.7107
-118  -75    0 -237.173 -151.473 0.380565   5.1284  2.71427 0.926757  2.71427   11.993 0.135518 0.926757 0.135518  1.65913
-79 -76   0 -158.843   -152.8  1.30433  93.1057  -157.62 -28.7906  -157.62  310.137  52.8695 -28.7906  52.8695  10.2349
-81 -76   0 -163.297 -153.429  1.19978  182.495 -35.4884  6.05143 -35.4884  13.9098  5.27742  6.05143  5.27742  8.20734
-84 -76   0 -169.237 -153.091 -1.43206 666.742 313.588 928.931 313.588 153.153 440.363 928.931 440.363 1321.85
-121  -77    0 -243.446 -154.305 0.872741  5.58333 -0.32921  1.08031 -0.32921  34.0595 -1.39292  1.08031 -1.39292  1.64224
-111  -78    0 -222.881 -157.057 0.201506    18.4824    1.07097   0.520107    1.07097    61.3987 -0.0801134   0.520107 -0.0801134   0.658307
-84 -75   0  -168.94 -150.118 -1.55485  22.2044  79.8659 -42.5506  79.8659  387.464 -178.907 -42.5506 -178.907  107.798
-75 -75   0   -151.375   -150.677 -0.0507754    5.24559 -0.0707085  -0.615101 -0.0707085     9.0979   -2.23225  -0.615101   -2.23225    1.86435
-90 -75   0 -181.052 -150.851 0.269083   2.65287  0.800402 -0.549373  0.800402   2.76172  0.214024 -0.549373  0.214024  0.856473
-122  -75    0 -244.644  -151.48  0.73982    8.7231  -7.38546 -0.482454  -7.38546   22.0747   1.60722 -0.482454   1.60722  0.959976
-88 -76   0 -177.086 -152.756 0.337813  3.10587  1.31014 0.163178  1.31014  6.25326  1.10732 0.163178  1.10732  1.38221
-89 -76   0 -178.766 -152.513 0.890254   4.59421  -1.21161 -0.457591  -1.21161   4.09834 -0.208102 -0.457591 -0.208102   1.13487
-120  -76    0 -241.655 -152.709 0.475735  85.9965  -72.721  67.4904  -72.721  89.8601 -72.4424  67.4904 -72.4424  62.0863
-110  -77    0 -220.549 -155.202 -0.55574  25.3309   14.329  -2.6483   14.329  15.8835 -3.59855  -2.6483 -3.59855  1.75977
-81 -77   0 -162.973 -155.222 0.433532   2.51574  0.124765 0.0489615  0.124765   2.15067  0.251473 0.0489615  0.251473   0.77114
-110  -78    0  -221.421  -157.068 -0.101151    11.7782   -10.2523 -0.0855685   -10.2523    19.3877  0.0377499 -0.0855685  0.0377499    0.27197
-83 -78   0  -166.694  -157.407 -0.195327  24.4813  3.50756  1.23048  3.50756  17.4022 -1.84611  1.23048 -1.84611 0.942918
-102  -83    0 -204.224   -166.9 -1.73872  135.071 -41.6211  26.9323 -41.6211  139.305 -835.179  26.9323 -835.179  5700.33
-121  -75    0 -243.017 -151.347 0.414705    4.96054    3.21811 -0.0164316    3.21811    10.1849  -0.130328 -0.0164316  -0.130328   0.836796
-88 -75   0  -177.09 -151.062 0.213282   4.35683  0.736196 -0.366005  0.736196   6.01203  -1.59374 -0.366005  -1.59374   1.66423
-89 -75   0  -178.856  -151.539 -0.129312   6.27921   2.52767  0.487276   2.52767   6.68341 -0.721685  0.487276 -0.721685   1.07331
-119  -75    0  -238.503  -151.369 -0.250618   7.86396 -0.763909  -1.19367 -0.763909   7.16203 -0.273966  -1.19367 -0.273966  0.837531
-77 -76   0  -154.417  -152.484 -0.391462   147.68  131.729   -46.65  131.729  161.848 -47.9307   -46.65 -47.9307  15.9558
-119  -76    0    -238.734    -152.683 -0.00840065   4.85584  0.354532  -0.60772  0.354532   5.86364 -0.412085  -0.60772 -0.412085  0.903238
-121  -76    0 -242.971 -152.869 0.225312    2.5447 -0.423919 -0.208771 -0.423919   3.24996  0.322442 -0.208771  0.322442  0.757172
-97 -82   0 -195.019 -165.201 0.542195   9.21499   13.1087 -0.739948   13.1087   34.2194  -2.21991 -0.739948  -2.21991  0.869494
-90 -76   0 -180.938 -153.128 0.228223    3.88598   -1.16371 -0.0892425   -1.16371    3.98256 -0.0119017 -0.0892425 -0.0119017   0.891406
-118  -76    0 -237.263 -152.396 0.369989   4.2297  1.39774  0.45798  1.39774  10.4703 -1.21916  0.45798 -1.21916 0.918011
-122  -76    0 -244.967 -152.932 0.147759   3.34301 -0.634903  0.576374 -0.634903   3.89457 -0.450506  0.576374 -0.450506   0.85745
-122  -77    0  -244.723  -154.477 -0.269759   6.10836    5.8093 -0.218344    5.8093   31.9627   3.00108 -0.218344   3.00108   1.26837
-116  -81   -1 -233.702 -162.305 -2.14393 32.4477 2.12632 262.369 2.12632 24.5954  265.85 262.369  265.85 5820.75
-117  -81   -1 -234.711 -162.888  -2.1308   19.112 -26.7517 -131.162 -26.7517  70.9643  399.459 -131.162  399.459  2434.56
-123  -81   -1 -246.759 -162.769 -2.21356 4.96542 10.3644 43.3487 10.3644 65.9827 317.457 43.3487 317.457 1621.23
-122  -81   -1 -245.192 -162.858 -2.24472 3.68414 2.80069 19.6177 2.80069 33.7435 232.194 19.6177 232.194 1712.55
-81 -78   0 -163.279  -156.61 0.577749  6.26797 -1.54348 0.220124 -1.54348  6.17309 0.363118 0.220124 0.363118  1.02173
-124  -80   -1 -248.787 -161.044 -2.44919 4.14211 4.16723  14.342 4.16723 12.7145 50.3193  14.342 50.3193 288.928
-122  -80   -1 -245.028 -161.435 -2.45423  1.84822 0.772348  4.90835 0.772348  55.2197  291.691  4.90835  291.691  1786.74
-123  -80   -1 -247.169 -161.236 -2.43928 6.02151 3.42867 40.8388 3.42867 10.0616 42.9928 40.8388 42.9928 436.927
-113  -78    3 -226.806 -157.142  7.51067  1969.88 -275.903  1491.61 -275.903  549.793  -238.95  1491.61  -238.95  1136.17
-89 -77   0 -179.162 -154.603 0.507946   3.25682  0.748177 -0.173695  0.748177    6.4366 -0.716817 -0.173695 -0.716817  0.654711
-115  -80   -1 -231.313 -160.706 -2.59214 18.0032 33.3329 113.757 33.3329 69.3116 252.259 113.757 252.259 1328.65
-77 -77   0 -154.978 -154.479 0.238284  6.67609 -19.6877  11.1329 -19.6877  179.393  -63.398  11.1329  -63.398  32.8359
-113  -80   -1 -226.629 -160.102 -2.44334 37.4332 339.337 24.1877 339.337 3499.59 279.633 24.1877 279.633 35.1976
-107  -79    2 -215.177  -159.06  4.94582  350.583   -303.4  530.386   -303.4  270.246 -461.459  530.386 -461.459  809.033
-121  -75   -1  -243.13  -151.53 -2.52028  17.117 11.8561 2.63751 11.8561 18.2104 -6.9366 2.63751 -6.9366 19.6867
-111  -78   -1 -223.053 -156.922  -2.5153  12.3349 -17.0064 -8.39784 -17.0064  72.9322  25.4603 -8.39784  25.4603  20.4383
-124  -79   -1 -248.526 -159.398 -2.71565 10.7783   14.36  102.11   14.36 87.5949 439.393  102.11 439.393 2404.41
-80 -77  -1 -161.394 -154.545 -2.75214  2.54185 -1.67349  1.38437 -1.67349  5.32232 -1.07108  1.38437 -1.07108  27.1439
-117  -79   -1 -235.417 -158.636 -2.84864 5.89123 14.6645  58.989 14.6645 52.2394 231.225  58.989 231.225 1462.44
-115  -79   -1 -231.454 -158.601 -2.88056   15.297 -16.4203 -51.7597 -16.4203  55.7772  377.265 -51.7597  377.265  3381.25
-122  -79   -1  -245.55  -158.58 -2.68309  382.847  594.895 -148.211  594.895  930.697 -225.146 -148.211 -225.146  80.9661
-116  -79   -1 -232.951 -158.888 -2.88285  21.4468  -36.678 -234.992  -36.678  84.2785  523.151 -234.992  523.151  3396.23
-117  -78   -1 -234.643 -157.707  -3.0395 11.7896 29.5144 165.617 29.5144 135.587 597.589 165.617 597.589 3280.08
-89 -76  -1 -179.616 -153.429  -2.4985  180.324  190.392 -29.3218  190.392  217.927 -36.5565 -29.3218 -36.5565  10.4739
-110  -77   -1  -220.79 -155.286 -2.80265   9.68862   1.36921  -9.50991   1.36921   2.75058 -0.676273  -9.50991 -0.676273   17.2636
-123  -78   -1 -246.951  -156.91 -3.07579  6.01401 -1.62743  46.6565 -1.62743  15.6251  75.7767  46.6565  75.7767  1027.71
-124  -78    3 -248.953 -157.565  6.58675  69.8599 -374.526  63.7731 -374.526  2401.59 -484.854  63.7731 -484.854  116.637
-124  -78   -1 -248.078 -157.111 -3.05241 573.664 11.1678 110.422 11.1678 20.8706 160.695 110.422 160.695 1325.55
-75 -80  -1 -151.732 -160.191 -2.62362  621.322  1160.91 -87.7624  1160.91  2528.94 -198.593 -87.7624 -198.593  22.2923
-117  -75   -1  -234.86 -151.337  -3.0396   36.209 -9.55148 -11.7323 -9.55148  21.5547   44.068 -11.7323   44.068  114.854
-88 -76  -1 -177.507 -152.712 -2.43823   7.86645  0.196582  0.941169  0.196582   2.43576 -0.508359  0.941169 -0.508359   4.06143
-120  -77   -1 -240.636 -154.534 -2.85323  3.77749 0.293863  -2.4793 0.293863   7.2053   2.8934  -2.4793   2.8934  12.9971
-119  -78   -1 -239.263 -157.057 -2.62242 359.347 576.658 363.596 576.658 934.051 589.466 363.596 589.466 375.246
-119  -76   -1 -238.607   -152.8 -2.50203   4.97581  -1.63631 -0.113912  -1.63631   5.86478  -1.17604 -0.113912  -1.17604   7.82801
-122  -77   -1 -244.588 -154.414 -2.64044 33.0839 42.0266 18.4279 42.0266 68.0979 26.9431 18.4279 26.9431 13.5517
-123  -77   -1 -246.995 -155.306  -3.2422  2.77937  1.49748 -1.65141  1.49748  5.38812  19.7008 -1.65141  19.7008  248.129
-124  -77   -1 -248.946 -155.207 -3.17643   3.70256 -0.568524   3.81774 -0.568524   14.7447   32.3537   3.81774   32.3537   112.803
-120  -75   -1 -240.331 -150.657 -3.20127  354.008 -36.5169  191.347 -36.5169  5.81544 -24.0178  191.347 -24.0178  141.742
-118  -76   -1 -237.279 -152.418 -2.88342   8.34682   2.83779 -0.732756   2.83779   9.66484  0.842001 -0.732756  0.842001   5.80312
-122  -76   -1 -244.637 -153.067 -2.79294  5.96968  3.26064 -1.44052  3.26064  6.90181 -2.29412 -1.44052 -2.29412  9.75691
-124  -76   -1 -249.232 -152.956 -3.43181  4.82094 -6.14811  55.2236 -6.14811  32.3537 -2.80199  55.2236 -2.80199  1300.64
-121  -76   -1 -243.378 -152.938 -2.74098   4.05473 -0.106972  -1.03223 -0.106972   5.68074  -1.94412  -1.03223  -1.94412   6.24177
-95 -82  -1   -191.5 -164.405 -3.37427   29.612  14.8357 -2.60156  14.8357  78.7077   381.38 -2.60156   381.38  2142.65
-122  -75   -1  -244.48 -151.273 -2.53983  11.2409  1.18068 0.770795  1.18068  7.33002  3.13053 0.770795  3.13053  4.08452
-118  -75   -1  -236.94 -151.685 -3.28193  13.1747 -25.7276 -5.51075 -25.7276  58.7453   10.271 -5.51075   10.271  11.0839
-123  -76   -1 -247.167 -152.624 -3.47952  15.4577 -16.0271 -117.993 -16.0271  30.4151  254.132 -117.993  254.132  2540.72
-112  -77   -1 -225.019 -154.833 -3.42831  11.5971 -14.2474  85.3619 -14.2474  44.1543 -24.8471  85.3619 -24.8471  1033.22
-97 -82  -1 -195.303 -165.295 -2.92131  56.9517 -56.5012 -16.1423 -56.5012  166.674  11.2935 -16.1423  11.2935  8.17871
-76 -78  -1 -152.414 -156.626 -2.91908  63.3825 -95.7317  1.38275 -95.7317  238.004 -15.2781  1.38275 -15.2781   4.5627
-85 -75  -1 -171.263 -150.541 -3.13076   1.80564  0.570095   1.32978  0.570095   4.33446 -0.425566   1.32978 -0.425566   3.84509
-94 -75  -1 -188.749 -150.936  -3.0356  7.40527 0.237874 -1.89945 0.237874  15.8007 -19.2765 -1.89945 -19.2765  26.4911
-111  -76   -1 -223.024 -152.923 -3.42456  4.38834  2.24349 -1.81247  2.24349  5.35822  2.20907 -1.81247  2.20907  11.8009
-82 -75  -1   -165.7 -150.809 -3.21537  5.72976 -2.52739 -1.13154 -2.52739  18.4375  1.49972 -1.13154  1.49972  2.19372
-87 -75  -1 -175.185 -150.717 -3.43814  4.99297 -7.79818  5.75843 -7.79818  21.1451 -15.2834  5.75843 -15.2834  14.4732
-93 -75  -1 -187.042  -150.99 -3.50864  8.17806 0.148494 -9.19031 0.148494   3.5094 -1.43452 -9.19031 -1.43452  20.2033
-90 -76  -1 -181.209 -152.908 -2.87674 16.8943 30.2901 3.70037 30.2901  78.342  9.5866 3.70037  9.5866 3.61174
-106  -78   -1 -212.999 -156.939 -3.48789 22.3237 91.4939  127.92 91.4939 446.451 625.671  127.92 625.671 881.049
-83 -75  -1 -166.759 -150.514 -3.18812   3.24128  0.972667 -0.777337  0.972667   9.98987   3.53102 -0.777337   3.53102   5.98204
-112  -75   -1 -224.621 -151.199 -3.85177   6.14485 0.0206851  -3.71123 0.0206851   35.7872   289.347  -3.71123   289.347   2669.16
-84 -75  -1 -169.505 -150.412 -2.88778   7.48501  -1.47732 -0.148865  -1.47732   10.6214   3.21309 -0.148865   3.21309   5.18675
-111  -75   -1 -223.195 -151.245 -3.75517   5.4088 0.402062 -4.91568 0.402062  3.67236  3.96372 -4.91568  3.96372  38.1773
-113  -75   -1 -227.207 -151.272 -3.83931   4.09412 0.0303899   2.68474 0.0303899   10.8374   25.2585   2.68474   25.2585   116.566
-110  -75   -1 -220.766 -151.244 -3.73146   8.72649 -0.516833   32.3348 -0.516833   9.46478   13.8861   32.3348   13.8861   173.045
-76 -75  -1 -152.338 -150.917 -2.92637  19.1078 -56.4577   4.2243 -56.4577  230.864 -20.2527   4.2243 -20.2527  4.98611
-91 -75  -1   -182.4 -151.028 -3.19766  6.56021   8.2036 -1.33701   8.2036  49.9082  1.74111 -1.33701  1.74111  4.48996
-75 -75  -1 -151.435 -150.716 -3.17487    4.0398    2.2708 -0.895727    2.2708   5.11926 -0.958185 -0.895727 -0.958185   3.25264
-89 -75  -1 -179.001 -151.381 -2.89965  9.72884 -6.78846   -1.246 -6.78846  14.8308  4.63283   -1.246  4.63283  4.14012
-90 -75  -1 -181.482 -150.507 -3.22631   4.47222   3.52625 -0.613545   3.52625   6.72819 -0.866964 -0.613545 -0.866964   2.41748
-111  -77    3 -222.846 -155.431  7.06067  202.063 -134.143  186.364 -134.143  95.9759 -135.891  186.364 -135.891  213.361
-88 -75  -1 -176.988 -151.136 -3.26339   1.97033 0.0245258  0.126625 0.0245258   7.05067   1.29009  0.126625   1.29009   4.33882
-92 -76  -1 -185.109 -152.634 -3.40614 5.86058 6.72795 1.10387 6.72795 13.6416 3.75616 1.10387 3.75616 3.78099
-82 -78  -1 -164.855  -156.45 -3.16249  129.519 -13.5134 -31.4972 -13.5134  131.769  39.1987 -31.4972  39.1987  19.0587
-81 -76   2 -163.482 -153.455  4.83535  34.5351 -32.6034  7.61776 -32.6034  41.1211 -8.29351  7.61776 -8.29351  5.93894
-102  -82   -2 -204.902   -165.3 -4.25419  4.09443  6.47371 -24.1932  6.47371  44.9199  127.218 -24.1932  127.218  1668.28
-96 -79  -2 -192.801 -159.322 -4.31717    10.4707   -21.3317    2.46805   -21.3317    58.2532 -0.0863805    2.46805 -0.0863805    102.539
-92 -84  -2 -184.885 -169.295 -4.40137  2.89657   2.4292  9.82537   2.4292  46.2907 -72.2121  9.82537 -72.2121  258.617
-110  -79    3 -220.494 -158.794  6.65823  62.9005 -30.0648 -4.08044 -30.0648  23.5038  1.29672 -4.08044  1.29672  4.11271
-97 -82   1 -195.003 -165.091  3.26984   3.83859 -0.200568  0.844533 -0.200568   7.56017  0.739865  0.844533  0.739865   2.97023
-92 -75   3 -184.648 -151.779  6.79736  128.288  -179.77 -1.80651  -179.77  326.146  26.0071 -1.80651  26.0071  12.3751
-75 -75  -2 -151.552 -150.676 -4.76251 4.65375  2.4736 1.92249  2.4736 11.6378 3.52166 1.92249 3.52166 7.45616
-95 -80  -2 -190.648 -160.272 -4.91277  908.649  844.056 -399.011  844.056  812.597 -360.426 -399.011 -360.426  182.357
-91 -76  -2 -182.607 -152.798 -5.30671   25.514  43.7748 -11.3471  43.7748  91.5254 -21.7434 -11.3471 -21.7434  17.1598
-97 -80  -2 -194.528 -161.253 -4.65739  9.20139 -4.86186 -10.4895 -4.86186  10.6681  11.0224 -10.4895  11.0224  19.2305
-92 -75  -2 -185.424 -150.406 -5.18656 110.498 26.2319  44.832 26.2319 24.5508 10.5959  44.832 10.5959 21.7006
-93 -75  -2 -187.296 -150.637 -5.26163  27.422 20.5598 20.6093 20.5598 21.2804 19.5416 20.6093 19.5416 22.2498
-76 -75  -2 -152.241 -150.884 -5.03904   60.9761  -42.2863  -1.56801  -42.2863   53.2434 -0.923184  -1.56801 -0.923184   3.63427
-96 -80  -2  -193.22 -161.038 -4.78584    4.00986   0.297962    2.17681   0.297962    1.78461 -0.0346768    2.17681 -0.0346768    3.60856
-87 -75  -2 -175.106 -151.198   -4.883   2.75907 0.0021863  -1.68075 0.0021863   1.64448  0.174428  -1.68075  0.174428   3.02646
-92 -76  -2 -185.366 -152.387 -5.47029   15.355  10.2451 -13.4497  10.2451  15.3419 -21.6508 -13.4497 -21.6508  42.7848
-110  -78    6 -220.532  -157.11  12.8933  80.1879 -387.322 -87.3601 -387.322  2095.12  488.845 -87.3601  488.845  118.019
-89 -77  -2 -179.717 -154.927 -5.70265   59.941 -7.00966  21.3702 -7.00966   57.618  159.909  21.3702  159.909  519.753
-90 -75  -2 -181.851 -150.818 -5.14997   56.204  11.4665 -5.51579  11.4665  8.68245 -3.49852 -5.51579 -3.49852  4.23906
-91 -75  -2  -182.38 -151.023 -5.08693  6.18017  1.24886 0.859225  1.24886  6.03897  0.35008 0.859225  0.35008  3.20392
-88 -75  -2 -177.073 -151.132 -5.05999   7.21822  -3.50347  -1.01607  -3.50347   7.44741 -0.312068  -1.01607 -0.312068   2.52805
-89 -75  -2 -179.404 -151.138 -5.16657   4.09105 -0.650736 -0.461492 -0.650736   4.66377 -0.106077 -0.461492 -0.106077   2.96452
-91 -75   0 -182.473 -150.958 0.419805   10.4232  -2.48669  0.405364  -2.48669    12.294 -0.337609  0.405364 -0.337609   0.86504
-90 -76  -2 -181.139 -152.611 -4.94553 27.9268 21.9159 8.54143 21.9159 21.7721 5.96589 8.54143 5.96589 5.66454
-88 -76  -2 -177.452 -153.089 -5.30161     11.15  -5.74478  0.521403  -5.74478   5.76632 -0.446348  0.521403 -0.446348   2.07787
-110  -76    1 -221.557 -153.352  3.03554  19.4347  21.0149 -11.3678  21.0149  41.8385  -14.531 -11.3678  -14.531   10.524
-91 -76  -3 -183.396 -152.491 -6.25335  74.6558 -204.546  384.686 -204.546  605.465 -1209.07  384.686 -1209.07  2819.57
-89 -75  -3 -179.329 -151.175 -6.25038  4.72335 -3.73311   1.7248 -3.73311  8.47441 -2.72288   1.7248 -2.72288  19.9187
-91 -75  -3 -182.404 -150.956 -6.33139   14.4407 -0.374616   10.6159 -0.374616   2.36596  -1.38252   10.6159  -1.38252   34.9724
-90 -75  -3  -181.46 -151.426 -6.34701 5.63527 2.99458 3.93818 2.99458 5.85071 2.48259 3.93818 2.48259 31.6713
-90 -76  -3 -180.699 -152.744  -6.4103 80.5129 79.2629 17.2647 79.2629 82.5318 13.8449 17.2647 13.8449 23.7862
-89 -76  -3 -178.621 -153.221 -6.64632  5.17101 -2.07266  4.75222 -2.07266   3.8948 0.996299  4.75222 0.996299  25.7699
-88 -75  -3 -177.156 -151.287 -6.63844 3.07111 1.00833 2.45263 1.00833 4.78648   6.315 2.45263   6.315 20.5548
-88 -76  -3 -176.839 -152.609 -6.59302   6.58858  -1.34875   5.37769  -1.34875   2.28654 -0.235763   5.37769 -0.235763   13.2293
-87 -76  -3  -175.15 -153.296 -6.87186  12.5302 -8.15886 -2.48359 -8.15886   12.475  16.9254 -2.48359  16.9254  116.509
-86 -77  -3 -173.367 -154.577 -6.96147  39.2105 -33.8393 -131.801 -33.8393  128.354  437.463 -131.801  437.463  1539.12
-82 -79   2 -164.272 -159.159  4.65787 402.085 151.034 237.954 151.034 66.1982 100.466 237.954 100.466 159.164
-76 -75  -3 -152.407 -150.903 -7.29929  38.7795  30.2919 -4.88905  30.2919  56.0095 -3.45049 -4.88905 -3.45049  6.22137
-75 -76  -3 -150.902  -152.78 -7.29077  395.864  268.267 -402.446  268.267  189.709 -281.667 -402.446 -281.667  421.717
-122  -76    1  -244.34 -152.835  3.00808   20.2821  0.489178 -0.491467  0.489178   3.80977   -1.3262 -0.491467   -1.3262   4.24268
-76 -75  -4 -152.595 -151.154  -8.1488  6.49014 -5.17455 -18.4033 -5.17455  7.14359  18.3712 -18.4033  18.3712   160.76
-76 -76  -4 -153.344 -153.036 -8.17396  22.5787 -34.7921  52.8382 -34.7921  153.484 -618.828  52.8382 -618.828  3295.29
-75 -76  -4 -150.738 -153.115 -8.27239 54.2247  19.226  236.62  19.226 12.6016 69.0342  236.62 69.0342 1192.98
