-96  25   1 -192.822  50.6551   2.3111  2382.05 -378.387  1991.67 -378.387  70.7069 -349.483  1991.67 -349.483  1840.33
-96  26   1 -192.762  52.8724  2.10134  178.963 -4.24913  8.42872 -4.24913  4.48362 -7.79211  8.42872 -7.79211  79.4492
-96  27   0 -192.634  54.6373  1.86231  1825.21  307.022   -342.5  307.022  57.3822 -60.9449   -342.5 -60.9449  147.313
-96  33   0 -192.276  66.8332 0.707639  2172.97 -370.451 -115.809 -370.451  65.9189  19.8605 -115.809  19.8605  8.44136
-96  28   0 -192.571  57.1215  0.38804  193.548  3.79042   8.0877  3.79042  5.04439 0.879849   8.0877 0.879849    1.368
-96  30   0 -192.476  61.4926 0.597393   193.79 -18.3084  7.53562 -18.3084  5.52308 0.053309  7.53562 0.053309  1.03832
-96  25   0 -192.784  51.6745 0.235689   166.427  -2.43859   10.8149  -2.43859   5.04048 -0.407162   10.8149 -0.407162   1.50609
-96  26   0 -192.719  52.7059 0.753802 371.955 12.3825 21.4182 12.3825 6.66781 2.47301 21.4182 2.47301 2.70271
-96  28  -1 -192.619  57.0126 -2.29413  4359.86  -602.06  77.5617  -602.06  90.4712 -11.8586  77.5617 -11.8586  21.6993
-96  26  -2 -192.669  52.7465 -4.73551   37.3013 -0.251478   5.10103 -0.251478   2.96191   3.91455   5.10103   3.91455   18.6194
-96  28  -2 -192.438  57.0166 -4.66777  40.9033 -6.66007  15.5038 -6.66007  7.46155  1.01234  15.5038  1.01234  17.5862
-96  25  -2 -192.656  51.2319 -4.77038   137.82 -41.3682  50.3818 -41.3682  19.7689 -17.4612  50.3818 -17.4612   38.517
-96  30  -2 -192.368  61.6761 -4.83862  104.121 -6.65929  11.8868 -6.65929   18.036  6.32053  11.8868  6.32053  18.2198
-81  27  -2 -163.214   55.748 -4.86192  69.1272  13.9661  5.80496  13.9661  420.403 -18.4435  5.80496 -18.4435  12.9416
-95  29  -2 -190.556   59.436 -5.30102  21.5982  -8.6361  6.18799  -8.6361  5.90606 -3.50604  6.18799 -3.50604  9.71556
-111   25   -2 -222.885  51.1186 -5.43072  2804.97 -175.932 -3.89179 -175.932  15.2377 -61.9562 -3.89179 -61.9562  2814.65
-95  27  -2 -190.936  54.4068 -5.48545  3284.07  -267.54  3571.04  -267.54   36.456 -252.417  3571.04 -252.417  4108.97
-110   26   -2  -221.13  53.5507 -5.62656 6.67532 77.0061 17.7756 77.0061 2555.19 299.504 17.7756 299.504 81.1662
-95  26  -2 -191.088  53.3929 -5.42781   5.91234   2.16928  0.470357   2.16928   3.35056 -0.320275  0.470357 -0.320275   9.23626
-94  32  -2 -188.511  64.6387 -5.42597 10.3619 2.87995 10.9143 2.87995 13.7124 8.39949 10.9143 8.39949 21.1285
-94  31  -2 -188.626  62.9636 -5.56766  15.3567 0.309569  17.1664 0.309569  4.24679 -4.65031  17.1664 -4.65031  33.9971
-94  30  -2 -189.102  60.8245 -5.65008  13.5024 -5.27511  23.7153 -5.27511  4.37322  -6.7645  23.7153  -6.7645  59.7091
-94  29  -2 -189.032  59.1925 -5.86848  11.2568 -4.42636  11.6107 -4.42636  4.34701 -11.5574  11.6107 -11.5574  99.4038
-82  28  -2 -165.443  56.1321 -4.81296  18.9755 -2.31506  6.08034 -2.31506  39.3302  4.63344  6.08034  4.63344  7.30365
-111   26   -2 -223.129  53.5262 -5.67001   3.30983 0.0607175  -2.49411 0.0607175   15.0733   11.1313  -2.49411   11.1313   18.6174
-112   26   -2 -224.384  53.5642 -5.80008  36.9623 -23.5908 -4.59505 -23.5908  32.8294  13.3919 -4.59505  13.3919  58.7484
-112   25   -2 -224.739  51.3114 -5.74746   1900.02  -53.6141     57.19  -53.6141   3.45783 -0.181442     57.19 -0.181442    54.846
-94  26  -3 -188.605  52.6908 -6.07005  17.6987 -0.70924  92.9841 -0.70924  4.01455 -51.9954  92.9841 -51.9954  1439.59
-93  25  -3 -187.136  50.5727 -6.12882  16.8785 -18.3891  134.169 -18.3891  99.6295  102.569  134.169  102.569  2219.93
-88  28  -3  -176.62  57.4437 -6.17128  10.6242 -2.63419 -154.852 -2.63419  9.52439  19.6279 -154.852  19.6279  4154.47
-89  26  -3 -179.485  52.4121 -6.22008  303.852 -286.043  164.021 -286.043  316.651 -163.797  164.021 -163.797  1098.53
-92  25  -3   -184.6  50.4208 -6.21995 24.9281 16.2631 93.4031 16.2631 13.2825  56.849 93.4031  56.849 1787.49
-90  25  -3 -180.584  50.5379 -6.27108  11.0795  3.50445  5.96402  3.50445  8.68156 -30.3045  5.96402 -30.3045  699.659
