-125  -77    6   -251.6 -155.824  13.0365  727.186 -171.724 -10.7613 -171.724  119.585 -4.67219 -10.7613 -4.67219  12.6064
-139  -79    6  -278.77 -158.816  13.0487  3.19316 -3.07648 0.779279 -3.07648  13.4467  3.06054 0.779279  3.06054  5.74688
-131  -76    6 -262.785 -153.141  12.9405  44.3555  28.0702 -0.14745  28.0702  34.9225  1.04385 -0.14745  1.04385  7.69771
-139  -80    6 -279.663 -161.046  12.5679  2830.84 -3806.26  1164.42 -3806.26  6018.06 -1624.65  1164.42 -1624.65  511.305
-132  -76    6 -264.851 -153.828  12.5681  211.976  227.097  127.065  227.097  1961.65 -93.4194  127.065 -93.4194  116.327
-134  -77    6 -269.257 -154.479  12.5804  13.9961  9.57526 0.506227  9.57526  131.769 -52.9937 0.506227 -52.9937  29.7324
-139  -78    6 -278.256  -157.25  12.8578   155.94 -68.5073   21.218 -68.5073  70.8119 -26.7447   21.218 -26.7447  13.0697
-137  -78    6 -275.291 -156.179   12.522  214.645  428.238 -37.1271  428.238  1399.77 -137.406 -37.1271 -137.406  18.7344
-136  -78    6 -273.707 -157.364  12.7692  456.063 -290.794  21.4312 -290.794  1219.74 -223.092  21.4312 -223.092  46.2697
-129  -75    5 -259.456 -151.472  11.4169  87.8656  19.3107 -118.862  19.3107  10.4123 -24.4264 -118.862 -24.4264  172.246
-139  -76    5 -278.907 -152.161   11.582  25.4778 -19.0884 -38.5429 -19.0884  49.6346  38.3144 -38.5429  38.3144  70.1944
-136  -78    5 -273.861 -157.057   11.057  995.288 -129.103 -352.251 -129.103  19.3134  53.9722 -352.251  53.9722  174.152
-132  -78    5 -264.522 -156.747  11.1448 155.884 540.325 342.128 540.325 1914.57  1205.1 342.128  1205.1 769.321
-126  -80    5 -253.795 -161.202  11.1297 353.906 1005.14 176.337 1005.14 5961.66 733.245 176.337 733.245 112.038
-130  -76    5 -260.566 -152.068  10.4849  28563.2 -13251.2 -26154.6 -13251.2  7309.07  11730.2 -26154.6  11730.2  24225.7
-134  -77    5 -268.577 -155.232  11.2412  261.551 -58.5529  188.546 -58.5529  331.726 -288.352  188.546 -288.352  329.251
-128  -78    5 -257.045  -156.95  10.8991  174.769 -32.0497 -193.411 -32.0497  110.059 -58.5066 -193.411 -58.5066  310.319
-142  -76    5 -285.151 -153.745  10.8965  17.8048  -27.426  27.1845  -27.426  213.152 -106.509  27.1845 -106.509  71.0232
-139  -80    5 -279.635 -160.932   10.798  126.055 -340.194 -104.999 -340.194  1152.51  404.607 -104.999  404.607   156.71
-134  -78    5 -268.379 -156.637   10.706 349.852 75.1233  333.13 75.1233 29.3715 87.0828  333.13 87.0828 337.509
-126  -78    5 -253.303 -157.071  10.9786  65.4977  -45.427 -32.4196  -45.427  209.499 -51.7826 -32.4196 -51.7826  48.9121
-140  -75    5 -281.033 -150.392  10.4212 540.803 423.106 297.181 423.106 340.573 232.349 297.181 232.349 170.925
-139  -79    5 -278.298 -158.462  10.9918  301.443 -9.70794  30.8227 -9.70794   21.006 -1.93232  30.8227 -1.93232  6.52502
-139  -75    5 -279.155 -150.278  10.3636  299.819 -224.628 -112.674 -224.628  184.619  106.281 -112.674  106.281  84.7941
-142  -75    5 -285.446 -150.612  10.4866  19.5023   13.519   4.6436   13.519  16.8738 -1.60308   4.6436 -1.60308  16.3639
-131  -76    5 -262.987 -153.287  10.8192  54.4818 -104.652  4.51374 -104.652  220.599 -11.4773  4.51374 -11.4773  5.21703
-137  -78    5  -274.67 -156.984  10.8068  11.8778 -3.58229  5.64037 -3.58229  5.53549  -3.0099  5.64037  -3.0099  4.97791
-134  -79    5 -268.653 -158.129  10.3859  411.966  781.062 -82.4997  781.062  10644.2 -1877.33 -82.4997 -1877.33  358.916
-137  -79    5 -274.479 -159.127  10.7178   4.48397  -1.00127 -0.463873  -1.00127   2.90157  0.937101 -0.463873  0.937101   1.85769
-138  -79    5 -276.557 -158.467  10.5861  229.976 -52.7508    27.34 -52.7508  31.0414 -24.2447    27.34 -24.2447  27.4877
-132  -79    5 -265.392 -159.843  11.1614  627.539 -51.2699 -43.9827 -51.2699  1219.28  70.2713 -43.9827  70.2713  7.97873
-142  -76    4 -284.107 -153.098  9.47744   476.52 -34.7082  142.969 -34.7082  5.97144 -13.1938  142.969 -13.1938  59.9693
-139  -80    4 -279.032 -160.512  9.35164  267.282 -316.386  165.925 -316.386  643.852 -313.984  165.925 -313.984  158.603
-137  -76    4 -274.867 -153.468  9.09048   115.872 -0.484248   67.3761 -0.484248   18.9612  -21.0065   67.3761  -21.0065   70.8594
-132  -79    4 -265.717 -159.954  9.12768  3444.57  -3597.2 -414.541  -3597.2  5571.66   299.97 -414.541   299.97  68.2827
-127  -78    4 -255.123 -157.524  9.35838  32.3298 -24.9182 -34.3227 -24.9182  359.958 -28.0713 -34.3227 -28.0713  50.6943
-137  -78    4 -274.611  -157.67   8.9731  981.782  1291.43 -711.026  1291.43  3463.31 -2041.68 -711.026 -2041.68  1216.04
-131  -75    4 -262.374 -151.345  9.28528  208.891  74.8492 -74.3601  74.8492  330.951 -270.118 -74.3601 -270.118  227.161
-126  -77    4 -252.153 -155.879  8.62836   4192.6 -8020.78  1481.67 -8020.78    16322 -3103.14  1481.67 -3103.14  620.693
-139  -75    4 -279.669 -150.665  9.18164  52.8473 -16.0117 -15.0924 -16.0117  11.7059  4.46411 -15.0924  4.46411  7.95092
-125  -77    4 -251.306 -155.483   8.8979  121.898 -184.093 -9.62342 -184.093  290.142  10.6792 -9.62342  10.6792  4.67995
-133  -79    4 -267.195 -159.396  8.77391  805.431  -211.36 -130.697  -211.36  464.331  62.4382 -130.697  62.4382  27.9845
-137  -75    4 -274.746 -150.119  8.12653  87.5554  301.464  139.087  301.464   1319.7 -591.426  139.087 -591.426  11005.3
-139  -79    4 -278.114 -158.824  9.31691  1150.96 -1357.36  434.852 -1357.36  2825.41 -737.504  434.852 -737.504  209.526
-148  -75    4 -296.701 -151.808  8.34656  39.8712 -210.859 -51.5388 -210.859  2180.36  176.457 -51.5388  176.457  88.0958
-139  -76    4 -279.681 -152.479  8.64459  265.234 -107.609 -216.378 -107.609   55.137  96.6286 -216.378  96.6286  192.694
-149  -76    4  -299.69 -152.397  9.43328  1019.97 -138.107  121.542 -138.107  1242.43 -56.8147  121.542 -56.8147  17.1499
-137  -79    4 -274.775 -159.033  9.00294  5.33268   -3.599 -3.91535   -3.599  8.65841  8.47662 -3.91535  8.47662   11.629
-134  -79    4 -268.523 -158.316  8.89384  158.061  69.3983 -2.69224  69.3983  272.085 -19.9139 -2.69224 -19.9139  3.66002
-125  -79    4 -250.942 -158.252  8.64537  23.4805 -42.6024  22.4282 -42.6024  121.727 -58.7627  22.4282 -58.7627  35.6767
-138  -79    4 -277.095 -159.127   8.7286  7.98216   24.103 -6.91263   24.103  133.557 -24.7252 -6.91263 -24.7252  9.82578
-142  -75    4 -284.832 -151.192   8.9273  207.705 -199.542  186.092 -199.542  202.553 -180.484  186.092 -180.484  171.518
-149  -75    4 -298.595 -151.574  8.65289  472.674  904.044 -121.596  904.044  1958.38 -253.597 -121.596 -253.597  35.6651
-134  -75    4 -268.574 -151.457  8.20226  5.27512   6.0107 -8.83571   6.0107  16.8483 -13.1749 -8.83571 -13.1749  35.6531
-141  -76    4 -283.799  -152.81  8.71148  83.1023 -26.0108  17.7627 -26.0108  26.5881 -5.34844  17.7627 -5.34844  7.80705
-131  -76    4  -262.86 -152.861   8.7447  16.2418 -8.47591 -2.73748 -8.47591  13.1999  4.82378 -2.73748  4.82378  5.08612
-137  -77    4 -274.734 -154.761  8.57124  47.1823  27.8972 -68.4241  27.8972  59.2321 -107.636 -68.4241 -107.636  213.974
-133  -78    4 -267.581 -156.692  8.75911  141.317  8.89883  23.2083  8.89883  464.941 -112.381  23.2083 -112.381  34.0431
-125  -78    4 -250.777 -157.574  9.19193    6.2376   3.35487 -0.188863   3.35487   4.66931  0.577532 -0.188863  0.577532   1.97324
-129  -79    4 -259.704 -158.825  8.59235   70.421 -34.2981 -20.3463 -34.2981  28.6571  14.6149 -20.3463  14.6149  10.9998
-125  -80    4 -251.031  -160.72  9.05667   481.64  -10.768 -327.027  -10.768  2.84722   7.7016 -327.027   7.7016  225.064
-126  -80    4 -253.362  -161.05  8.71916  10.8544 -11.5406  1.58758 -11.5406   16.983 0.250782  1.58758 0.250782  4.88769
-127  -78    3 -255.025 -157.292  7.86925  105.291 -26.8218 -309.578 -26.8218  314.482 -423.335 -309.578 -423.335  2011.59
-148  -75    3 -297.468 -151.544  7.71335  19.6319 -9.28641 0.881179 -9.28641  12.4168 -12.8584 0.881179 -12.8584  65.1229
-152  -75    4 -304.813  -151.48  8.45716   497.93  452.643 -7.27086  452.643  417.228 -5.68886 -7.27086 -5.68886  6.50185
-125  -79    3 -251.692 -158.736   7.6563   273.59  119.305 -166.606  119.305  795.954  -383.54 -166.606  -383.54  250.483
-149  -75    3 -298.831 -151.588  7.35232  33.0236  11.4515 -7.29884  11.4515  8.58465 -3.52102 -7.29884 -3.52102   8.1317
-141  -76    3 -282.789 -153.135  7.16218   5.53969   2.37232  0.399593   2.37232   4.63717 -0.784884  0.399593 -0.784884   5.68649
-142  -76    3   -285.1 -153.513  6.89441  9.15322 -1.55425 0.574916 -1.55425  8.13524  1.76114 0.574916  1.76114  11.0274
-137  -78    3 -275.108 -156.478  7.20969  1473.84  320.714  -373.42  320.714  196.684 -198.433  -373.42 -198.433   205.92
-140  -76    3 -281.697 -153.633  6.60178 1085.89 805.152 670.653 805.152 654.001 515.933 670.653 515.933 427.346
-142  -75    3 -284.765 -151.289  7.62255 3.42647 9.51294 3.90165 9.51294 114.216 67.9339 3.90165 67.9339 47.8404
-128  -78    3 -256.483 -157.856  6.78259  74.9113 -40.5632 -46.6508 -40.5632  213.332  2.10995 -46.6508  2.10995  37.0645
-126  -79    3 -252.192 -159.453  6.55941   98.348 -38.8366 -42.6965 -38.8366  64.8435  9.30721 -42.6965  9.30721  38.3616
-137  -75    3 -274.842 -150.576  6.81225   3.7661   4.0885 -1.02625   4.0885   17.622 -2.06273 -1.02625 -2.06273  2.48635
-143  -75    3   -287.1 -150.443  6.60787  33.6776 -60.8188  28.1393 -60.8188   116.75 -54.8334  28.1393 -54.8334  34.7882
-137  -79    3 -275.113 -158.742  6.89479  184.066 -125.698  16.5763 -125.698  258.525 -82.8288  16.5763 -82.8288  35.0781
-138  -79    3  -276.73 -159.154   6.9265  2.99027  1.99275 -1.00255  1.99275  42.4983  3.19289 -1.00255  3.19289  3.47867
-126  -80    3 -252.732 -160.396  6.95578  26.4859 -34.5346 -3.30475 -34.5346  54.9184 0.691778 -3.30475 0.691778  6.47385
-125  -81    3 -251.008 -163.128  6.34373    2.0159 -0.786087  -4.78288 -0.786087   5.16115   9.33233  -4.78288   9.33233   78.4318
-141  -81    3 -282.536 -163.223  6.75971   22.922 0.644952 -11.8709 0.644952  33.4666  26.2412 -11.8709  26.2412  34.6272
-138  -75    3 -276.815 -150.546  6.56712  2.99208 0.439633 -1.50979 0.439633  3.30177 0.705994 -1.50979 0.705994  5.81606
-140  -75    3  -280.78 -150.632  7.08816   7.01554   14.2436 -0.908087   14.2436    50.793  -6.02746 -0.908087  -6.02746   4.64992
-130  -75    3  -260.47 -150.355  6.41601  16.1306 -7.38659 0.352332 -7.38659  9.23625 -2.63197 0.352332 -2.63197  9.84392
-152  -75    3 -305.134 -151.242  6.87041  49.7297  -38.679 -14.8755  -38.679  41.1658  12.6748 -14.8755  12.6748  6.37939
-134  -75    3 -268.35 -151.56 7.03577  41.7826  74.7925  0.69134  74.7925  184.204 -6.15839  0.69134 -6.15839   3.3838
-131  -76    3  -262.88 -153.053  7.07765  105.749 -49.7826   2.9917 -49.7826  55.1094 -11.7642   2.9917 -11.7642  6.20649
-133  -78    3 -267.567  -156.96  7.11358  263.661  217.681  -37.613  217.681  368.756 -40.5838  -37.613 -40.5838  8.23541
-134  -79    3 -268.483 -158.373  6.31876   929.62  1417.57 -101.391  1417.57  4164.42 -298.886 -101.391 -298.886  26.1952
-133  -79    3 -266.842 -159.469  6.40596 689.214 886.679 29.0516 886.679 1146.63 35.7725 29.0516 35.7725 5.87917
-136  -79    3 -272.894 -159.797  6.36011  142.388  179.659 -55.0062  179.659  527.801 -175.479 -55.0062 -175.479  85.2089
-131  -75    5 -262.579 -150.396  10.8211  24.9283 -38.7058  44.1132 -38.7058  137.704 -108.787  44.1132 -108.787  108.596
-148  -76    2 -297.056 -153.002  5.71481    11.461 -0.737253  -20.8354 -0.737253   9.13687   20.8067  -20.8354   20.8067   93.3813
-125  -82    2 -250.438 -164.366  5.64747  47.7019 -61.0509 -58.8088 -61.0509  640.837  127.886 -58.8088  127.886  98.2665
-125  -79    5 -251.715 -159.236  10.9461   750.77  187.958 -331.433  187.958  1136.03 -705.607 -331.433 -705.607   504.74
-139  -79    2 -278.311  -159.12  5.32156  17.0272 -1.74157 -7.16639 -1.74157  3.58974 0.922493 -7.16639 0.922493  9.12622
-138  -75    2 -276.974 -151.156  5.11551 29.4683 15.5966 19.2785 15.5966 12.2237 8.53351 19.2785 8.53351 19.1946
-137  -75    2 -275.093 -151.663  4.66348  20.7369  22.8109 -18.1852  22.8109  56.5642 -9.64597 -18.1852 -9.64597  37.3109
-137  -79    2 -275.314 -158.743  4.85817   3.64273  -2.16666 -0.211111  -2.16666   6.03768   1.58717 -0.211111   1.58717   5.46666
-136  -80    2 -273.018 -160.399  5.24062   3.70085 -0.863249  -1.87656 -0.863249   3.32765  0.379554  -1.87656  0.379554   4.54271
-133  -76    2 -266.457 -153.025  4.54533  701.61 2784.99 1007.51 2784.99   11809 4359.85 1007.51 4359.85 1641.71
-125  -81    2 -251.385 -163.066  5.04535    6.97315   -5.09288 -0.0382402   -5.09288    15.9973    1.72483 -0.0382402    1.72483    3.73574
-139  -75    2 -278.792  -150.67  4.77236  13.9546  9.68804 -8.16829  9.68804  8.87946 -6.10239 -8.16829 -6.10239  6.90054
-128  -75    2 -256.849 -150.234  5.35776  23.6599  51.4642 -4.73764  51.4642  188.928  -8.2757 -4.73764  -8.2757  3.61974
-140  -75    2 -280.784 -150.782  5.24482  11.4552 -8.59293 -3.29734 -8.59293  24.6149   2.6087 -3.29734   2.6087  3.93678
-133  -75    2 -267.613  -151.47   4.6796 88.9799 144.406 46.9709 144.406 390.304 97.9316 46.9709 97.9316 35.1128
-149  -76    2 -299.089 -152.264  4.83024 187.055 229.615 76.5122 229.615 1005.31 305.231 76.5122 305.231 94.2768
-131  -76    2 -263.002 -153.343  4.92504   14.1111   2.16955 -0.667976   2.16955   3.89249  0.846893 -0.667976  0.846893   3.61791
-142  -76    2 -285.229 -152.436  4.62405  10.3589 -2.44606  4.83164 -2.44606  3.27062 -2.14235  4.83164 -2.14235  6.60929
-133  -78    2  -267.67 -157.148  5.24713  199.649 -23.3337  4.83805 -23.3337  435.466 -92.3831  4.83805 -92.3831  22.5303
-130  -79    2 -260.329 -158.952  5.00518    71.59  21.3488 -12.3026  21.3488  155.554 -6.35639 -12.3026 -6.35639  4.47898
-138  -79    2 -277.079 -159.099  5.22362    2.83839    7.09867 -0.0317459    7.09867    544.796    30.7467 -0.0317459    30.7467    8.01387
-134  -79    2 -268.574 -158.506  4.93731  500.111 -805.931  77.6918 -805.931   1315.4  -129.66  77.6918  -129.66   15.528
-132  -79    2  -264.69 -159.215  5.17914  1046.66  878.832 -221.167  878.832  747.982 -186.373 -221.167 -186.373  48.6689
-141  -75    3 -283.289   -151.5   6.8717  9.23659 -11.1245  5.79866 -11.1245  21.2619 -9.84805  5.79866 -9.84805  7.99815
-141  -81    2 -282.821 -162.989  4.84161 12.0457 6.96328 2.42877 6.96328 8.34265 3.83992 2.42877 3.83992 5.17793
-130  -75    2 -260.678 -150.269  4.92472  60.6143  37.5049 -19.3078  37.5049    121.6 -21.4571 -19.3078 -21.4571   10.063
-142  -75    2 -285.391 -151.091  4.50379   7.84057 -0.890096   2.46191 -0.890096   3.07479   1.01605   2.46191   1.01605   6.35571
-143  -75    2 -286.557 -150.978  5.15608  5.27139 -9.65665  2.94606 -9.65665  42.3551 -17.2724  2.94606 -17.2724  10.2201
-132  -79    3 -265.211 -158.812  6.63831  15.2431 -9.42278  -2.1533 -9.42278  14.2458  8.05686  -2.1533  8.05686  7.61231
-131  -75    2 -263.449 -151.433  4.25666  11.3278 -4.70421 -2.36519 -4.70421   16.221  11.6998 -2.36519  11.6998  23.8246
-141  -75    2 -282.918 -151.525   5.0135 11.4861 6.41108 7.38051 6.41108 8.39946 6.15517 7.38051 6.15517 7.95605
-132  -76    2 -264.632 -152.649  5.45534 7.73544 11.6698 5.59245 11.6698 44.1577 22.1193 5.59245 22.1193 13.8307
-137  -76    2 -274.578 -152.397  4.17938   164.64 -392.849 -134.309 -392.849  974.885  365.141 -134.309  365.141  249.455
-134  -76    2 -269.632   -153.4  4.60976  70.8493 -155.162  50.8399 -155.162  367.647 -122.723  50.8399 -122.723  50.8282
-142  -77    2 -285.362 -154.919  4.77871   47.6745   10.6124  -8.64858   10.6124   5.06414 0.0159224  -8.64858 0.0159224   4.48071
-133  -79    2 -267.198  -159.14  5.05801 176.426 130.125 30.3518 130.125 113.958 16.9906 30.3518 16.9906 9.52922
-126  -80    2 -253.138 -160.507   4.8676  97.8653 -86.4423 -14.0406 -86.4423  81.8778  11.7604 -14.0406  11.7604  6.09493
-134  -79    1 -268.531 -158.422  3.42586  6.92168  14.7124 -7.00006  14.7124  159.213 -17.8606 -7.00006 -17.8606  15.3553
-138  -79    1 -277.053 -159.074  3.59514 526.256 705.664 157.207 705.664 1357.32 184.189 157.207 184.189  58.746
-134  -75    1 -268.654 -150.347  3.20294  12.0197  24.9604  9.26415  24.9604    177.1 -32.6342  9.26415 -32.6342  48.1873
-137  -79    1 -274.882 -158.466  3.36819  10.2571 -12.8837   8.3411 -12.8837  23.4617 -5.17831   8.3411 -5.17831  20.2412
-136  -80    1 -273.138 -160.549  3.42853   9.73372 -0.312964   4.53883 -0.312964   15.9689  -8.52234   4.53883  -8.52234   16.8407
-130  -75    1  -261.09 -150.691   3.3519  18.8567 -14.1093  2.32213 -14.1093  19.4342  -3.8716  2.32213  -3.8716  8.58132
-127  -76    1 -255.181 -153.566  3.41389  111.904 -19.7604 -79.7874 -19.7604  16.4614  8.07266 -79.7874  8.07266  64.2892
-137  -78    2 -274.922 -157.728  5.00784  7.59835  9.02897  2.99941  9.02897  45.2624 -4.37798  2.99941 -4.37798  5.37274
-133  -76    1 -266.356 -152.758  3.10471   66.3927    1.2214   27.0987    1.2214    1.7772 -0.565903   27.0987 -0.565903   15.1072
-132  -76    1 -264.524 -152.406  2.94137    16.287 0.0130307  -5.39252 0.0130307   22.7642  -7.41608  -5.39252  -7.41608   9.22755
-135  -80    1 -271.381 -160.743  2.92467 32.8957 18.0664 47.6657 18.0664 16.3291 23.4474 47.6657 23.4474 78.5772
-135  -75    1 -271.065 -150.579  2.63776    21.125  -8.09584 -0.219137  -8.09584   5.58772   1.30003 -0.219137   1.30003   17.7022
-139  -75    1 -278.827 -150.652   3.1034 21.8666 14.7623 23.1499 14.7623 14.3656 14.1123 23.1499 14.1123 27.7275
-132  -75    1 -264.449 -151.252  2.92751  7.45411 -2.78735 -1.86432 -2.78735  10.2262  5.28261 -1.86432  5.28261  7.94171
-133  -79    1 -267.221 -158.996  2.82559  80.5244  54.1133 -11.4299  54.1133  42.2278 -5.43626 -11.4299 -5.43626  13.0921
-132  -79    1 -264.903 -159.149  2.89254  128.127 -50.0633  -72.189 -50.0633   25.956  32.1943  -72.189  32.1943  45.0452
-141  -75    1 -282.908  -151.27  3.52572  2.67112 -7.21691 -8.06985 -7.21691  70.0447  60.1315 -8.06985  60.1315  56.6557
-142  -75    1 -285.119 -151.085  3.24636  4.90196  2.61174 0.904589  2.61174  8.44337  1.70704 0.904589  1.70704  4.56969
-134  -76    1 -269.587  -153.66  3.05888 266.736 358.078  32.681 358.078 506.917 43.9771  32.681 43.9771  6.0923
-133  -78    1 -267.364 -157.243  3.26456   3.87298  -1.09111 -0.226094  -1.09111   4.26863   1.55817 -0.226094   1.55817   3.02762
-126  -80    1 -253.389 -160.525  3.17115  80.0974 -29.9335 -20.3054 -29.9335  34.9317  2.73953 -20.3054  2.73953  8.02303
-138  -75    1 -276.822 -151.144  2.65301  25.7262  28.5073 -17.7976  28.5073  38.4376 -15.1789 -17.7976 -15.1789  19.8328
-140  -75    1 -280.618 -150.591  2.86858      28.87   -26.0367  -0.921958   -26.0367    30.6704 -0.0367272  -0.921958 -0.0367272    2.97919
-131  -75    1 -263.254 -151.158  3.08475    5.94168 -0.0605803    1.56433 -0.0605803    5.23241    1.69095    1.56433    1.69095    4.45813
-133  -75    1 -267.051 -151.346  2.86762 7.32783 4.33144  2.1567 4.33144 5.88687 1.76836  2.1567 1.76836 3.14894
-142  -76    1 -284.377  -152.18  2.94636  101.009 -36.4524  36.0979 -36.4524  43.2829 -12.0216  36.0979 -12.0216  15.2255
-131  -76    1 -263.139 -152.787  2.88567  5.43581  1.60154  1.08127  1.60154  2.60322 0.962987  1.08127 0.962987  3.36819
-136  -78    1 -273.363 -157.156  2.75956  39.6235 -27.1649 -13.7196 -27.1649  20.8022  8.17441 -13.7196  8.17441   9.1433
-137  -78    1 -274.476 -157.618  2.88753   9.53953   -3.9586 -0.014566   -3.9586   13.9868   2.03539 -0.014566   2.03539   2.96185
-126  -79    1 -252.772 -159.053  2.63994   42.115  60.4681 -27.3399  60.4681  113.924  -57.929 -27.3399  -57.929  36.1042
-130  -78    0 -260.522 -156.556 0.890563  230.439  110.059 -86.2588  110.059  696.458  260.242 -86.2588  260.242  174.741
-132  -76    0 -264.627 -152.876 0.742659 11.9682 1.09695 2.10735 1.09695 10.9599 1.40414 2.10735 1.40414 1.51721
-129  -78    0 -259.582 -156.775 0.515063  82.6577   60.957 -5.08609   60.957  268.776 -43.5771 -5.08609 -43.5771   8.8157
-132  -75    0  -264.47 -150.565  1.26185   12.8235 -0.180965  -2.38308 -0.180965   5.57226 -0.030734  -2.38308 -0.030734   3.06846
-136  -79    1  -273.32 -159.188   3.0302  3.25645 0.634395 0.724677 0.634395  3.86622  2.05256 0.724677  2.05256  5.55901
-127  -79    0  -254.49 -159.192 0.567866  17.7867 -7.01613  3.75959 -7.01613  5.46806 -3.05744  3.75959 -3.05744  2.56117
-140  -75    4 -280.381 -150.733  8.94121 14.3512 8.73308 2.35475 8.73308 20.5091 -1.3154 2.35475 -1.3154  4.3366
-125  -79    0  -251.316   -159.22 0.0924312  5.90308 -15.2058  4.16258 -15.2058  90.2751 -22.0878  4.16258 -22.0878  6.03036
-129  -77    0 -259.769 -155.036 0.464443  759.664   5.2975 -30.0197   5.2975   17.572 0.423723 -30.0197 0.423723  1.97228
-134  -76    0 -268.805  -153.14 0.173993  27.8231 -5.02804   3.5547 -5.02804  9.22231   3.9948   3.5547   3.9948  3.63403
-141  -75    4 -282.402 -150.083  8.60009 16.8207 1.06378 4.14131 1.06378 108.062  6.9374 4.14131  6.9374 4.69175
-151  -75    0  -302.892  -151.373 -0.911847  85.7617 -132.179 -269.635 -132.179  288.129  524.053 -269.635  524.053  992.566
-142  -75    0  -284.723  -151.252 -0.454532  6.94076  5.95872  1.66505  5.95872  13.6844 0.941769  1.66505 0.941769  1.05678
-129  -75    0  -258.831  -150.797 -0.603268   2.39289   0.29768   0.83775   0.29768   2.70471 0.0127337   0.83775 0.0127337    1.1373
-134  -75    0   -269.41  -150.909 -0.564149  4.31724  2.63188 0.949426  2.63188  7.57787  2.53173 0.949426  2.53173  1.87477
-129  -76    0 -258.547 -152.815 -0.69853 6.12098 5.82304 2.56419 5.82304 13.0857 5.92775 2.56419 5.92775 3.08412
-127  -76    0 -255.726 -153.087 -1.53932  226.255 -33.2246 -119.874 -33.2246  11.1983  29.7653 -119.874  29.7653   116.12
-126  -80    0 -253.361 -160.818 0.340774   6.82878    2.9029 -0.269933    2.9029   5.04112 -0.824182 -0.269933 -0.824182  0.876429
-129  -82    0 -258.644 -164.444 -1.72352  313.075  -220.08 -566.611  -220.08  181.768  469.603 -566.611  469.603   1315.6
-143  -75    5 -286.493 -150.556  11.0138  8.9847 4.36016 3.62543 4.36016 28.2741 5.13229 3.62543 5.13229 5.70291
-131  -75    0 -263.227 -150.678  1.17085   3.48589  0.769385 -0.458655  0.769385   4.82127 -0.103711 -0.458655 -0.103711   2.49047
-136  -75    0  -272.435  -151.341 -0.620885  5.87564 -11.5052  4.55422 -11.5052  48.5468 -16.8275  4.55422 -16.8275  7.96856
-133  -75    0 -267.178 -151.353 0.264569   7.01557   4.46098  -1.56566   4.46098   7.21314 -0.995308  -1.56566 -0.995308  0.875966
-127  -75    0  -255.145  -150.582 -0.795376    4.37406   0.790257 -0.0555215   0.790257    3.65041  -0.696063 -0.0555215  -0.696063   0.823416
-138  -76    0  -276.748  -152.977 -0.404246  7.91939 0.495909 0.107627 0.495909  8.42067  1.68049 0.107627  1.68049 0.876438
-127  -80    0  -254.608  -160.941 -0.119503  39.0192  13.4577 -1.16696  13.4577  13.2023 -2.87856 -1.16696 -2.87856  1.34034
-128  -75    0    -257.1  -150.591 -0.529612   3.79208 -0.972141   1.08907 -0.972141   3.81365 -0.901686   1.08907 -0.901686   1.43701
-135  -75    0 -270.798 -150.665 0.128697  11.6832 -2.72605 0.983392 -2.72605  8.27332  2.47398 0.983392  2.47398  1.52498
-140  -75    0  -280.957  -150.485 -0.312021   8.99589 -0.160453 -0.876572 -0.160453   6.96902  0.788908 -0.876572  0.788908   1.02175
-141  -75    0 -282.713 -150.865 -1.05908  47.6512 -45.3238  17.4371 -45.3238  47.0183 -17.2233  17.4371 -17.2233  6.84729
-130  -75    0 -260.949  -150.71 -0.19871   7.1143 -1.74851 0.138553 -1.74851  4.92685 -0.10799 0.138553 -0.10799 0.632059
-128  -76    0 -256.847  -152.93  -1.4106  2.83625 -3.53332 -2.34219 -3.53332  27.4918  17.1305 -2.34219  17.1305  24.6857
-131  -76    0  -263.19 -152.879 0.532858   3.57302 -0.236454 -0.321682 -0.236454   2.76828 0.0289719 -0.321682 0.0289719  0.581374
-128  -75    1 -256.977 -150.363  3.39191 6.41713 9.56694 1.71435 9.56694 32.7126 5.15819 1.71435 5.15819 4.13449
-126  -78    0 -252.702 -157.239 -1.47383 369.244 315.521 101.804 315.521 272.853 86.3829 101.804 86.3829 35.5072
-126  -79    0   -253.01  -159.053 -0.507364   5.43461  -2.45111 -0.343095  -2.45111     3.361  0.230722 -0.343095  0.230722   0.78793
-136  -79    2 -272.939  -159.32  4.86378   3.19935 -0.149932 -0.812735 -0.149932   4.60151   1.18739 -0.812735   1.18739    3.0338
-127  -80   -1 -254.603 -160.796 -2.26788  32.2746 -5.72199  18.9033 -5.72199  11.7854  1.50801  18.9033  1.50801  52.7612
-125  -80   -1  -251.07 -161.002 -2.35208  13.8223 -3.33743  21.2853 -3.33743   3.6408 -5.91665  21.2853 -5.91665  62.5858
-130  -79   -1 -260.957 -158.968 -2.45605 258.154 171.467 446.189 171.467 119.854 298.881 446.189 298.881 798.262
-126  -79   -1 -253.181 -159.281 -2.41541 3.68444 -1.5333 1.29468 -1.5333   6.735 3.29903 1.29468 3.29903 27.9915
-125  -79   -1 -251.035 -159.056 -2.71343 4.26772 1.13809 1.04655 1.13809 5.46547 23.6593 1.04655 23.6593 169.418
-144  -76    4 -288.456 -152.555  8.22724  594.814  2022.94 -946.665  2022.94  7009.29 -3254.03 -946.665 -3254.03  1557.78
-127  -78   -1 -254.618 -156.732 -2.94617  26.5998 -1.23031  114.013 -1.23031  2.53428 -9.25051  114.013 -9.25051  694.964
-126  -78   -1 -253.127 -156.834 -2.90126  4.36428  2.10816 -3.36582  2.10816  11.2294  7.79791 -3.36582  7.79791  25.7308
-129  -76   -1 -258.898 -152.692 -2.93038  4.09394  4.16317 -2.39651  4.16317   8.0124 -3.68065 -2.39651 -3.68065  14.0139
-128  -77   -1 -256.922 -155.406 -2.94549  2.88738  9.32912 -6.33053  9.32912  85.7526 -44.4682 -6.33053 -44.4682  54.2996
-125  -78   -1 -251.049 -156.513 -2.90411   7.63735 -0.523857   18.8024 -0.523857   3.15951  -4.45218   18.8024  -4.45218   134.906
-129  -75   -1   -258.6 -150.867 -2.65332  7.53642 -3.96926  -3.1771 -3.96926  4.39254  1.60891  -3.1771  1.60891  8.94045
-127  -75   -1 -255.357 -150.994 -2.43898   4.31327 -0.247563  -2.99143 -0.247563   2.41442 -0.219712  -2.99143 -0.219712   8.20349
-130  -75   -1 -261.046 -150.895 -2.74657  10.9872  2.40862  3.69838  2.40862  7.46871 -1.41715  3.69838 -1.41715  12.0396
-128  -75   -1 -256.625   -150.6 -2.73119   6.43356   1.25793  -1.08443   1.25793   2.36333 -0.747584  -1.08443 -0.747584   12.8057
-128  -76   -1 -256.782 -152.439 -2.60474     6.107 -0.399023  -4.86703 -0.399023    5.3842   0.62267  -4.86703   0.62267   14.1071
-127  -76   -1 -255.542  -152.72 -2.51454  6.24988 -1.82101 0.960429 -1.82101   4.6165 0.474858 0.960429 0.474858  5.83865
-127  -77   -1 -255.062 -155.001 -3.10072 10.7238 10.0138 23.6191 10.0138 19.7474 50.3626 23.6191 50.3626 186.602
-125  -76   -1 -250.577 -152.687  -3.4446  26.9948  40.1745 -14.8009  40.1745  232.221   943.38 -14.8009   943.38  6478.43
-125  -75   -1 -251.536 -151.646 -3.51452  616.076  556.134 -1761.18  556.134  576.172 -940.654 -1761.18 -940.654    16026
