-172   36    0  -345.512   72.9463 -0.489887  11.1588  11.0995 -3.60066  11.0995  24.0043 -4.07301 -3.60066 -4.07301  3.13825
-156   26   -1 -313.491  53.4267 -2.51855 1947.71 2813.79 320.853 2813.79 4491.42 420.005 320.853 420.005 64.3657
-156   26   -3 -313.199  53.7281 -6.96141   67.3337   41.4047   1.61239   41.4047   54.9565 -0.837089   1.61239 -0.837089   5.53859
-153   34   -3  -306.43  69.4377 -6.98621   83.523 -34.0956  20.7759 -34.0956   17.322 -9.32831  20.7759 -9.32831  12.3047
-153   30   -3 -306.533  60.8558  -6.9324  222.952 -11.0149 -12.5839 -11.0149  2.44303 0.457069 -12.5839 0.457069  3.69726
-153   32   -3 -306.555  64.4313 -6.93233  308.369  13.6975 -32.4913  13.6975  6.12635 0.113652 -32.4913 0.113652  5.53157
-153   25   -3 -306.794  51.1695 -6.77981    75.6496 -0.0694552   -3.35281 -0.0694552    3.47156   -1.57311   -3.35281   -1.57311    4.17829
-153   31   -3 -306.506  62.9166 -7.07475  211.962  57.4142 -22.7189  57.4142  34.7597  -12.294 -22.7189  -12.294  6.44104
-153   27   -3  -306.75  55.0883 -6.78818  265.795  22.1528 -22.0348  22.1528  8.38308 -6.54934 -22.0348 -6.54934  7.54333
-173   36   -3 -346.313  72.8533 -7.02251 132.212     247 7.38773     247  2312.9 -15.378 7.38773 -15.378 3.23134
-153   29   -3 -306.636  59.3394 -7.15183  1065.96  186.166 -90.3944  186.166  36.9904 -16.8001 -90.3944 -16.8001  11.3601
-153   28   -3 -306.566  57.0915 -7.48078 129.585 9.99864 -15.174 9.99864 4.62946 -1.9501 -15.174 -1.9501 6.19909
-153   26   -3 -306.737  52.8802 -7.37968  189.528 -12.5267 -8.40183 -12.5267  17.1789 -12.1042 -8.40183 -12.1042  15.1129
-153   27   -4 -306.808  55.2883 -8.36797  4183.58 -141.136 -933.576 -141.136  9.30402  33.8266 -933.576  33.8266  250.981
-153   29   -4 -306.726  58.8575  -8.2287  2405.93  1.83583  838.522  1.83583  3.32161 -4.23006  838.522 -4.23006  333.694
-153   28   -4 -306.621  56.9496 -8.24442 232.477 33.8663 11.5418 33.8663  10.068 6.06661 11.5418 6.06661 34.0853
-153   30   -4 -306.672  60.4801  -8.4492  101.174   -13.33 -42.3959   -13.33  15.8414  31.5834 -42.3959  31.5834  78.7812
-152   25   -4 -305.016  50.9873 -8.68392  342.615 -16.8858   -151.2 -16.8858  3.85694  11.3565   -151.2  11.3565  141.372
-152   26   -4 -304.984   52.986 -8.64862  277.893  4.56857  -75.874  4.56857  2.72401 -2.51246  -75.874 -2.51246  65.2541
-156   26   -4 -313.031  53.3341 -8.51351  35.8697  5.49313 -10.8478  5.49313  21.5539 -15.7202 -10.8478 -15.7202   20.196
-173   25   -4  -347.36   50.452 -8.91743  48.5209 -27.7873  4.28391 -27.7873  18.7763  -4.9394  4.28391  -4.9394  62.5091
-173   26   -4 -347.264  53.2247 -9.08202  44.9104   87.451  59.5143   87.451  188.685 -6.02581  59.5143 -6.02581  1604.31
-171   26   -4 -343.43 53.0027 -8.6532  25.0148 -1.34525  21.0923 -1.34525  16.8042 -16.5407  21.0923 -16.5407  36.3739
-172   25   -4 -344.658  50.7667 -8.36177  5.06619 -1.58734 -2.01111 -1.58734  6.00186  6.09801 -2.01111  6.09801  12.4001
-157   32   -4 -315.809  65.6143 -8.48753  2046.75  1438.01  -18.338  1438.01   1118.4 -14.2356  -18.338 -14.2356  3.60678
-170   27   -4 -340.907  54.9653 -9.16228  5.67998 0.168806  61.2727 0.168806  3.70964 -35.9829  61.2727 -35.9829  1673.74
-173   36   -4 -346.372  72.6891 -8.75562  23.7343 -37.7815   13.474 -37.7815  151.432  -45.273   13.474  -45.273  16.3615
-168   34   -4 -336.197  69.0112 -9.15608  208.987 -14.8795  99.7036 -14.8795  139.392 -230.888  99.7036 -230.888  427.872
-166   29   -4 -333.235  59.0587 -9.30669  18.4912  20.5994 -15.1341  20.5994  39.6326 -38.3272 -15.1341 -38.3272  50.4971
