-218   25    5 -437.374  50.5645  10.9353  292.029 -98.9763 -55.7224 -98.9763  660.923      205 -55.7224      205  69.2428
-221   28    5 -442.83 56.2946 10.1562 348.501 267.005 199.791 267.005 441.445 330.208 199.791 330.208  301.35
-209   28    4 -418.574  56.1991  8.92316 5064.09 3595.71 1132.96 3595.71  3039.5 994.838 1132.96 994.838 338.727
-212   25    4 -425.451  50.1057  8.76751  111.731  40.0313 -20.8794  40.0313  206.178 -14.0313 -20.8794 -14.0313  13.9094
-221   28    4 -442.866  57.2676  9.13729  199.308 -240.975 -213.851 -240.975  550.817  475.335 -213.851  475.335  415.211
-221   29    4 -442.529  58.3565  9.09121  88.0218  108.798 -33.1813  108.798   419.64 -64.9605 -33.1813 -64.9605  17.6603
-214   26    4 -429.367  53.2279  8.64522 159.991 56.6784 29.3176 56.6784  101.79 21.5966 29.3176 21.5966 9.39579
-206   29    3 -413.491  59.5354  7.04762  668.845  762.573  32.6702  762.573  2810.02 -262.161  32.6702 -262.161  51.0938
-214   27    3 -428.373  55.4652  6.92887  915.453  876.607 -256.339  876.607  965.097 -241.958 -256.339 -241.958  77.1558
-215   30    3 -430.291  61.5215  7.24299 216.007 217.222 110.222 217.222 677.072 280.578 110.222 280.578  122.72
-194   25    3 -388.67 51.6825 6.91364  470.453 -46.8252 -124.452 -46.8252  421.933  89.7579 -124.452  89.7579  51.8684
-193   28    3 -386.874  56.6134  6.91943  1577.03  542.206 -61.6549  542.206  188.517 -21.7287 -61.6549 -21.7287  6.25187
-211   35    3 -423.564  71.6459  6.38963 115.531 176.415 17.5793 176.415 588.583 108.181 17.5793 108.181 28.0844
-224   34    3 -448.54 68.4801 6.61183  106.251  6.65674  25.4073  6.65674  117.469 -6.18873  25.4073 -6.18873  9.25899
-221   29    3 -442.927  58.2256  6.81486  59.4857  44.7994 -1.99089  44.7994   233.93  21.4667 -1.99089  21.4667  4.85642
-209   28    3 -419.012  56.3514  7.08479  1752.76 -98.5732 -301.885 -98.5732   168.95  23.6945 -301.885  23.6945  54.1373
-218   25    3 -436.86 51.2719 6.93896   5.60283   1.34547 -0.256956   1.34547   24.3397  -3.11973 -0.256956  -3.11973   3.42989
-184   26    2 -369.365  52.7606  5.03832  43.7306  -181.61 -171.462  -181.61  867.269   790.79 -171.462   790.79  731.767
-193   28    2 -386.929  56.8221  5.01567   137.49  31.2739 -5.77537  31.2739  46.2933 -17.0562 -5.77537 -17.0562  12.2076
-209   28    2 -419.214  56.4266  5.17759   297.77   260.24 -99.6975   260.24  1322.67 -173.697 -99.6975 -173.697  45.6707
-187   26    2 -374.25 53.5937 4.69997  402.091 -491.677 -34.8759 -491.677  848.791  95.0434 -34.8759  95.0434  27.9146
-224   34    2 -448.582  68.4924  4.85434 111.143 101.722 23.9901 101.722 247.631 28.3175 23.9901 28.3175 8.47487
-215   31    2 -430.189  62.2126  4.84091  1066.17  1917.62 -22.9743  1917.62  3786.39 -28.3457 -22.9743 -28.3457  5.82125
-221   29    2 -443.097  58.2615  4.75699  38.7415  31.9922 -4.53308  31.9922  93.3859 -5.39847 -4.53308 -5.39847  4.31622
-214   27    2 -429.194   54.441  4.91378     25.199   -15.0406   -2.36628   -15.0406    14.0295 -0.0688917   -2.36628 -0.0688917     3.0943
-186   26    2 -372.318  53.5853  4.83041  6.83669 -4.39809 -4.76293 -4.39809  29.1707   11.484 -4.76293   11.484   8.7952
-218   25    2 -437.071  51.2182   4.8765  50.7974  17.3741   1.1506  17.3741  262.069 -15.1853   1.1506 -15.1853  4.54416
-186   26    1 -372.703  53.8292   3.2358 44.1893 196.045 57.6268 196.045  1028.7 261.357 57.6268 261.357 78.2721
-194   26    1 -389.164   52.386  3.20183  36.9793 -53.2008  -8.4215 -53.2008  105.258  13.9979  -8.4215  13.9979  5.85433
-206   29    1 -413.86 59.5925 3.22446  239.205  96.1675 -32.4181  96.1675  209.725 -17.4665 -32.4181 -17.4665   6.3034
-193   28    1 -387.255  56.6904  2.91738  226.546 -170.102 -29.9376 -170.102  175.364  16.9007 -29.9376  16.9007  6.30245
-220   34    1 -440.165  68.9187  3.20261  234.828 -433.793   15.219 -433.793  1595.04  -89.912   15.219  -89.912  7.54588
-215   31    1 -430.506  62.2791  2.85656  91.8069  139.502 -3.55492  139.502  606.399 -4.12015 -3.55492 -4.12015  2.68864
-212   25    3 -425.705  50.0606  7.26652  91.4092  203.456 -9.79467  203.456  1175.49  17.1942 -9.79467  17.1942  7.04846
-197   30    1 -394.193  60.7548  2.58866  264.033 -402.197  63.5655 -402.197  4013.35  -475.22  63.5655  -475.22  61.5916
-199   29    1 -398.08  59.297 2.48805  1223.41  269.031  8.17756  269.031  748.318 -15.5856  8.17756 -15.5856  6.40223
-221   29    1 -443.259  58.3433  2.95409  32.6036  20.7811 -1.23783  20.7811  90.5875  1.11933 -1.23783  1.11933  2.36201
-209   28    1 -419.513  56.3957  2.88814  70.7142  73.6211 -9.78756  73.6211   205.98 -7.36548 -9.78756 -7.36548  4.79547
-218   25    1 -437.213  51.1858   2.9906  104.602   14.452 -11.4609   14.452  193.832 0.132326 -11.4609 0.132326  4.17751
-211   35    2 -423.49 71.8827 4.96421  48.3579 -44.9023 -10.6354 -44.9023   1051.8  174.355 -10.6354  174.355  32.6025
-185   26    0 -371.798   53.802  1.22006  18.0159 -39.3225 -1.07032 -39.3225  254.998  -8.6575 -1.07032  -8.6575  5.33283
-217   30    0 -434.824  60.3079 0.655024  182.544 -335.334 -6.88461 -335.334  896.461  26.8172 -6.88461  26.8172  2.01148
-188   33    0   -376.118    67.8273 -0.0323514  296.418 -553.393  24.5984 -553.393  1420.38 -57.6211  24.5984 -57.6211  4.04685
-214   36    0 -429.624  73.6396   0.2905  186.969 -101.755 -4.73342 -101.755  871.558  33.6612 -4.73342  33.6612  2.19272
-223   31    0 -447.899  62.6361 0.454266  1183.03 -283.147 -31.4305 -283.147  1008.92  -25.908 -31.4305  -25.908  3.41827
-196   35    0 -392.178  70.0782 0.368218  135.637  16.1507 -9.95279  16.1507  617.698 -29.6475 -9.95279 -29.6475   2.6698
-222   29    0  -445.378   59.8142 0.0101838   956.792 -0.832946  -72.1018 -0.832946   962.104  -11.0406  -72.1018  -11.0406   6.52942
-219   31    0 -439.256  63.2604 0.343331   540.869   98.5075   -14.023   98.5075   777.323 -0.312209   -14.023 -0.312209   1.18378
-214   26    0 -428.971   53.713 0.196748  41.1195  39.7767 -1.16082  39.7767  99.6339 -3.76526 -1.16082 -3.76526  1.47528
-214   27    1 -429.311  54.1898  2.89621   32.5628  -35.3328 -0.419177  -35.3328   98.6343  -7.39764 -0.419177  -7.39764   3.92614
-211   36    0 -423.829  72.2935 0.477933  78.6343 -47.3959 -5.57539 -47.3959  289.032  18.0425 -5.57539  18.0425  1.99633
-185   35    0  -371.398   70.8504 -0.104335  7.36356 -12.8669  1.79968 -12.8669  307.415 -15.3075  1.79968 -15.3075  1.89824
-189   30    0  -379.426   61.7389 0.0441783    11.8481    27.1359 -0.0502101    27.1359    88.3405   -4.88762 -0.0502101   -4.88762    2.10552
-200   30    0  -401.904   61.3634 -0.449352   1437.11  -341.978   12.4884  -341.978   214.433 -0.194472   12.4884 -0.194472   1.69381
-223   27    0  -447.608   55.8509 -0.335959  1415.31 -3.80586  -177.17 -3.80586  1436.87 -30.3579  -177.17 -30.3579  24.3008
-200   32    0 -401.912   65.471 0.224426  387.069 0.294989 -19.3352 0.294989  387.946  5.89808 -19.3352  5.89808  1.44506
-189   31    0 -379.461  62.1843 0.810269   36.3871   1.23117 -0.904064   1.23117   145.876   8.61226 -0.904064   8.61226   1.18669
-210   28    0  -420.051     56.22 -0.865765  715.344    282.4 -60.6076    282.4  429.351 -53.5784 -60.6076 -53.5784  9.87364
-222   27    0  -445.175   55.0023 -0.410742  322.293 -325.202 -42.3435 -325.202  348.312  45.3691 -42.3435  45.3691  7.34991
-220   27    0   -441.07   54.5756 -0.400539  238.329  259.147 -39.2042  259.147  304.069 -54.3013 -39.2042 -54.3013  13.3537
-206   29    0 -413.823  59.6897 0.144554  177.038 -30.3571 -19.1498 -30.3571  120.495  3.32534 -19.1498  3.32534  2.89651
-204   26    0  -409.553   53.1228 -0.545854  558.043    137.5 -49.4134    137.5  224.686 -13.7058 -49.4134 -13.7058   5.0041
-211   25    0  -423.529   50.9214 -0.272302  298.871  101.995 -19.7973  101.995  37.0076 -6.83901 -19.7973 -6.83901  2.29207
-197   30    0 -394.419  60.6307 0.290665  106.327  64.1257 -12.3511  64.1257  407.529  -33.163 -12.3511  -33.163  4.10926
-219   28    0  -439.715   57.0288 -0.448491  643.687  25.1852 -34.2156  25.1852  1132.94 -31.8402 -34.2156 -31.8402  3.78591
-209   28    0 -419.784  56.2464 0.290859  71.0813 -16.5034 -2.15589 -16.5034  146.024 -13.4519 -2.15589 -13.4519  2.19247
-184   27    0  -368.859   54.1436 -0.817884  9.85306  -4.8805  -5.3594  -4.8805  710.934 -41.3215  -5.3594 -41.3215  8.77801
-178   25    0 -356.725  51.1903 -1.51881  114.979 -2.02505 -171.751 -2.02505  5.01447  2.68936 -171.751  2.68936  293.219
-202   34    0  -404.288   69.4688 -0.509623  85.3464  140.077 -7.81916  140.077   475.63 -18.1206 -7.81916 -18.1206  1.53489
-224   34    0  -448.48  68.3117 0.341971   36.0237  -21.6433 -0.373681  -21.6433   183.066  -1.02781 -0.373681  -1.02781  0.696651
-176   32    0  -352.517    65.747 -0.598908 77.5509 164.524 1.85748 164.524 713.056 28.0996 1.85748 28.0996 2.41588
-215   31    0  -430.862   62.3078 -0.320493  48.2323  -5.6732 -3.71547  -5.6732  204.541  2.28639 -3.71547  2.28639  1.60309
-220   25    0  -441.307   50.8836 -0.693015  624.971  139.875 -1.85337  139.875  604.627 -59.3491 -1.85337 -59.3491  6.82932
-191   31    0  -383.446   62.0601 -0.507997  297.501  12.8321 -15.1095  12.8321  618.255  13.3327 -15.1095  13.3327    1.705
-190   30    0 -380.266  61.6926 -1.46521  75.8773  -169.35  11.7289  -169.35  1644.81 -198.018  11.7289 -198.018  28.6887
-201   30    0  -402.148   61.3121 -0.443466  121.572  6.04039  2.10039  6.04039  272.385  6.38808  2.10039  6.38808 0.877728
-199   29    0   -398.49    59.411 -0.218014  75.6956  31.1624 -6.28577  31.1624  307.868  5.92123 -6.28577  5.92123  1.62903
-221   29    0 -443.324  58.2879 0.108621   24.4908 -0.395178 -0.962647 -0.395178   78.4699   -2.5625 -0.962647   -2.5625   1.02381
-207   29    0  -414.225     59.54 -0.224731   72.9417  -9.53694  -4.09233  -9.53694   12.5067 -0.629514  -4.09233 -0.629514   1.05575
-189   28    0 -379.111  57.7637 -1.04542  862.596 -963.558 -89.8306 -963.558  1650.93  143.136 -89.8306  143.136  14.8716
-184   28    0 -368.422   56.988 -0.55307  128.184  251.416 -81.2845  251.416  871.406 -237.659 -81.2845 -237.659  68.8346
-191   28    0  -382.638    56.636 -0.160679  92.7541  35.4794 -17.8878  35.4794  443.134 -1.98033 -17.8878 -1.98033  4.45714
-193   28    0  -387.508   56.6871 -0.142003  53.0301  35.9607 -6.92342  35.9607  258.992 -8.65465 -6.92342 -8.65465  1.75734
-179   27    0   -359.06   55.2859 -0.290619  15.2764 -3.76171   -2.222 -3.76171  4.39536 0.590958   -2.222 0.590958   1.0915
-214   27    0  -429.441   54.1826 -0.235139  43.3608  12.8737  -2.8656  12.8737  163.902 -2.86319  -2.8656 -2.86319  1.03632
-216   26    0   -433.622      53.73 -0.0141131  71.5287  116.155 -5.50601  116.155  334.721 -6.70923 -5.50601 -6.70923 0.840827
-194   26    0  -389.378    52.481 -0.185025  50.5922 -27.4972 -3.89666 -27.4972  213.982  12.4802 -3.89666  12.4802  1.73481
-219   26    0   -438.249    52.6799 -0.0540514  462.982  59.6701 -25.2494  59.6701  526.209 -64.5022 -25.2494 -64.5022  9.19099
-218   25    0  -437.419   51.1925 -0.113735  110.535 -44.2527 -7.25059 -44.2527  252.525  3.03965 -7.25059  3.03965  1.12761
-213   25    0  -426.411   50.0702 -0.557684  25.3895 0.452774  -2.2669 0.452774  165.932  6.13082  -2.2669  6.13082  1.46819
-223   25    0  -447.261   50.3451 -0.215683   10.9401  -14.0511  0.357753  -14.0511   25.0278 -0.435064  0.357753 -0.435064   1.11749
-178   25   -1  -356.63  50.8721 -2.13682  111.891 -16.6292  233.195 -16.6292   38.297  136.965  233.195  136.965  1354.66
-218   37   -1 -437.139  74.9672  -2.6844   35.993 -34.8051  121.964 -34.8051  47.3061 -157.479  121.964 -157.479  585.326
-217   37   -1  -434.99  74.7029 -2.81824  18.5318 -33.4472  154.417 -33.4472  72.7152 -314.346  154.417 -314.346  1431.64
-210   28   -1 -420.127  56.0759 -2.73312 290.421 54.5582 -48.286 54.5582 992.517 62.0706 -48.286 62.0706 19.0374
-189   28   -1 -379.168  57.8178 -2.71077  346.142  283.003 -48.3549  283.003  428.804 -48.2276 -48.3549 -48.2276  12.7425
-208   25    0 -416.537  51.0237 -1.48741  742.943 -14.4798 -121.058 -14.4798  2862.88   438.76 -121.058   438.76  91.9986
-201   26   -1 -403.633  53.6515 -2.79597  377.465  264.665 -124.618  264.665  206.121 -77.2453 -124.618 -77.2453  52.3992
-191   31   -1 -383.703  62.0425 -2.86259 513.251 1009.35 -126.49 1009.35 2944.37 -303.63 -126.49 -303.63 37.7256
-219   35   -1 -438.905  70.6142 -3.50994  5.16544  10.4908 -71.0157  10.4908  50.7268 -347.218 -71.0157 -347.218  2686.93
-188   33   -1 -376.195  67.6598 -2.99397  57.4585  1.45152  3.92144  1.45152  288.723 -45.3077  3.92144 -45.3077  9.24852
-186   35   -1 -372.155  70.5953 -3.44344  1119.55 -4031.41  821.038 -4031.41  22581.7 -4848.23  821.038 -4848.23  1071.89
-218   35   -1 -437.115  70.5241 -3.51637  4.22395  7.77206 -32.6521  7.77206  102.358 -512.206 -32.6521 -512.206     2704
-193   28   -1 -387.765  56.6085 -3.00712  71.9596  18.8753 -9.16539  18.8753   168.98 -22.0927 -9.16539 -22.0927  7.19419
-223   37   -1 -446.708  74.5787 -3.71222 793.832 713.472 1223.88 713.472 656.833  1038.6 1223.88  1038.6 2383.61
-216   35   -1  -432.76  70.8073 -3.65156  78.2261 -47.7225  326.281 -47.7225  32.4385 -208.042  326.281 -208.042   1635.4
-202   34   -1 -404.337  69.3296 -3.25362  78.2605  187.138 -7.70851  187.138  865.628 -35.1133 -7.70851 -35.1133  5.16913
-194   33   -1 -388.254  66.3588 -2.87757  366.747  419.525 -58.9966  419.525  1652.94 -133.867 -58.9966 -133.867  15.0587
-205   29   -1 -410.432  58.5959 -3.30798  390.595 -885.307   241.99 -885.307  3951.22 -1134.68   241.99 -1134.68  337.104
-219   28   -1 -439.791  56.9926 -3.04327  437.587  545.052 -15.5728  545.052  2366.36  31.5907 -15.5728  31.5907  4.62075
-203   27   -1 -406.841   54.929  -3.5632 205.786  185.74 66.2071  185.74 171.763 64.1254 66.2071 64.1254 38.9642
-177   26   -1 -355.205  52.6934 -2.91707  17.2557 -134.506 -82.2616 -134.506  1361.71  813.072 -82.2616  813.072  489.627
-212   25   -1 -424.989  50.9044 -3.24385  194.329 -269.257 -39.9039 -269.257  379.475  61.9752 -39.9039  61.9752  17.8467
-183   25   -1 -366.298     50.9 -3.54606  55.245 64.5274 4.37404 64.5274 96.8136 4.99753 4.37404 4.99753 27.4661
-223   25   -1 -447.396  50.4876 -3.13432  287.087  -309.28 -43.5972  -309.28  337.894  48.2648 -43.5972  48.2648  10.0302
-216   34   -1 -433.696  69.6223 -3.73874  10.6211 -3.99398  76.6502 -3.99398  11.7127  -72.679  76.6502  -72.679  980.359
-220   34   -1 -441.047  68.6686 -3.33005  6.72328  -4.6666 -2.44082  -4.6666   14.448  1.73203 -2.44082  1.73203  3.77134
-217   34   -1  -435.11   69.009 -3.75607  2.49909 -4.05737   20.707 -4.05737  26.0908 -161.842   20.707 -161.842  1378.33
-224   34   -1 -448.595   68.204 -3.35626  63.4427  73.4977 -13.8186  73.4977  442.948 -33.8774 -13.8186 -33.8774  11.9393
-205   33   -1 -410.642  67.9008 -3.43634  23.8178 -5.56777 -3.39347 -5.56777    504.6  23.2006 -3.39347  23.2006  7.50383
-184   33   -1 -369.158  67.4465 -3.44152 148.301 257.452  -72.27 257.452 852.079 60.5117  -72.27 60.5117 129.408
-201   32   -1 -402.161  65.2517 -3.42625  764.089 -1142.14 -95.3571 -1142.14  2449.93  148.831 -95.3571  148.831  15.0294
-215   31   -1 -431.135  62.2903 -2.91162  53.8272   26.451 -8.25934   26.451  147.717 -9.14395 -8.25934 -9.14395  4.25537
-195   26    0  -390.439   53.5776 -0.444122   34.9388   28.1591 0.0812222   28.1591   424.224  -31.0077 0.0812222  -31.0077   3.29972
-201   30   -1 -402.148  61.3133 -3.00465  125.163  203.616  -9.4141  203.616  1543.05 -95.0236  -9.4141 -95.0236  7.72413
-199   29   -1 -398.751  59.4457 -3.30708  92.7298 0.703605 -17.7738 0.703605  485.415 -10.6598 -17.7738 -10.6598  6.44082
-209   28   -1 -419.857  56.0633 -2.93552  354.286 -46.1289  26.3815 -46.1289  350.186  22.1935  26.3815  22.1935  7.22008
-209   27   -1 -419.938  55.9733 -3.33691  520.525 -177.039 -16.1419 -177.039  2244.99 -39.2043 -16.1419 -39.2043  3.68272
-210   27   -1 -420.105  55.9584 -3.44068  508.684   1048.3 -33.4294   1048.3  4554.48 -14.3494 -33.4294 -14.3494  11.4796
-211   27   -1 -423.676  55.7919 -3.26257  566.864 -709.576  91.4638 -709.576  1175.58 -159.437  91.4638 -159.437  25.3051
-179   27   -1 -359.382  55.5359 -2.96608  44.3476 0.975198 -8.21136 0.975198  20.2071 -2.38825 -8.21136 -2.38825  6.44533
-214   26   -1 -429.093  53.7869 -2.93325  457.303  170.283  -31.267  170.283  241.164 -25.7219  -31.267 -25.7219  5.66754
-178   26   -1 -356.834  52.8306 -3.36095  2.96579  2.76737 -1.52863  2.76737   10.628  -1.3455 -1.52863  -1.3455   4.9085
-195   26   -1 -390.242   53.341   -3.016  56.3862 -100.198  16.5497 -100.198   581.59 -96.5849  16.5497 -96.5849  18.7483
-204   26   -1 -409.718  53.0853  -2.8294   295.85 -17.9915 -40.2471 -17.9915  1193.87 -41.7242 -40.2471 -41.7242  9.76758
-212   36   -1 -424.356  72.4415  -3.3202  168.665  108.963 -29.4242  108.963  127.096 -15.5461 -29.4242 -15.5461  7.85874
-221   35   -1 -442.773  71.0242 -3.75013  179.971  20.3971 -426.074  20.3971  12.7557 -92.4014 -426.074 -92.4014  1229.57
-218   34   -1 -436.471  68.8482 -3.80599  6.65889 0.987193 -11.7777 0.987193  23.1634 -63.0807 -11.7777 -63.0807  498.952
-219   34   -1  -439.01  69.1086 -3.78281  2.69683  4.92373 -25.5948  4.92373   30.416 -158.307 -25.5948 -158.307  890.088
-206   29    2 -413.567  59.6035  4.90173  105.291  231.414 -4.63082  231.414  746.419  13.3809 -4.63082  13.3809   8.7156
-224   31   -1 -448.087  62.4907 -3.48386  668.466 -620.089 -8.17383 -620.089   1868.9 -67.4083 -8.17383 -67.4083  8.10249
-190   30   -1 -380.411  61.4374 -3.23695   193.87 -114.364 -26.7606 -114.364  589.941  -65.963 -26.7606  -65.963   18.746
-206   29   -1 -413.951  59.6583 -3.07543  926.146 -283.917  10.5714 -283.917  407.507 -30.4706  10.5714 -30.4706  4.12841
-207   29   -1 -414.288  59.4898 -3.22572  29.9477 -4.81828 0.322632 -4.81828   10.204 0.097582 0.322632 0.097582  3.10598
-221   29   -1 -443.532   58.206 -2.90605  25.7932  6.97128 -2.94871  6.97128  66.3212 -4.16008 -2.94871 -4.16008  2.76748
-191   28   -1 -382.959  56.6545  -3.0088  30.2449 -19.6404 -3.76213 -19.6404  30.5461  1.06965 -3.76213  1.06965   3.9982
-222   27   -1 -445.282  55.3842 -3.23481  17.9786 -5.90828 -1.23995 -5.90828  16.5921  5.15904 -1.23995  5.15904  4.28183
-216   26   -1 -433.789  53.7607 -2.86074  1337.23 -229.279 -153.446 -229.279  822.356 -9.32519 -153.446 -9.32519  20.6925
-186   26   -1 -372.829  53.4475 -3.00632  24.6895  16.9413 -4.20472  16.9413  47.5257 -5.23129 -4.20472 -5.23129  5.36328
-194   26   -1  -389.48  52.6043 -2.90473    115.58   39.8682 -0.547024   39.8682   348.398  -11.2986 -0.547024  -11.2986   3.32343
-219   26   -1 -438.363  52.4304 -3.19212  2633.91 -492.215   -137.5 -492.215  1653.19 -13.9155   -137.5 -13.9155  11.9103
-184   26   -1 -369.246  52.7733 -2.87699  15.8011  4.55188 -6.16711  4.55188  3.18891 -1.14916 -6.16711 -1.14916   4.5539
-218   25   -1  -437.66  51.1862 -3.03143   103.48  90.4825 -13.7602  90.4825  457.491 -6.73845 -13.7602 -6.73845  5.21971
-208   25   -1  -416.54   51.052 -3.06759  538.805 -685.072 -27.2173 -685.072   1512.2  29.6651 -27.2173  29.6651  3.28657
-216   25   -1 -432.732  50.8326 -3.50416  274.404 -577.422 -47.8108 -577.422  1264.48  142.686 -47.8108  142.686    51.95
-220   25   -1 -441.202  50.7777  -3.4328 1157.79 152.292 36.1223 152.292 1895.89 2.52056 36.1223 2.52056 7.07558
-211   25   -1 -423.623  50.5834 -3.37157    413.75   130.512   16.2174   130.512   57.5074 -0.318761   16.2174 -0.318761   6.53317
-215   25   -1 -431.218  50.5178 -3.28412  1065.79   333.81 -77.0858   333.81  1422.18 -124.298 -77.0858 -124.298  18.5701
-185   25   -1 -370.952  50.1399 -3.43164  193.839 -598.312 -136.471 -598.312   2188.4  454.944 -136.471  454.944  108.302
-217   32   -2 -435.039  65.4279 -4.24066  3.27112   3.0949 0.960754   3.0949  14.1171  -64.143 0.960754  -64.143   755.31
-205   33    0  -410.426   67.9064 -0.472358 98.2276 65.9282 -13.161 65.9282 527.507 -17.197 -13.161 -17.197 2.85106
-220   33   -2 -440.999  67.0363 -4.24012  10.0603  14.9073  -109.26  14.9073  66.9813 -382.636  -109.26 -382.636  2375.41
-219   33   -2 -439.275  66.9086  -4.2263  4.96424  8.51362 -38.1276  8.51362  44.7511 -198.367 -38.1276 -198.367  943.807
-218   33   -2 -437.378   66.923 -4.12296  6.23775 -3.24543  14.8294 -3.24543  38.0684 -204.003  14.8294 -204.003  1198.29
-218   32   -2 -436.751  65.8077 -4.29232  6.37601  3.45141 -43.1846  3.45141  23.8104  -66.474 -43.1846  -66.474  1241.21
-217   31    0   -435.512    63.9703 -0.0943425   336.11  131.746 -19.1061  131.746  2431.57 -72.0294 -19.1061 -72.0294  5.28539
-220   29    0  -441.455   58.1323 -0.464046  431.621 -53.3894 -16.0599 -53.3894  1635.61 -48.5319 -16.0599 -48.5319  3.80795
-222   34   -2 -444.886  69.1356 -4.30231  9.59864  14.1571 -63.4933  14.1571  32.3832  -129.52 -63.4933  -129.52   588.23
-221   34   -2 -442.717  68.8039 -4.16483   13.429  18.0018 -80.2451  18.0018  35.6958 -140.678 -80.2451 -140.678  635.696
-224   34   -2 -448.528  68.2076 -4.23768  9.99179 -23.9244 -9.73793 -23.9244  212.745  80.8126 -9.73793  80.8126  62.5194
-214   35   -2 -429.233  70.8496 -4.18047  96.1584 -54.3116  264.908 -54.3116  33.2107 -147.167  264.908 -147.167  754.202
-219   32   -2  -438.85  65.0462 -4.45402  12.2398  9.17081 -50.7781  9.17081  30.8784 -191.074 -50.7781 -191.074  1243.26
-214   34   -2 -429.274  68.5452 -4.46444  144.598 -46.8546   439.14 -46.8546  30.8627 -183.153   439.14 -183.153  1461.24
-216   31   -2 -432.891  62.3667 -4.53182  1.98984  1.38575 -2.07114  1.38575  14.2224 -3.49561 -2.07114 -3.49561  41.8091
-223   33   -2 -447.213  66.5057 -4.77474  3.81306  3.06056 -58.9453  3.06056  13.1588 -124.241 -58.9453 -124.241  2111.88
-212   36   -2 -424.485  72.4797 -4.57879  49.9593  243.986 -17.6972  243.986  1282.31 -68.6582 -17.6972 -68.6582  25.9847
-224   33   -2 -448.593  66.9154 -4.74422  9.42554  7.31805 -29.6405  7.31805  90.3835  -434.03 -29.6405  -434.03  2148.94
-221   32   -2 -442.687  64.5095  -4.7382  6.61568  7.39091  -61.857  7.39091  14.4538 -97.9339  -61.857 -97.9339  910.604
-215   31   -2 -430.989  62.3439 -4.43774   12.9909  -7.30674   6.96914  -7.30674   9.62703 -0.591379   6.96914 -0.591379    15.603
-219   31   -2 -439.066  63.1255  -4.6566   5.8695 -2.31849  3.27006 -2.31849  3.68791  -7.8705  3.27006  -7.8705   57.883
-217   30   -2 -435.201  60.7585 -4.68197   3.51314 -0.553193  -1.15486 -0.553193   2.70556  -1.19518  -1.15486  -1.19518   34.8937
-189   28   -2 -379.505  57.8993 -4.58587  864.213  22.3254 -351.127  22.3254  580.423  47.1118 -351.127  47.1118  165.111
-186   35   -2  -372.09  70.5721 -4.67466  264.985 -338.456 -120.216 -338.456  705.181  213.866 -120.216  213.866  78.3361
-214   32   -2 -429.011  65.2772 -4.57639    4.52155 -0.0381402    7.62064 -0.0381402    5.62966    0.99225    7.62064    0.99225     19.192
-222   32   -2 -445.237  64.7187 -4.83894  26.3177 -56.5425    137.2 -56.5425  225.273 -732.744    137.2 -732.744  2683.83
-216   30   -2 -433.009  60.8884 -4.79318  6.18627 -8.81095  78.3408 -8.81095   25.288 -185.773  78.3408 -185.773  1578.32
-218   30   -2 -436.865  60.9023 -4.81149  4.15548  0.90892 -17.8766  0.90892  13.6687 -86.1348 -17.8766 -86.1348  736.526
-224   32   -2 -448.904  64.9402 -4.99426  4.13654  4.36302 -33.6769  4.36302  18.5372 -113.996 -33.6769 -113.996   822.77
-214   31   -2  -429.15  63.1054 -4.96486  68.4494 -37.7871  264.087 -37.7871  23.1128 -152.726  264.087 -152.726  1645.39
-219   30   -2 -438.938  60.9354 -4.83616   4.22834   1.83675  -4.67537   1.83675   2.94653 -0.454919  -4.67537 -0.454919   36.3387
-217   29   -2 -435.132  59.1083 -4.95888  4.67572  5.38804 -55.9748  5.38804  31.9271 -253.716 -55.9748 -253.716  2241.37
-213   33   -2 -426.997  67.0643 -5.00106   26.8848 -0.306287   104.857 -0.306287   3.15226  0.441516   104.857  0.441516    486.75
-223   31   -2 -447.258  63.0411 -5.04902   3.90316  -1.58737   5.47799  -1.58737   3.31138 -0.680342   5.47799 -0.680342   71.1755
-221   31   -2 -442.962  62.8796 -4.96027   6.9413  7.45275 -49.2571  7.45275  25.4065 -135.274 -49.2571 -135.274  784.913
-221   30   -2 -442.873  61.3948    -5.13  6.05733  2.72872 -31.7407  2.72872  14.7663 -61.1264 -31.7407 -61.1264  424.443
-220   30   -2 -440.818  60.8693 -5.01961  4.31422  2.64459 -13.2428  2.64459  6.07966 -16.5913 -13.2428 -16.5913  372.557
-215   30   -2 -431.124  61.2039 -4.83948   11.725  1.38956  28.6627  1.38956  3.36775 -5.18846  28.6627 -5.18846  130.855
-216   29   -2 -432.991  58.4554 -5.05691  9.11104 -12.2884  137.004 -12.2884  35.8268 -350.344  137.004 -350.344  3857.41
-218   29   -2 -436.911  58.9588 -5.02913  6.02267  4.80679 -47.4211  4.80679  11.7899 -102.478 -47.4211 -102.478  1076.02
-204   27   -2 -409.908  54.5881 -4.65767  584.934 -1193.26  164.484 -1193.26  3695.72 -483.002  164.484 -483.002  67.9401
-199   36   -2 -399.179  72.9265 -5.08626  6.68747  16.0178 -52.3106  16.0178  61.4039 -255.957 -52.3106 -255.957  1348.89
-211   35   -2 -422.408  71.1568   -4.991  33.4947 -125.772  56.4184 -125.772  594.219 -269.891  56.4184 -269.891  142.003
-202   34   -2 -404.321  69.2202 -4.86742  25.4605  31.8793 -1.68501  31.8793  1119.01 -37.3538 -1.68501 -37.3538  5.93605
-201   32   -2 -402.376  65.2239 -4.65599  87.5678  197.938 -14.0593  197.938  1233.42 -22.4236 -14.0593 -22.4236  6.14174
-222   31   -2 -444.987  62.8903 -5.04339  16.4883  20.4352 -144.381  20.4352  34.9458  -212.75 -144.381  -212.75  1547.59
-224   31   -2 -448.929  63.0254 -4.94302  4.04729 0.676631 -4.99693 0.676631  3.04787  1.32216 -4.99693  1.32216  15.1826
-200   30   -2 -401.951  61.2658 -4.56745 219.208 152.594 5.30578 152.594  744.88 11.5584 5.30578 11.5584 5.80264
-222   30   -2 -444.863  61.5185 -5.21112  4.12036  1.55467  -40.315  1.55467  9.74622 -57.4365  -40.315 -57.4365   952.32
-219   29   -2 -439.222  59.1623 -5.12248  10.2696  13.6842 -125.923  13.6842   24.951 -208.879 -125.923 -208.879   1977.1
-182   25   -2 -365.172  51.7734 -4.84343  11.1774 -42.3774  25.2836 -42.3774  388.232 -137.126  25.2836 -137.126  69.9733
-208   36   -2 -416.727  72.6175  -5.2754  24.8353   18.615 -150.405   18.615  29.9986 -204.197 -150.405 -204.197  1491.99
-221   27    5 -442.748  55.4857  11.1028  339.56 230.339 154.158 230.339 690.058 649.915 154.158 649.915 635.244
-210   35   -2  -421.32  70.3619 -5.18147 471.808 366.166 50.9548 366.166 290.679 34.6558 50.9548 34.6558 39.1458
-214   30   -2 -428.909   60.559 -5.23421  34.5941 -22.1292  253.665 -22.1292  17.1304  -172.98  253.665  -172.98  2023.54
-220   29   -2 -440.968  59.2593 -5.20836  2.72612  4.33195 -38.7968  4.33195  27.4841 -200.778 -38.7968 -200.778  1641.67
-198   28   -2  -396.28  56.7928 -4.97244  747.941  451.305 -36.2858  451.305  5885.78  83.9081 -36.2858  83.9081  10.5869
-217   28   -2 -434.893  57.1335 -5.19696  2.90766  3.58139 -25.6416  3.58139  34.7703 -235.274 -25.6416 -235.274   1782.3
-218   28   -2 -437.066  57.4982 -5.21161  7.00801  3.71528 -64.8078  3.71528  22.6651 -171.419 -64.8078 -171.419   1655.8
-211   27   -2 -423.792  55.6941 -4.86019  8487.54  321.632 -1291.15  321.632  913.893 -154.986 -1291.15 -154.986  217.899
-196   26   -2 -393.412  52.2734 -4.67679  199.833 -170.642  20.7337 -170.642  2563.52  71.4571  20.7337  71.4571   8.0683
-206   34   -2 -413.494  69.3702 -5.44466  63.9002 -9.47065  150.438 -9.47065  38.2731  153.985  150.438  153.985  2229.44
-224   30   -2 -449.045  61.3257 -5.36861  6.82423  7.99994 -86.0241  7.99994  17.3805 -170.905 -86.0241 -170.905  2003.44
-223   30   -2 -447.144  61.0085 -5.37012  2.45307 0.730836  -10.482 0.730836  10.8083 -83.5835  -10.482 -83.5835  761.608
-214   29   -2  -429.27  58.9587 -5.33943  24.7733 -19.4068  192.094 -19.4068  19.2759 -178.014  192.094 -178.014  1863.52
-221   29   -2 -443.456  58.1773 -4.49747  9.76116 -7.15957  4.84198 -7.15957  16.8835 -2.53699  4.84198 -2.53699  8.51936
-219   28   -2 -439.377  57.0843 -4.90963  111.852 -158.543  66.4381 -158.543  234.933 -93.2609  66.4381 -93.2609   42.493
-215   28   -2 -431.124  57.0327 -5.38196  19.9384 -14.2462  126.073 -14.2462  14.5833 -110.256  126.073 -110.256  976.355
-217   27   -2 -435.123  54.9256 -5.38627  3.49774 -2.63202  52.6916 -2.63202  9.21023  -97.756  52.6916  -97.756  1999.01
-196   34   -2 -392.328  69.8542 -4.87837  34.7827  50.0195 -2.57426  50.0195  515.961 -30.4489 -2.57426 -30.4489  4.85602
-176   32   -2  -353.02  65.6858 -5.34449  6249.96 -2203.08 -1798.92 -2203.08  833.174  611.021 -1798.92  611.021  554.288
-222   29   -2 -445.067  58.7857 -5.16146  4.84783  4.31354 -2.29118  4.31354  7.42405 -4.38888 -2.29118 -4.38888  7.28581
-193   28   -2 -387.783   56.578 -4.81986  115.139 -77.7169 -5.19338 -77.7169  225.938 -6.96326 -5.19338 -6.96326  5.74513
-220   28   -2 -441.406  57.0876  -5.2754  6.31876  2.05177 -1.25296  2.05177  3.95704 -5.01966 -1.25296 -5.01966  18.2333
-218   27   -2 -437.181  54.9957  -5.4151  10.0351  2.86502 -85.8161  2.86502  5.12309 -35.4931 -85.8161 -35.4931  1045.58
-215   25    0  -430.922   50.4684 -0.823822  285.398 -16.0461 -69.1854 -16.0461  70.5953 -2.92035 -69.1854 -2.92035  18.4836
-215   27   -2 -430.698  54.6887 -5.38962  5.29102  1.17878 -10.9571  1.17878  4.51637  2.83117 -10.9571  2.83117  53.5561
-216   27   -2 -432.798  55.0467 -5.44599  4.07883 -3.22323  56.6988 -3.22323  18.3752 -148.048  56.6988 -148.048   1800.2
-217   26   -2 -435.362  53.1224 -5.32549   6.6726 -4.39529  3.57967 -4.39529  6.40713 -2.24667  3.57967 -2.24667  12.0876
-218   26   -2 -436.549  52.9051 -5.47465  37.2362  12.6988   38.342  12.6988  6.50011 -16.0982   38.342 -16.0982  1320.74
-204   33   -2 -408.756  67.4904 -5.61725  7.36818 -16.5949  37.7898 -16.5949  65.2699 -201.475  37.7898 -201.475  835.572
-216   28   -2 -432.984  57.1449 -5.23471  4.75086 -5.38874   43.056 -5.38874  12.5779 -113.386   43.056 -113.386  1278.14
-211   33   -2 -422.913  66.5418 -5.66594  22.2215 -11.1958  131.127 -11.1958  10.0595 -119.064  131.127 -119.064  2389.99
-201   30   -2 -402.206  61.3208 -4.89956  315.676   335.16 -7.42888   335.16  650.339   2.8789 -7.42888   2.8789  3.29233
-223   29   -2 -446.859  58.5616 -5.57268   13.051  20.3791 -150.176  20.3791  41.1598 -279.061 -150.176 -279.061  2259.86
-224   29   -2 -448.821  58.7723 -5.59347    3.86839 -0.0682079   -5.53526 -0.0682079     14.962   -161.222   -5.53526   -161.222     2037.6
-221   28   -2 -443.026  56.8858 -5.48059  4.23238  3.32944 -4.37192  3.32944   7.0636  -7.3105 -4.37192  -7.3105  22.3542
-219   27   -2 -439.054  55.1266 -5.28354  2.48401 0.534421  1.52931 0.534421  3.10122   -1.335  1.52931   -1.335  7.73961
-216   26   -2 -433.259  53.3128  -5.3717  5.87833 -2.54529  8.89162 -2.54529  5.17638 -6.73277  8.89162 -6.73277   24.318
-206   26   -2 -413.713  52.1426 -5.16611  2942.72  1986.42 -70.8814  1986.42  2967.65 -211.405 -70.8814 -211.405  23.1614
-183   25   -2 -366.869  51.5123 -4.84952   31.841 -18.6189 -40.2996 -18.6189  74.1482  61.5612 -40.2996  61.5612  76.5843
-217   25   -2 -434.837  50.7773  -5.3621   2.4556 0.878291 -1.70193 0.878291  3.87393  1.60922 -1.70193  1.60922  10.6321
-213   25   -1 -426.511  50.1988 -3.11739  50.7579 -13.1286 -5.11937 -13.1286  71.4814  6.96139 -5.11937  6.96139   4.0535
-223   25   -2 -447.48 50.4863 -4.9431   329.74 -290.044 -22.4228 -290.044  259.585  18.4196 -22.4228  18.4196  6.56924
-216   25   -2 -433.125  50.6014 -5.11622  6.84302  -6.0265  4.18148  -6.0265  10.6792 -2.15502  4.18148 -2.15502  6.58126
-218   25   -2 -437.483  51.0059 -5.05886  4.24568  0.77699  2.02929  0.77699  7.55112 -2.93487  2.02929 -2.93487   5.9523
-193   37   -2 -387.137  75.2401 -5.57767  11.4407 -8.90549  69.9651 -8.90549   49.423 -255.438  69.9651 -255.438  1423.25
-205   33   -2 -410.814  67.4436 -5.03758   15.918 0.398155  -3.1303 0.398155  7.54364 -5.84838  -3.1303 -5.84838  7.81493
-213   30   -2 -427.056  61.0089  -5.5598  67.9033 -26.6031  285.714 -26.6031  12.8021 -112.281  285.714 -112.281  1231.06
-222   28   -2 -445.056  57.0427 -5.63627  4.75993  1.35911 -30.1731  1.35911  7.24287 -39.9447 -30.1731 -39.9447  493.317
-214   28   -2 -428.753  56.4441 -5.64037  32.0795 -20.2525   241.16 -20.2525  16.8723 -156.992   241.16 -156.992   1959.1
-214   27   -2 -429.656  54.2612 -4.84892   25.2439  -10.0969   3.90069  -10.0969   13.5692 -0.063777   3.90069 -0.063777   5.66504
-210   27   -2  -420.19  55.9028 -4.95765  111.239 -70.1163 -12.9233 -70.1163  1055.56 -37.4771 -12.9233 -37.4771  7.50198
-206   27   -2 -413.572  54.6086 -5.00816  198.566  75.2527  21.5238  75.2527    514.4 -25.3601  21.5238 -25.3601  7.28618
-220   27   -2 -440.957  54.8703 -5.37089  5.38655   1.2422 -1.41872   1.2422  3.99244  1.46742 -1.41872  1.46742  7.56332
-186   26   -2 -372.973   53.287 -4.90508  23.4067  11.0462 -3.17617  11.0462  108.489 -5.83955 -3.17617 -5.83955  4.00323
-220   26   -2 -440.769  53.2921 -5.50688  8.68276  2.69234 -4.74186  2.69234  3.59571  -3.0247 -4.74186  -3.0247  9.79648
-215   26   -2 -430.563  53.6115 -5.63399  10.8046 -7.66652  144.687 -7.66652  18.5131 -213.671  144.687 -213.671  3403.38
-219   25   -2 -438.554  50.9019 -5.47009  6.10176  2.87006 -10.2636  2.87006  11.6407 -15.1578 -10.2636 -15.1578  42.3139
-209   33   -2 -418.941  67.3763 -5.44976 111.052 81.2609 35.2084 81.2609 69.4727 33.3079 35.2084 33.3079 40.9669
-207   33   -2 -415.263  67.4384 -5.35078   446.34 -784.019  100.933 -784.019  2148.45 -226.876  100.933 -226.876  28.5338
-206   26    0  -413.405   52.5976 -0.636005  231.588  52.3011 -114.878  52.3011  36.2644 -50.5454 -114.878 -50.5454  83.9573
-212   31   -2 -424.575  62.8873 -5.17747   11.9057  -32.3078 0.0174069  -32.3078    128.62  -6.41363 0.0174069  -6.41363    3.3398
-213   29   -2 -427.002  58.6581    -5.58  113.164 -48.9829  129.181 -48.9829  24.7701 -46.8395  129.181 -46.8395  189.212
-194   28   -2 -388.102  56.6031 -5.14662  382.193 -118.875 -14.7979 -118.875  287.888  -11.803 -14.7979  -11.803   4.8007
-184   28   -2 -368.963  56.3208 -5.53656  3586.89 -2306.39 -323.932 -2306.39  7963.65  242.449 -323.932  242.449   44.537
-213   28   -2 -427.072  56.9428 -5.55654  17.9989  27.4534 -29.1432  27.4534  51.6006 -60.2809 -29.1432 -60.2809  76.9967
-224   28   -2 -449.061   56.975 -5.72755      2.509 -0.0174242    12.6964 -0.0174242    19.5581   -160.724    12.6964   -160.724    1624.41
-203   27   -2  -406.93  54.8065 -4.99358  276.188  222.116 -34.7275  222.116  183.916 -30.2026 -34.7275 -30.2026  9.35007
-222   27   -2 -445.015  55.0855  -5.3918   3.6306  1.89462 0.570398  1.89462  4.63303 -1.22703 0.570398 -1.22703  4.67546
-221   27   -2 -442.865  54.9095  -5.6978   3.72754 -0.728736    -7.343 -0.728736   4.06726  -19.8742    -7.343  -19.8742   346.593
-185   26   -2 -370.117  53.7311 -5.42234   796.96 -1168.56 -19.7422 -1168.56  1985.98  12.1455 -19.7422  12.1455  4.27525
-213   25   -2  -426.65  50.3184 -5.02127  19.8201  9.58565 -1.53948  9.58565  121.353   5.3728 -1.53948   5.3728  4.69006
-184   26    0  -368.727   52.6118 -0.415986  217.082  68.8169 -83.1833  68.8169  25.3133 -27.4084 -83.1833 -27.4084  33.3807
-190   30   -2 -380.557  61.3172 -4.93759  109.097  -111.97 -8.11424  -111.97  464.597 -12.3736 -8.11424 -12.3736  4.48909
-212   30   -2 -424.995  61.0159 -5.87563  11.8564 -6.94627  121.395 -6.94627  11.0569 -110.917  121.395 -110.917  1614.85
-197   30   -2 -394.814  60.3992 -4.94205   82.005 -38.7209 -9.71674 -38.7209  337.047  3.36616 -9.71674  3.36616  3.94572
-206   29   -2 -413.702  59.5785 -4.94266   18.601  34.4298 -2.37472  34.4298  80.0806  -6.0991 -2.37472  -6.0991   3.3584
-205   29   -2 -410.573   58.513 -5.10436  117.509  59.2178 -11.3639  59.2178   627.65 -23.1872 -11.3639 -23.1872   4.7358
-207   29   -2 -414.478  59.3378 -5.06614  7.44441 0.775374 -2.85808 0.775374  5.09459 -1.44444 -2.85808 -1.44444  3.96494
-191   28   -2 -383.236  56.5034 -4.90402  45.2139  10.6772 -6.26744  10.6772  36.8106  5.80963 -6.26744  5.80963  7.17068
-179   27   -2 -359.673  55.6636 -4.69575  78.3225 -5.53375  -5.7208 -5.53375  593.535  7.13515  -5.7208  7.13515  2.80856
-223   27   -2 -446.712   55.371 -5.67118   3.9986 -1.48503 -1.36247 -1.48503  5.09855  -0.8093 -1.36247  -0.8093  5.18142
-224   27   -2 -449.315  55.2469 -5.86313  9.65069 -8.70874  49.6755 -8.70874  14.0418 -54.4344  49.6755 -54.4344  787.413
-204   26   -2 -409.931  53.1055 -5.10078  633.233  -260.59 -45.6546  -260.59  504.955  49.6058 -45.6546  49.6058  8.49017
-195   26   -2 -390.325  53.2148 -4.82477   22.2802  -3.90067 0.0782102  -3.90067   60.0491   -6.3067 0.0782102   -6.3067   3.17242
-223   26   -2 -446.783   52.874 -5.49659    2.30589   -1.12342   -1.25045   -1.12342    57.0161 -0.0677265   -1.25045 -0.0677265    2.36286
-222   26   -2 -444.691  53.0054 -5.92273  5.08163  7.51006 -79.2413  7.51006  30.7359  -244.49 -79.2413  -244.49  2454.65
-224   26   -2 -448.793  52.9158 -5.78137 8.02557  8.5659 2.87567  8.5659 16.5949 3.82505 2.87567 3.82505 11.1612
-184   26   -2 -369.171  52.3353 -5.15532   2.26826    1.3717 0.0830571    1.3717   5.87242  -1.79066 0.0830571  -1.79066   3.43448
-214   26   -2 -429.197  53.4252 -5.49702   7.13717   1.64334 -0.304272   1.64334   4.19739   -2.7202 -0.304272   -2.7202    8.7382
-188   25   -2 -377.502  51.9348 -5.43742  262.724  751.966 -133.431  751.966  6680.63 -894.107 -133.431 -894.107  132.919
-220   25   -2  -441.11  50.8952 -5.28575 10.2231 13.0105 2.70936 13.0105  30.713   5.423 2.70936   5.423 3.47848
-185   25   -2 -371.328  50.4523 -5.38779  189.109 -390.272 -107.243 -390.272  2752.56  574.427 -107.243  574.427  127.991
-221   25   -2 -442.819  51.1206 -5.89518  28.4666  7.78471 -188.274  7.78471   8.2445 -99.7629 -188.274 -99.7629  1817.86
-223   28   -2 -446.889  56.8276  -5.6153   2.92005 -0.385087   2.50438 -0.385087   2.61985   1.81996   2.50438   1.81996   14.1924
-222   26   -3  -445.28  52.1495 -6.04788  10.9103  2.99915 -70.4121  2.99915  232.354  235.894 -70.4121  235.894  1388.37
-224   26   -3 -449.104  52.5816 -6.07891   7.1673  8.93545 -51.5868  8.93545  21.1323 -102.255 -51.5868 -102.255  1442.34
-202   32   -3 -404.944  64.8652 -6.22072  2.17619  4.63294 -12.4404  4.63294  360.091 -743.646 -12.4404 -743.646  1756.46
-204   32   -3  -408.84  64.5639 -6.17644  14.3294 -45.2444  165.508 -45.2444  176.815 -630.369  165.508 -630.369  2333.34
-211   29   -3  -423.32  58.8561 -6.11317  39.7635 -65.7936  193.247 -65.7936  232.571 -69.5304  193.247 -69.5304  1571.38
-222   25   -3  -444.95  51.2235 -6.07183  7.72269   5.3319 -67.5947   5.3319  7.42749 -56.0703 -67.5947 -56.0703  937.313
-223   25   -3 -447.358  50.8934 -6.13259   3.23658 -0.647143 -0.871052 -0.647143   4.21111  -16.5527 -0.871052  -16.5527   400.502
-224   25   -3 -449.128  50.9447 -6.16947  3.44416 -1.52916  2.03104 -1.52916  6.25658 -38.6548  2.03104 -38.6548  779.853
-208   32   -3 -417.288  65.2146 -6.21464  30.0647  12.7529 -125.572  12.7529  9.57328 -75.5919 -125.572 -75.5919  1022.38
-186   26    0   -372.431    53.6595 -0.0143777  32.9046 -17.4286 -1.25993 -17.4286  172.981 -9.32304 -1.25993 -9.32304  1.48681
-210   29   -3 -421.184  58.9122 -6.31957  9.15336 -5.70238   96.662 -5.70238  38.2762  -123.99   96.662  -123.99  1828.59
-199   32   -3 -398.874  64.7553 -6.36228  9.00616 -4.83302  72.7796 -4.83302   21.497 -152.028  72.7796 -152.028   1353.2
-208   30   -3 -416.942  60.3826 -6.39158  7.46261 -9.58939  97.5443 -9.58939  129.248  46.7325  97.5443  46.7325  2351.11
-201   31   -3 -403.235   62.946 -6.45882  4.74369 -9.81822  55.2227 -9.81822  45.4633 -273.425  55.2227 -273.425  1769.15
-202   31   -3 -404.815  62.9649 -6.42446  5.19019 -8.52242  27.7285 -8.52242  67.6133 -309.042  27.7285 -309.042   1506.3
-207   29   -3 -414.998  58.4792 -6.24944  5.59714 -7.51595  6.68863 -7.51595  25.0817 -35.9261  6.68863 -35.9261  88.1411
-208   28   -3 -416.711  56.8817 -6.54245  4.63944 0.556891  66.3689 0.556891  2.11747   18.266  66.3689   18.266  1474.48
-188   33   -2 -376.181  67.3909 -4.76091  666.736 -27.7506  73.5072 -27.7506  10.2185 -8.75655  73.5072 -8.75655  15.5961
-209   28   -3 -418.661  56.4931 -6.50883  7.05395 -6.17189 -77.7865 -6.17189  32.3016  245.077 -77.7865  245.077  5479.83
-210   27   -3 -420.759  55.2658 -6.44229  3.99991 -1.21724 -2.50697 -1.21724  4.66594 -7.92845 -2.50697 -7.92845  63.6294
-218   25    4 -437.07 51.1243 8.83486   14.669 -28.1967 -2.43067 -28.1967  85.0759  12.9446 -2.43067  12.9446  4.84457
-197   30   -1 -394.628  60.4857 -3.15071  58.2202 -162.707   9.4526 -162.707  1998.18 -134.501   9.4526 -134.501  12.5656
-212   25   -3 -424.851  50.6594 -6.18646  9.86252 -9.35222    36.93 -9.35222  27.3505 -49.6663    36.93 -49.6663  194.951
-203   30   -3 -407.186  61.0291 -6.57975  8.81954 -10.4495  61.1476 -10.4495   19.908 -141.378  61.1476 -141.378  2174.99
-205   29   -3 -410.804  58.8934 -6.49509  19.6393  -5.7522 -12.3235  -5.7522  3.76153  2.62337 -12.3235  2.62337  26.7968
-207   28   -3 -414.948  56.9141 -6.52865  96.0255 -3.10979  205.982 -3.10979  51.7506  270.551  205.982  270.551  2057.09
-209   27   -3 -419.164  55.1322  -6.5757   4.31945 0.0881962   24.0132 0.0881962   11.6075  -92.6438   24.0132  -92.6438   1197.98
-209   26   -3 -419.559    53.66 -6.64273 126.152 230.535 1349.78 230.535 518.234 2818.41 1349.78 2818.41 16999.5
-211   26   -3 -422.932  53.3311 -6.42728  7.17531  -5.0116  34.8463  -5.0116  8.26239 -36.2808  34.8463 -36.2808  246.178
-202   30   -3 -404.835  60.9442 -6.65724  6.43473 -1.99152   66.043 -1.99152   22.867 -183.885   66.043 -183.885  2224.49
-201   30   -3  -402.63  60.9394 -6.51973  3.48146 0.710208  -5.6972 0.710208  5.66685 -7.07631  -5.6972 -7.07631  30.2896
-184   28   -3 -369.002  56.2589 -6.40254   343.26  38.4494  11.5152  38.4494  911.268 -186.878  11.5152 -186.878  50.0422
-207   27   -3 -414.692  55.3213 -6.68644  10.1978 -9.98591  58.6879 -9.98591  19.7074 -136.796  58.6879 -136.796  1731.35
-208   27   -3 -416.757  54.6484 -6.43035   5.07359 -0.582089   3.61252 -0.582089   3.86906 -0.933736   3.61252 -0.933736   15.9571
-208   26   -3  -417.24  53.4283 -6.53588  13.4819 0.900662 -29.2573 0.900662  4.01676 -4.72577 -29.2573 -4.72577  90.7117
-210   26   -3 -421.165  53.0378 -6.64613  3.81831 0.580194   10.231 0.580194  11.1068 -64.7555   10.231 -64.7555  584.653
-211   25   -3 -423.237   50.676 -6.50762  6.31846 -3.00959  14.6745 -3.00959  9.36091 -9.81319  14.6745 -9.81319  64.5158
-220   34    0 -440.646  68.6517 0.168778  52.1827 -90.9128 -6.98335 -90.9128  183.432  8.40239 -6.98335  8.40239  2.41998
-206   27   -3 -413.338  54.8552 -6.76777  7.69532 -2.33088  12.1849 -2.33088  4.07723 -15.5781  12.1849 -15.5781    206.3
-184   26   -3  -369.25   52.458 -6.37393  3.28981   1.5426  1.00634   1.5426  3.29094 -1.65755  1.00634 -1.65755  19.3712
-210   25   -3 -420.858  51.1761 -6.78141  5.07887 -4.00224  34.0775 -4.00224   10.264 -40.1242  34.0775 -40.1242  455.844
-212   25   -2 -424.554  51.3116 -5.33266  50.7431 -78.0852  2.65099 -78.0852  130.989 -7.50336  2.65099 -7.50336  3.71947
-215   29   -2 -430.967  59.0506 -5.11665  38.8192 -33.5243  262.591 -33.5243  32.8008  -243.91  262.591  -243.91  1997.04
-202   29   -3 -405.302  59.2917 -6.83905  7.07145 -12.0108  77.6956 -12.0108  48.0635 -235.856  77.6956 -235.856  1439.08
-203   27   -3 -407.155  54.9592 -6.54924  1057.68  832.015 -17.6363  832.015  660.145  -17.775 -17.6363  -17.775  9.81423
-207   26   -3 -415.023  52.7712 -6.84639  3.04163 0.228647  4.42989 0.228647  11.5296 -21.1564  4.42989 -21.1564  81.2895
-209   25   -3 -418.879  50.9453 -6.76176  5.80112  2.19766 -1.95945  2.19766  13.8671 -55.4701 -1.95945 -55.4701  307.429
-186   35   -3 -372.375  70.6671  -6.3864  395.721 -679.218  112.421 -679.218  1225.29 -193.501  112.421 -193.501  36.4508
-195   31   -3 -390.935  63.2152 -6.93149   3.7744 -4.32679  43.5663 -4.32679  36.8748  -213.27  43.5663  -213.27  1461.65
-199   29   -3 -398.987   59.279 -6.51598  8.57618  5.35878 -3.19028  5.35878  12.8317 -12.2872 -3.19028 -12.2872  19.3657
-184   27   -3 -368.792  55.5894 -6.88021  39.8246   64.535 -151.454   64.535   137.09 -354.936 -151.454 -354.936  1023.85
-205   27   -3 -411.025  54.8985 -6.68958    2.46939    1.43321 0.00874773    1.43321    2.93652  -0.540048 0.00874773  -0.540048    11.3007
-205   26   -3 -411.016  53.3134 -6.94063  5.66787  7.80073 -4.86973  7.80073  19.0508 -17.7482 -4.86973 -17.7482  41.8862
-206   26   -3 -413.131  53.3843 -6.96659  6.44162 -8.74981  68.0088 -8.74981  22.0849 -141.959  68.0088 -141.959  1262.38
-204   26   -3 -409.026  52.8112 -6.95317  6.36103 -1.42737  9.73095 -1.42737  4.62338 -4.93751  9.73095 -4.93751  34.9567
-207   25   -3 -414.976  51.0721 -6.99594  9.21994  3.54269  54.0524  3.54269  6.42698 -27.3647  54.0524 -27.3647  1023.03
-201   28   -3 -402.893  56.6635 -7.02998  2.73373 -1.83526   14.748 -1.83526  11.2451  -49.284   14.748  -49.284  476.242
-213   31   -2 -426.757  62.8709 -5.39944  59.7034 -33.5831  259.397 -33.5831  20.6659  -148.79  259.397  -148.79  1268.91
-200   28   -3 -401.068  56.8134 -7.07085   2.1211 0.188232 -2.84552 0.188232  7.21904 -12.8867 -2.84552 -12.8867  689.595
-202   27   -3 -404.639  55.5892   -7.147  18.1516 -41.9502  201.247 -41.9502  138.634 -557.555  201.247 -557.555  2653.85
-205   25   -3 -411.133  51.3153 -7.09285  3.63212 -3.81964  53.8156 -3.81964  10.1939 -79.5793  53.8156 -79.5793  1465.89
-206   25   -3 -412.615   51.082 -7.01624  48.1128 -18.9252  -33.491 -18.9252  10.9853  16.3514  -33.491  16.3514  71.8491
-204   25   -3  -409.47  51.1994 -7.13802  11.8069 -2.50442  108.486 -2.50442  8.34378  -119.87  108.486  -119.87  3093.76
-183   25   -3 -367.095  50.8086 -7.11887   3.96303 -0.799293   3.93683 -0.799293   15.5747  -21.9052   3.93683  -21.9052   426.533
-214   26    3 -429.273  53.6733  6.83888    122.7 -169.334 -46.0713 -169.334  294.136  85.0842 -46.0713  85.0842  30.0079
-219   26   -2 -438.781  52.5312 -5.06018  4.68676  3.13595 0.280086  3.13595  8.35154  1.86213 0.280086  1.86213  3.56872
-196   30   -3 -392.653  60.8734 -7.08699   7.2272 -2.40159  42.4632 -2.40159   13.087 -64.4283  42.4632 -64.4283  637.202
-197   29   -3 -395.107  58.6729 -7.15234   3.3291 -5.16863  17.6272 -5.16863  37.2795 -126.698  17.6272 -126.698  653.908
-199   28   -3 -398.961  57.0243 -7.10101  3.64167 -4.17194  31.2423 -4.17194  18.0943 -109.696  31.2423 -109.696  898.675
-198   28   -3 -396.872  56.7425 -7.00665  2.66291 0.503187 -2.73734 0.503187  2.83258  -1.9113 -2.73734  -1.9113  12.2054
-199   27   -3 -399.591  55.2544 -7.21071  105.557 -69.2707 -258.967 -69.2707  57.9868  176.668 -258.967  176.668  714.968
-200   27   -3 -400.787  55.4145 -7.21457    2.206  -1.2306  1.02991  -1.2306  15.2223 -52.7879  1.02991 -52.7879  312.653
-223   28   -1 -447.813  56.0145  -3.3781  586.333 -207.495 -90.9294 -207.495  2210.37  52.1012 -90.9294  52.1012  16.5774
-208   25   -2 -416.647  51.0475 -5.15851  313.912  85.5015 -8.62569  85.5015  2008.49  -22.537 -8.62569  -22.537  4.90869
-201   27   -3 -403.348  55.1989 -7.20429  2.77304 -2.05246  22.1744 -2.05246  37.0793 -218.685  22.1744 -218.685  1531.43
-183   26   -3 -366.948  53.4491 -7.14159  238.411 -127.318  676.766 -127.318  88.1545 -281.391  676.766 -281.391  2364.52
-202   26   -3 -405.088  53.2105 -7.18695   4.08615 -0.712931   62.9911 -0.712931   4.15486  -23.3273   62.9911  -23.3273   1629.58
-203   25   -3 -406.563   50.919 -7.20895   3.90782  -1.76565  -1.43407  -1.76565   5.48878 -0.566013  -1.43407 -0.566013    268.35
-215   25   -2 -431.115  50.7105 -5.53618  23.7361 -19.9106 -4.92513 -19.9106  20.4552  5.08025 -4.92513  5.08025  6.45564
-188   33   -3 -376.28 67.2766 -6.7368   89.5516 -0.847763  -5.33333 -0.847763     8.893  -8.84204  -5.33333  -8.84204   14.2935
-190   30   -3 -380.635  61.1256 -7.09475  448.194 -633.044  48.0103 -633.044  2100.67 -45.8145  48.0103 -45.8145  23.9198
-184   28   -1 -368.631  56.6277 -2.85665   69.894  11.8114 -8.39023  11.8114  417.988 -53.5319 -8.39023 -53.5319  12.7263
-196   29   -3 -392.876  59.2231 -7.19935  5.59358 0.964077  11.4831 0.964077  7.52984 -33.2041  11.4831 -33.2041  299.925
-197   28   -3 -394.984  56.5495  -7.2952  13.3608 -26.1546  37.7318 -26.1546  67.4975 -56.6847  37.7318 -56.6847  2716.36
-198   27   -3 -396.766  55.7955 -7.28214  3.84082 -6.23049 -18.5933 -6.23049  33.8909  24.1728 -18.5933  24.1728  996.351
-201   26   -3 -403.206  52.9117 -7.17748  4.68032  2.17335 -6.00964  2.17335  4.38706 -4.12595 -6.00964 -4.12595  21.1881
-202   25   -3 -405.301  51.0053 -7.28762  13.0916 -12.2717  56.3762 -12.2717  14.7607 -63.8663  56.3762 -63.8663  418.168
-185   26    1 -370.983  53.4693  3.58137  92.3766 -103.876 -71.0638 -103.876  219.356  91.9418 -71.0638  91.9418  60.7393
-194   28   -3 -388.513    56.51 -6.88663   47.015  185.337 -34.6874  185.337   988.49 -65.9637 -34.6874 -65.9637   49.862
-191   28   -3 -383.513  56.5401 -6.90802  104.469  47.2997 -44.9923  47.2997  51.3063 -32.6811 -44.9923 -32.6811  31.9915
-186   26   -3  -373.11  53.0181 -6.73375  27.0468  15.2542 -4.01241  15.2542  16.9846 -3.99916 -4.01241 -3.99916  5.19851
-199   26   -3 -398.965  53.2696 -7.43122  8.82644 -7.98563  89.1778 -7.98563  21.2172 -178.779  89.1778 -178.779  1790.46
-199   29   -2 -398.851  59.5379 -5.02041  182.397 -245.357 -28.2152 -245.357   550.43  56.8343 -28.2152  56.8343  12.0283
-196   26   -3  -393.19  52.9614 -7.39901  51.4663 -11.8291 -12.9412 -11.8291  5.90245  8.65204 -12.9412  8.65204  28.9456
-221   26   -2 -442.838  53.0676  -5.5808 3.27995 1.31296  1.7075 1.31296 3.97751  2.7649  1.7075  2.7649 7.25206
-185   29   -3 -370.774  59.4104 -7.60488  6.22893 -5.19459 -71.9306 -5.19459  10.6972  97.7227 -71.9306  97.7227   1505.6
-193   28   -3 -387.459  56.8797 -7.12455  93.7165 -82.4239  17.0052 -82.4239  76.6307 -11.8782  17.0052 -11.8782  9.07953
-185   27    3 -371.952  54.2417  7.07566   745.676   64.9951 0.0142873   64.9951   293.104  -9.62739 0.0142873  -9.62739   1.88838
-214   27   -1 -429.566  54.2264 -3.09027  30.7884 -6.25435 -2.68687 -6.25435  88.1048  4.63287 -2.68687  4.63287  3.52295
-179   27   -3 -359.841  55.6038 -7.26456  255.845  -130.49 -27.4579  -130.49  334.806 -12.2428 -27.4579 -12.2428   8.5674
-180   27   -3 -360.062  55.6289 -7.53385  3944.48  3846.97 -1260.99  3846.97  4185.55 -1587.33 -1260.99 -1587.33  936.958
-195   26   -3  -390.29  52.9385 -7.07756  10.1977 -6.67171 0.609335 -6.67171  21.2533 -8.91132 0.609335 -8.91132  9.14138
-197   26   -3 -394.789  53.2258 -7.53179  7.83029 -2.81709  5.73398 -2.81709  21.9774 -218.584  5.73398 -218.584  2614.84
-208   25   -3 -416.969  51.1158 -6.72705   4.40343 -0.560674   1.58237 -0.560674   6.27053  -4.29504   1.58237  -4.29504   33.3327
-198   25   -3 -396.971  51.5197  -7.6191  3.19367 0.997594  20.2481 0.997594   9.4734 -37.5074  20.2481 -37.5074  745.973
-176   32   -3 -353.064  65.7336 -6.97123  113.041  114.004 -41.1688  114.004  279.367 -51.8973 -41.1688 -51.8973  18.7852
-182   28   -3 -364.932  57.3814 -7.52123  8.46309  -3.6054  15.4204  -3.6054  6.34817 -9.20149  15.4204 -9.20149  47.8446
-191   27   -3 -383.324  55.5126 -7.31408  32.5882  79.9804 -59.7839  79.9804  941.427 -830.484 -59.7839 -830.484   740.54
-201   32    0  -402.112   65.3841 -0.515112  277.005  31.6443 -27.4594  31.6443  620.492 -35.5008 -27.4594 -35.5008   5.9241
-194   26   -3 -389.612  52.8357 -6.89275 7.56579 11.4275 2.38877 11.4275 64.6774 4.52833 2.38877 4.52833 5.06165
-195   25   -3 -391.227  50.8871 -7.67933   3.6881 0.779713 -20.8308 0.779713  8.12288 -89.3956 -20.8308 -89.3956  1653.91
-193   25   -3 -387.403  50.9577 -7.73605  8.41369 -2.20042  13.7077 -2.20042   31.541 -380.774  13.7077 -380.774     5789
-197   25   -3 -394.659  50.9814 -7.68716  4.79233   1.2073  28.0297   1.2073  5.71896 -54.5625  28.0297 -54.5625  1228.25
-194   25   -3 -388.863  50.5583 -7.72074  20.7351  40.9541  -150.49  40.9541  90.2139 -335.247  -150.49 -335.247  1638.47
-196   25   -3 -393.377  50.6692  -7.7039  7.44117  -1.1426  60.6568  -1.1426   2.6684 -39.8175  60.6568 -39.8175  1729.55
-201   25   -3 -403.543  50.5419 -7.45577  13.5139 -3.38056  -19.285 -3.38056  4.18344 -4.06215  -19.285 -4.06215  192.475
-224   34    1 -448.511  68.3506  2.67947  86.2362   9.4423  10.0326   9.4423  420.324 -17.0246  10.0326 -17.0246  10.3619
-181   29   -3  -362.96  58.6517 -7.85908  103.469 -36.2424  280.519 -36.2424  14.2534 -95.2998  280.519 -95.2998   795.27
-181   25   -3 -362.638  51.0423  -7.8876  6.83401 -1.35213  17.7751 -1.35213  1.66694 -6.42389  17.7751 -6.42389  223.288
-180   26   -4 -360.781  52.9596 -8.25247 15.8495 8.76884  155.67 8.76884 7.54285 102.074  155.67 102.074 1844.92
-180   25   -4 -360.959  51.1595 -8.23972  22.3529 -19.7711 -29.5416 -19.7711  24.8201  83.8939 -29.5416  83.8939  891.488
-179   27   -4 -359.354  55.5656 -8.38377  13.1323 -13.1936  53.1519 -13.1936  30.3677 -51.4181  53.1519 -51.4181  338.995
-223   26   -3   -446.7  52.3973 -6.08083  106.615 -88.2685  746.182 -88.2685  86.5595 -645.053  746.182 -645.053  5706.27
-178   25   -4 -357.095  51.0748 -8.66866 9.31617  5.4162 35.9283  5.4162 7.48057 72.4268 35.9283 72.4268 2349.93
-177   27   -4 -355.232  54.9124 -8.85081 17.5099 7.69801 70.8958 7.69801 7.08191 27.7898 70.8958 27.7898 865.903
-177   25   -4 -355.546  50.9972 -8.85489  40.0112 -5.69499  214.684 -5.69499  2.16695 -31.0088  214.684 -31.0088  1288.25
-176   32   -4 -353.224  65.4548 -8.80775  7.32887  2.65879  1.66197  2.65879   13.107 -10.5206  1.66197 -10.5206  27.4458
-177   26   -4 -355.124  53.2531 -8.86737  32.8626 -11.3024   195.04 -11.3024  14.1401 -38.5567   195.04 -38.5567  1465.17
-175   26   -4 -351.378   52.636 -9.04005  12.7693 -6.55777  143.088 -6.55777   21.702   22.667  143.088   22.667  6212.27
-176   26   -4 -352.476  52.7257 -9.02414 38.9424 2.22571 262.738 2.22571 5.51998 53.0011 262.738 53.0011 2345.52
-194   26   -2 -389.499  52.8385 -4.87546  17.2966 -2.95205 0.442634 -2.95205  7.96432  0.74835 0.442634  0.74835  4.97776
