-254   25    7 -508.997  50.3598  14.6631  384.593 -291.346 -59.8951 -291.346  247.924  57.6564 -59.8951  57.6564  20.5418
-228   26    6 -457.848  53.1004  12.9388  249.859 -81.1898 -104.862 -81.1898  2870.42  489.792 -104.862  489.792  132.279
-239   29    6 -479.886  58.4941  12.9911  3435.23 -461.909 -396.258 -461.909  119.511  36.7567 -396.258  36.7567  61.0884
-225   25    6 -450.829  51.2712  12.8507 214.962 460.182 97.7048 460.182 1006.04 212.095 97.7048 212.095 48.1808
-240   29    6 -480.691  58.2763  12.5535  5.75304 -14.2675 0.741625 -14.2675  146.691   24.157 0.741625   24.157  18.2218
-254   25    6 -508.579  50.9942  13.1855 196.322 112.523 101.285 112.523 1057.37 368.778 101.285 368.778 150.961
-262   25    6 -525.466  50.1318  12.5353  36.7891  9.78849 -1.24182  9.78849  134.615  6.68007 -1.24182  6.68007  2.30869
-226   26    5 -453.087  52.1529  11.0278  35.2813  158.756 -37.5263  158.756  1126.02 -110.196 -37.5263 -110.196  59.2872
-227   29    5 -455.703  58.0611  11.1519  96.8496 -131.516 -37.8252 -131.516  784.701  26.7861 -37.8252  26.7861  21.3391
-254   25    5 -508.238  51.4307  11.2707 93.1815 13.3479  12.628 13.3479 18.6164 6.87594  12.628 6.87594 7.06018
-262   25    5 -525.394  50.3782  11.0719  86.3032 -88.3461 -9.88407 -88.3461  156.636  16.9586 -9.88407  16.9586  4.97734
-265   34    5 -530.528  68.2083  10.8805  84.6135 -14.0861 -25.4902 -14.0861  321.402   26.076 -25.4902   26.076  11.2816
-228   27    5 -457.627  54.6642  10.6495 71.0599 19.8217 23.4592 19.8217 178.591  188.21 23.4592  188.21 204.461
-227   26    4 -455.15 53.5468 9.69088 534.125 560.165 359.536 560.165 640.521  428.85 359.536  428.85 336.781
-253   25    4 -507.736  51.8283  8.83461   913.87 -4051.33  413.071 -4051.33  22506.1 -1975.15  413.071 -1975.15  235.685
-240   36    4 -481.446  73.5301  8.86533 461.215 94.1235 80.1504 94.1235 869.373 79.1356 80.1504 79.1356 22.1389
-262   25    4 -525.585  50.5578  9.21256  69.212 10.7372 -1.6574 10.7372 487.808 31.4331 -1.6574 31.4331 6.99017
-268   33    4 -536.445  67.6974  8.92779  136.727 -199.993  10.5632 -199.993  401.159 -19.4508  10.5632 -19.4508  2.77229
-228   28    4 -457.139  56.9588  8.61443   7.20571  -4.63526  -1.75439  -4.63526    5.3274 -0.586357  -1.75439 -0.586357    4.8853
-228   27    4 -457.227  55.5494  8.94263 171.282 173.257 92.9132 173.257 186.401 87.1688 92.9132 87.1688 57.2468
-266   25    4 -533.525  50.9765   8.3446  14.5374 -7.26062 -7.85023 -7.26062  16.4277  21.5434 -7.85023  21.5434  36.2872
-273   25    4 -547.693  50.5214  9.03859  254.137 -122.665  6.38563 -122.665  155.233  5.30596  6.38563  5.30596  4.91489
-227   27    4 -455.717  54.5588  8.55839  91.0082 -9.53571  -32.162 -9.53571  31.4336  26.1222  -32.162  26.1222  40.6318
-253   25    3 -507.706  51.9266  7.57129  165.626 -698.552 -81.5762 -698.552  5372.57  538.721 -81.5762  538.721  61.4913
-253   26    3 -507.693  52.0545  6.80015  56.2472  4.77211 -10.3329  4.77211  545.716   5.7994 -10.3329   5.7994  5.69887
-250   38    3 -501.162   76.787   7.0602 2012.65 765.292  485.64 765.292 294.317 184.413  485.64 184.413 120.143
-237   41    3 -474.227  82.3146  7.04893  425.368 -641.273  84.8219 -641.273  1270.56   -172.6  84.8219   -172.6  25.5308
-246   33    3 -492.307  66.7739  6.98755  615.109   -133.5 -33.3845   -133.5  1651.89 -54.3267 -33.3845 -54.3267  5.82717
-240   29    3 -480.825   58.179  6.68645  32.1269  10.9984 -1.51238  10.9984   154.18 -2.56152 -1.51238 -2.56152  2.66981
-228   27    3 -456.174  55.2523  6.64769 71.5212 29.8395 3.13574 29.8395 285.042 92.3396 3.13574 92.3396 34.1906
-235   26    3 -471.713  52.2891  6.45637  544.596  717.485   -139.6  717.485  996.287 -192.469   -139.6 -192.469  43.7326
-262   25    3 -525.66 50.8418 6.86216  67.0343 -52.4165 -7.28626 -52.4165  84.6531   9.0213 -7.28626   9.0213  3.86517
-267   25    3 -534.719   50.587  6.95769   5.08089  -2.70576  0.922453  -2.70576   3.72108 -0.853478  0.922453 -0.853478   3.41024
-228   27    2 -456.326  55.7415  5.47594  93.1753 -76.4184 -52.3694 -76.4184  400.661  186.604 -52.3694  186.604  100.768
-268   33    2 -536.319  67.5625  5.12564  634.076 -354.452  64.9709 -354.452  315.394 -26.8576  64.9709 -26.8576  10.3721
-252   26    4 -505.503  52.8909   9.0804  29.9769 -37.8012  30.8351 -37.8012  211.684 -60.1436  30.8351 -60.1436  43.4271
-260   26    2 -521.02 53.2887 5.03632  8.84659  13.5533 -1.50245  13.5533  24.6164 -2.32988 -1.50245 -2.32988  4.07038
-235   26    2 -471.922  52.2448   5.1463  2616.19  562.258 -214.805  562.258  678.939 -108.945 -214.805 -108.945  27.5315
-266   25    2 -532.915  50.8364  5.14799 3.79607 1.68363 1.80879 1.68363 13.5657 8.66259 1.80879 8.66259 14.4404
-229   33    2 -459.041  66.3567  4.99789   232.26 -101.684  15.5971 -101.684  788.276 -43.4794  15.5971 -43.4794  5.14877
-247   34    2 -495.52 69.1151 4.83075  319.138 -97.6176 -26.5264 -97.6176  516.777 -37.5665 -26.5264 -37.5665  8.93533
-246   33    2 -492.344  66.6895  4.55773  652.417 -467.708 -100.723 -467.708  648.042  46.8871 -100.723  46.8871  22.1078
-262   30    2 -525.486  61.4093  4.39992  6881.77 -959.295  568.411 -959.295  259.314 -67.2503  568.411 -67.2503  55.2914
-254   26    2 -508.161  52.2172  5.07937  748.302   329.27 -78.9046   329.27  228.114 -38.1385 -78.9046 -38.1385  11.2329
-225   36    2 -451.236  73.9199  4.58821  111.769 -73.3959  12.4985 -73.3959  347.135 -40.0553  12.4985 -40.0553  12.3457
-246   29    2 -492.072  59.0961  5.02951  632.486 -220.282 -22.6084 -220.282  1369.67  74.0913 -22.6084  74.0913  5.74388
-253   28    2 -506.69 57.2767 4.75142  1045.05 -1427.19  330.565 -1427.19  2379.75 -518.966  330.565 -518.966  118.672
-256   28    2 -512.591  56.4033  4.98891  43.6125  172.756 -4.29619  172.756  729.017 -8.59061 -4.29619 -8.59061  3.61236
-228   28    2 -456.667  57.0318  4.86025   22.8347   2.75466   4.36444   2.75466   3.10164 -0.394361   4.36444 -0.394361   3.91674
-253   26    2 -507.767  52.1674  5.27835   48.9877  -8.47525 -0.111088  -8.47525   174.998   26.2072 -0.111088   26.2072   6.12976
-267   25    2 -534.898  51.1649  5.17002 8.88116 4.56286 5.00139 4.56286 5.77347 4.34214 5.00139 4.34214 5.55771
-267   26    2 -534.959  52.5579  4.80113  9.43411 -3.25907  5.64828 -3.25907  16.9768 -5.15425  5.64828 -5.15425  9.42434
-262   25    2 -525.75 50.9164 5.13224  14.9507  6.65206 0.308067  6.65206  23.2591 0.613851 0.308067 0.613851  2.54385
-273   25    2 -547.751  50.7371  4.65656  259.036 -155.548 -11.4101 -155.548  126.707  8.73378 -11.4101  8.73378  3.19326
-268   33    1 -536.386  67.4536  3.62063   184.103  -137.396  -12.6943  -137.396   401.949 -0.255468  -12.6943 -0.255468   17.4244
-253   28    1 -506.574  57.1136  2.94867  1622.54 -2249.03  323.828 -2249.03  3562.37 -512.475  323.828 -512.475  90.8301
-273   25    1 -547.757  50.8153  3.23491  465.691 -269.705 -40.0497 -269.705  187.754  24.9375 -40.0497  24.9375  8.75939
-230   26    1 -460.556  52.8861    3.103  3473.44 -399.893  58.8282 -399.893  816.556 -75.2158  58.8282 -75.2158  10.6378
-230   30    1 -461.707  60.4618  2.97413  2282.14 -758.554  412.124 -758.554  812.581 -117.805  412.124 -117.805  78.1981
-246   29    1 -492.146  59.0172  2.78217  143.514  188.106 -8.00184  188.106  986.148  -54.737 -8.00184  -54.737  8.04969
-226   25    1 -452.168  51.4093  2.82748   3884.9 -5584.27  491.727 -5584.27  8476.26 -725.108  491.727 -725.108  75.9085
-228   38    1 -457.227  76.9967  2.58894  668.984 -1262.32 -91.2284 -1262.32  3029.61  199.201 -91.2284  199.201  17.1804
-235   31    1 -470.791  62.9744  3.10909  277.748 -302.236  -10.716 -302.236  532.324  2.09922  -10.716  2.09922  3.13808
-236   37    1 -473.09 75.8054 2.81439  101.658 -133.266 -4.11925 -133.266  293.278  5.65322 -4.11925  5.65322  3.45962
-262   30    1 -525.695  61.2836   3.2874  106.264 -148.178 -3.66735 -148.178  274.571   3.2951 -3.66735   3.2951  2.73346
-239   27    1 -478.679  55.5944  3.08966 51.2539 15.1767 0.53045 15.1767 11.8168 3.16815 0.53045 3.16815 3.90323
-237   40    1 -474.24 81.7939 2.73128   153.681  -117.216   -20.053  -117.216   303.499 -0.784676   -20.053 -0.784676   7.48403
-240   36    1 -480.37 73.8313 2.51899  76.6663 -62.2334  26.7753 -62.2334  213.755  -19.675  26.7753  -19.675  21.1067
-230   36    1 -460.361  73.6311  2.76844  105.328  327.627 -24.4778  327.627  1605.72 -120.923 -24.4778 -120.923  14.1964
-265   34    1 -531.003  68.6561  2.98815  1002.62 -1224.53 -28.7101 -1224.53  1897.97  83.3433 -28.7101  83.3433   9.4503
-240   29    2 -480.965  58.1539  4.92049  27.5641 -21.2798 -1.98333 -21.2798   266.18 -6.05679 -1.98333 -6.05679    3.394
-240   29    1 -481.086  58.1835  3.16087  13.3179 -11.7708 -1.41669 -11.7708  55.0436  1.13829 -1.41669  1.13829  3.97511
-230   28    1 -460.487  56.7707  2.68439  35.4136 -173.587  3.52678 -173.587  2420.43  101.285  3.52678  101.285  13.8427
-253   26    1 -507.874  52.4252  3.14595  512.461 -211.573 -21.5225 -211.573   175.87  17.7051 -21.5225  17.7051  4.49905
-268   25    1 -536.178  50.9274   2.9526  115.036  15.0815 0.250946  15.0815  6.40944 -0.85854 0.250946 -0.85854  2.02478
-247   34    1 -495.496   69.004  2.70931  99.8164 -99.8377 -11.9097 -99.8377  242.509 -6.68919 -11.9097 -6.68919   9.1951
-229   33    1 -458.829  66.1941  2.62319 186.115 317.932 13.4697 317.932 899.195 35.1698 13.4697 35.1698 4.75319
-237   28    1 -475.149  57.4977  2.87929   467.22 -643.753 -4.37607 -643.753  1438.02  1.72033 -4.37607  1.72033  2.16366
-240   28    1 -481.228  57.7849  2.40335  255.307 -126.153 -14.1332 -126.153  71.0186  5.05585 -14.1332  5.05585  4.14557
-228   28    1 -456.61 57.0505 2.98772  22.2461  4.77557 -0.35726  4.77557  6.75503 0.591477 -0.35726 0.591477  2.37489
-260   26    1 -521.474  53.5371  2.75144  70.7204  141.438 -3.92358  141.438  293.695 -5.03338 -3.92358 -5.03338  4.04027
-254   26    1 -508.162  52.3095  2.88203 82.0235 23.7282 8.52565 23.7282 223.723 10.3181 8.52565 10.3181 3.67627
-236   26    1 -472.201  52.2514  2.92692  347.984 -175.814 -64.0132 -175.814    411.8  47.1426 -64.0132  47.1426  15.6033
-262   25    1 -525.768  51.2043  2.84096  111.812 -6.42037 -3.96056 -6.42037  13.6902  3.02575 -3.96056  3.02575  3.92175
-263   25    1 -526.129  50.9225   2.7715   160.428   -17.782   9.59283   -17.782   6.11711 -0.930335   9.59283 -0.930335    3.7231
-267   25    1 -535.492  50.6358   2.3703  54.8384  15.3539  2.66632  15.3539  33.1312 -23.8502  2.66632 -23.8502  25.0257
-227   33    0 -454.108  66.6935  1.56373  1345.06  96.7851  208.568  96.7851  7789.61 -1224.01  208.568 -1224.01  238.004
-247   26    0 -495.94  53.782 1.08276  712.595  73.6683 -11.8931  73.6683  1601.81 -166.664 -11.8931 -166.664  19.0091
-273   25    0 -547.495  50.7859  1.01642 8.26536 8.31216 6.47338 8.31216 38.5041 1.63973 6.47338 1.63973 7.56379
-271   29    0 -542.875  58.9796 0.109389   19.629 -12.0615  193.362 -12.0615  12.0342 -144.921  193.362 -144.921  2236.14
-264   31    0  -528.888     62.66 0.0100817  2.47361 -3.06672  12.2975 -3.06672  58.7283 -241.928  12.2975 -241.928  1073.39
-269   29    0  -539.212   59.0204 -0.156888  219.459 -243.784  274.512 -243.784  276.236 -289.689  274.512 -289.689  2250.13
-270   29    0  -540.786   58.3749 -0.106868   44.822 -66.2047  377.931 -66.2047  123.139 -722.638  377.931 -722.638  4648.74
-271   28    0   -543.026    56.8428 -0.0953968   30.166 -20.7641  190.876 -20.7641  18.7088 -147.871  190.876 -147.871  2874.44
-239   27    0 -478.854  55.9224  1.51164  339.446  215.604 -23.4322  215.604  557.155  11.2794 -23.4322  11.2794  7.21408
-264   30    0 -529.079  61.5012  -0.2316  5.40667  4.37719  -17.804  4.37719  87.0008 -540.735  -17.804 -540.735  3586.95
-271   27    0  -543.146   54.9502 -0.162283  108.949 -21.3247  571.146 -21.3247  8.24041 -104.877  571.146 -104.877  3305.76
-225   36    0 -451.309  73.6147  1.04615  39.4507  9.16929 0.373532  9.16929  244.718  -31.252 0.373532  -31.252  5.24139
-263   30    0  -526.776   61.0953 0.0307093  6.26676 -2.86038 -5.62637 -2.86038  138.025 -1.39293 -5.62637 -1.39293  8.85452
-266   30    0  -533.247   61.0392 -0.318562   69.097  44.1991  29.4142  44.1991  50.4864 -204.836  29.4142 -204.836  2779.72
-234   27    0 -468.807  55.6735  1.00522  74.8086  147.562 -7.40504  147.562  1356.53  234.497 -7.40504  234.497   60.919
-271   26    0  -542.904   53.2931 -0.306218  188.174 -41.4183  735.706 -41.4183  15.7515  -190.65  735.706  -190.65  3143.31
-229   28    0 -459.866  57.0469 0.666949  261.503 -195.953 -19.2496 -195.953  325.396  25.2469 -19.2496  25.2469   4.7564
-245   27    0   -491.86   54.0817 0.0421057   3375.8     1272 -166.859     1272  860.097  -40.244 -166.859  -40.244  13.5406
-236   37    0 -473.383  75.8207 0.845369  90.5139 -154.782  -16.332 -154.782  391.055  24.2658  -16.332  24.2658  4.40798
-269   27    0  -539.005   54.7495 -0.639638  53.6743  -36.694  93.7343  -36.694  40.7412 -200.583  93.7343 -200.583  1527.51
-233   35    0 -466.372  71.1074 0.804489 171.225 165.969 46.2681 165.969 829.775 105.181 46.2681 105.181 18.8874
-258   32    0  -516.915   65.0274 -0.532737  47.3526 -37.3884  262.822 -37.3884  32.6535 -212.295  262.822 -212.295  1523.46
-258   31    0   -517.63   62.9894 -0.670443  114.905  -85.553  484.465  -85.553  72.1403 -389.004  484.465 -389.004   2538.3
-262   30    0  -524.589   61.1999 -0.515474   7.4268 -7.37964  49.1848 -7.37964  29.7093 -145.475  49.1848 -145.475  763.308
-261   30    0   -523.13   60.5772 -0.728045  15.8743 -20.5941  74.1054 -20.5941  55.8838  -247.24  74.1054  -247.24  1172.42
-270   25    0  -540.669   50.8827 -0.795396  54.4828 -34.9897   348.69 -34.9897  26.6714 -227.051   348.69 -227.051  2440.45
-263   29    0  -527.027   59.0043 -0.700714  17.2185 -19.3548  119.575 -19.3548  30.7511 -174.214  119.575 -174.214  1051.74
-269   26    0 -538.537  52.9114 -0.89079  47.1205 -30.5057  359.842 -30.5057  24.9732 -243.346  359.842 -243.346   2980.7
-269   25    0  -538.64  51.2552 0.697198  16.4464 -36.3016    -7.63 -36.3016  132.579  18.3941    -7.63  18.3941  4.04648
-235   34    0 -470.288  68.8096 0.366924 423.895 284.013  36.566 284.013   520.7 45.2946  36.566 45.2946 5.23243
-239   32    0 -478.953   64.554 0.791772  379.679 -413.453 -63.5282 -413.453  615.009  66.6927 -63.5282  66.6927  11.6355
-264   28    0   -528.91   56.9156 -0.883525  6.10554 -2.50713 -11.3034 -2.50713  52.4788 -250.475 -11.3034 -250.475  1351.05
-265   28    0  -530.963   56.7076 -0.913578  7.88799  -6.8846  61.7756  -6.8846  40.3597 -223.688  61.7756 -223.688  1380.46
-268   26    0 -536.777  52.9943 -0.97861  6.52175 -2.87433   56.556 -2.87433  26.1355  -147.15   56.556  -147.15  1184.17
-250   35    0 -500.962  70.9497 -1.14223  25.7179  -43.626  19.1831  -43.626  81.6243 -8.47718  19.1831 -8.47718  1765.13
-259   30    0  -518.898   60.7534 -0.957905  6.52417 -19.2451  93.6214 -19.2451  85.4273 -401.691  93.6214 -401.691  1961.61
-264   27    0  -529.473   55.4128 -0.836498   14.5549   1.63573 -0.707076   1.63573   157.465   52.2522 -0.707076   52.2522    18.686
-265   27    0 -530.818  55.4644 -1.10127   17.989 -25.2243  172.711 -25.2243  45.4064 -257.398  172.711 -257.398  2669.29
-261   26    0  -522.178   53.6744 -0.408682  582.699  234.422 -25.5201  234.422  283.208  10.6488 -25.5201  10.6488  4.55642
-267   25    0  -535.219   51.2587 -0.557379  4.57006 -1.93129  1.54875 -1.93129  4.17858 -1.08485  1.54875 -1.08485  1.14283
-268   25    0  -536.933   51.2616 -0.512093 8.61898 8.19521 3.79824 8.19521  13.401 3.90091 3.79824 3.90091  2.2801
-240   36    0  -480.195   73.8711 -0.019568 90.2603 86.5243 8.51736 86.5243 574.185 16.6976 8.51736 16.6976 2.00592
-228   32    0   -457.144    64.3185 -0.0790355  699.939  7.82712 -3.85365  7.82712  797.763  144.391 -3.85365  144.391  27.0253
-252   30    0  -504.533   61.1963 -0.165313   354.44  18.4155  -40.535  18.4155  436.236 -9.12743  -40.535 -9.12743  5.19569
-257   30    0 -514.964  61.1664 -1.11664  5.28427 0.437202  20.9973 0.437202  2.29702 -1.42921  20.9973 -1.42921  188.564
-246   29    0 -492.295  58.8787 0.621318  235.656 -36.0893 -13.9422 -36.0893  511.251 -27.3645 -13.9422 -27.3645  3.62804
-249   25    0 -499.559  51.1948 0.885498 375.902 489.251 7.09635 489.251 648.059 9.34833 7.09635 9.34833 1.15516
-259   29    0 -518.949  59.0324 -1.25951  18.9561  19.6117 -151.287  19.6117  43.4989 -273.615 -151.287 -273.615  1865.89
-261   29    0 -523.228  59.0132 -1.04673  13.7639 -19.4889  96.6557 -19.4889  48.9756 -224.624  96.6557 -224.624  1067.17
-260   29    0 -520.728  58.9233  -1.1044  2.56859  1.19358 -2.51699  1.19358  7.82446 -12.7482 -2.51699 -12.7482  44.4347
-230   30    0 -461.493  60.4554 0.475653  524.108 -117.193  35.9297 -117.193  806.135 -20.2393  35.9297 -20.2393  3.62304
-253   30    0 -507.071  60.3948   -1.273  2105.48  1428.95 -1258.86  1428.95  994.017 -850.374 -1258.86 -850.374  788.575
-265   34    3 -530.947  68.5135  6.81537  279.938 -486.341 -5.15732 -486.341  1551.19  84.4771 -5.15732  84.4771    11.14
-226   27    0 -453.195  54.6855 0.597772  213.889  261.267 -20.1462  261.267  734.712 -4.28256 -20.1462 -4.28256  3.75729
-263   27    0   -526.94   54.6429 -0.964004  3.11601 -3.14315  0.51262 -3.14315  9.50307 -2.37076  0.51262 -2.37076  4.10414
-265   26    0 -531.249  53.0202 -1.26876  15.4457 -9.73258  138.814 -9.73258  8.99026  -104.32  138.814  -104.32  1460.35
-225   25    0  -450.856    50.842 -0.235602 15.4575 12.5084 5.69988 12.5084 16.5308 6.14944 5.69988 6.14944 3.54924
-265   25    0 -531.064  51.0005 -1.40206   5.74505 -0.131027   41.0736 -0.131027   2.14117  0.546342   41.0736  0.546342    470.79
-255   30    0 -511.694  61.7406 -1.48887  571.641 -262.358 -2332.36 -262.358   175.19  1220.88 -2332.36  1220.88  10204.1
-256   30    0 -512.707    60.64 -1.00425   8.12371    1.0907 0.0596015    1.0907   8.50786  -1.13047 0.0596015  -1.13047  0.834908
-254   29    0 -509.304  59.0227 -1.12024 16.4994 22.7049 3.67207 22.7049 41.6092 5.02154 3.67207 5.02154 4.17979
-258   29    0 -517.126  58.5947  -1.3869  19.4321 -79.6881  193.647 -79.6881  395.986 -969.644  193.647 -969.644  2412.15
-251   28    0 -503.779  56.8895 -0.96892  702.402 -231.271 -49.0487 -231.271  381.175 -10.1334 -49.0487 -10.1334   6.5291
-264   26    0 -528.794  52.7859 -1.45152  2.43334 0.311819  15.0565 0.311819  23.8588 -167.097  15.0565 -167.097   1668.3
-264   25    0 -528.665  51.1701 -1.51402  2.80341 -1.52568  9.40317 -1.52568  20.6706 -80.6804  9.40317 -80.6804  807.251
-244   25    0  -489.201   50.1537 -0.138745  89.3508   -113.4  14.0268   -113.4  374.696 -20.4862  14.0268 -20.4862  3.10428
-230   33    0  -461.671   66.8734 -0.257846   304.86  -75.208 -4.31112  -75.208  425.764  13.0159 -4.31112  13.0159 0.947454
-251   31    0 -503.195  62.3133   -1.475  5.86903 -10.3634 -11.8019 -10.3634  36.6411  11.0991 -11.8019  11.0991  91.8002
-257   29    0 -515.087  58.9182 -1.49353  9.57904 -13.2398  53.1578 -13.2398  25.4303 -117.111  53.1578 -117.111  710.189
-253   28    0  -506.873   56.7953 -0.722735  537.405 -3.55589 -51.0014 -3.55589  539.676 -37.2498 -51.0014 -37.2498  8.00802
-261   28    0 -522.865   57.081 -1.41543  3.35219 -1.39495   2.6095 -1.39495  4.66788  -6.6935   2.6095  -6.6935  32.7224
-248   27    0   -496.48   55.8492 -0.641746  391.828  152.943 -47.5455  152.943  1000.22 -54.7305 -47.5455 -54.7305   8.2143
-232   27    0 -465.158   54.544 0.132952 8.78307 13.4709 1.14322 13.4709 113.206 23.1602 1.14322 23.1602 5.78169
-225   27    0  -450.461   54.3397 -0.299289  394.395  -50.789 -4.98332  -50.789  542.707 -23.5089 -4.98332 -23.5089   2.1483
-260   26    0  -520.948   53.0322 -0.101099  62.6682  123.924 -11.6621  123.924  268.268 -27.2603 -11.6621 -27.2603  3.61402
-263   26    0 -526.956  53.3831 -1.36436   2.10171   3.13668 -0.306873   3.13668    15.876  -11.5802 -0.306873  -11.5802   27.3416
-253   26    0 -507.926  52.5475 0.660421  705.611 -142.489 -11.4601 -142.489  74.1741  2.35318 -11.4601  2.35318 0.922813
-263   25    0  -526.312   51.2532 -0.610102   12.0794   2.63754 -0.837831   2.63754   11.6806  -1.34596 -0.837831  -1.34596   1.55568
-250   31    0 -501.151  63.3414 -1.34149  73.4317  -181.28  35.6342  -181.28  467.594 -92.3335  35.6342 -92.3335  19.6404
-235   31    0  -470.996    62.757 -0.166026  290.195 -215.678 -12.4289 -215.678  475.169 -6.90609 -12.4289 -6.90609  2.05233
-244   30    0  -488.296   60.5892 -0.477198  437.896   184.31 -4.87163   184.31  79.9505 -1.76143 -4.87163 -1.76143  1.24389
-249   29    0  -498.481    59.583 -0.545176  175.533   96.672 -71.3156   96.672  405.076 -56.8152 -71.3156 -56.8152  30.7906
-253   29    0 -506.631  59.2888 -1.72472  179.294 -88.5114 -413.948 -88.5114  70.7804  449.964 -413.948  449.964  3568.61
-256   29    0 -513.261  58.8774 -1.47182 3.29357 0.10802 2.93006 0.10802 4.04811 1.71654 2.93006 1.71654 13.0031
-262   27    0 -524.806  54.9926 -1.54545  32.3943 -13.1579  121.953 -13.1579  8.27631 -59.7661  121.953 -59.7661  534.316
-254   26    0  -508.258   52.3381 -0.268956  37.0393  29.0538 -2.28517  29.0538  121.556 -7.27762 -2.28517 -7.27762  1.12519
-242   35    0 -485.116  70.5158 -1.24956  286.684  208.894 -42.0839  208.894  1195.27 -190.118 -42.0839 -190.118  31.8564
-247   34    0  -495.569   68.7505 -0.613819   235.96 -161.807  7.24015 -161.807  120.554 -5.99706  7.24015 -5.99706 0.688442
-255   29    0 -510.936  59.3679 -1.52312  3.69793  2.44254 -1.19157  2.44254  12.7273 -10.1726 -1.19157 -10.1726  31.9075
-249   28    0  -498.146   56.6378 -0.533304  898.119 -46.9209 -52.1105 -46.9209  825.289 -42.6026 -52.1105 -42.6026  6.44843
-260   28    0 -520.697    56.84 -1.26567  15.8202 -8.69728  10.8637 -8.69728   8.5715 -7.59447  10.8637 -7.59447  12.2644
-259   28    0 -519.103  56.7542 -1.57757   3.33981  0.644005  -2.58279  0.644005     3.593 -0.708632  -2.58279 -0.708632    11.888
-230   26    0  -460.553   52.7535 -0.125524  343.725 -173.385  23.4768 -173.385  663.899 -35.9581  23.4768 -35.9581  3.35758
-262   26    0 -525.449  53.0985 -1.65242  28.9667  7.14083 -1.55139  7.14083  5.06399 -12.0452 -1.55139 -12.0452  66.0255
-250   25    0  -500.144   51.4283 -0.952231  932.163 -3.46388 -53.2351 -3.46388  931.293 -60.3373 -53.2351 -60.3373  7.91737
-246   33    0  -492.478   66.4169 0.0683701  296.296 -40.8963 -22.1918 -40.8963  348.504 -23.1032 -22.1918 -23.1032  4.03511
-229   33    0 -458.622  66.2206 0.704288  96.9457 -105.307   5.3396 -105.307  406.535 -5.95525   5.3396 -5.95525  1.31326
-230   31    0  -460.245   63.0773 -0.473079  395.685  76.9573 -18.8198  76.9573   773.64  157.113 -18.8198  157.113  35.8262
-240   29    0   -481.332    58.1225 -0.0023152  19.1974 -8.79457 -2.55975 -8.79457  96.6908 0.982875 -2.55975 0.982875  1.09262
-240   28    0 -481.283  57.8988  0.46956  14.8245  6.45528 -1.35148  6.45528  72.3177  2.20931 -1.35148  2.20931 0.627033
-237   28    0 -475.288  57.4196 0.143402  350.435 -227.883  -27.317 -227.883    629.9 0.289997  -27.317 0.289997  3.52982
-228   28    0 -456.523  57.2042 0.263826  19.7576 -4.67596  1.24636 -4.67596   74.504  1.95552  1.24636  1.95552  1.14415
-255   28    0  -511.419   56.7916 -0.280411 54.2369  64.307 33.8236  64.307 167.858 64.3186 33.8236 64.3186 27.7549
-245   28    0  -490.624   57.1176 -0.579779  271.355  20.4451 -44.5896  20.4451  582.494 -25.6489 -44.5896 -25.6489  8.78362
-256   28    0 -512.542  56.6041 -1.53695  4.88211    1.759 -1.79371    1.759  19.9539  4.65708 -1.79371  4.65708  4.60211
-265   36    1 -530.656  73.2584   3.5443  162.238 -257.434  23.5964 -257.434  527.662 -75.9339  23.5964 -75.9339  37.7969
-257   28    0 -514.836  56.4144 -1.85916  2.58098  1.78801 -2.71502  1.78801  38.9621  36.2018 -2.71502  36.2018   77.345
-258   28    0  -516.911   57.4946 -0.965672   5.07487  -0.12966 -0.202764  -0.12966   7.55946   -1.6857 -0.202764   -1.6857   1.13539
-239   28    0    -478.89    56.1446 -0.0271548  410.113 -314.243 -25.4561 -314.243  252.525  20.3466 -25.4561  20.3466  2.76341
-259   27    0  -519.029   54.6021 -0.742394  30.7573  12.1101 -9.39296  12.1101  8.15647 -2.91464 -9.39296 -2.91464  3.59316
-227   27    0  -455.436   55.3588 -0.766026  173.867 -430.796 -12.6707 -430.796  1078.01   30.584 -12.6707   30.584  2.84686
-255   27    0   -511.29   54.3723 -0.870782  307.145 -115.635  -12.245 -115.635   518.95  18.6887  -12.245  18.6887  1.47676
-261   27    0 -523.152  54.8491 -1.40451   4.85072 -0.279435   1.84061 -0.279435   3.34942 -0.151057   1.84061 -0.151057   4.16124
-235   31    2 -470.74 63.0779 4.78677  217.377  282.268 -12.7495  282.268  1938.87 -51.0464 -12.7495 -51.0464  3.49252
-236   26    0    -472.585     52.3981 -0.00266106  244.746 -80.0485 -28.4657 -80.0485  319.455  18.2249 -28.4657  18.2249  4.46377
-226   25    0   -452.332    51.2928 -0.0237144  189.135 -232.362  20.2872 -232.362  321.897 -24.8017  20.2872 -24.8017  2.87589
-242   25    0  -485.099   51.0017 -0.249814  36.5855 -61.5968  12.9219 -61.5968   108.72 -22.8436  12.9219 -22.8436  5.43119
-262   25    0   -525.757    51.3065 -0.0552506  17.3294  4.36746  1.53348  4.36746  6.71711  0.10161  1.53348  0.10161 0.640226
-249   29   -1 -499.195  59.5279 -2.09533  8.82727 -27.6331  85.5993 -27.6331  141.885 -441.017  85.5993 -441.017  1742.56
-250   29   -1 -501.178  59.1663 -2.08764  46.2644 -59.8798  111.118 -59.8798  89.8862 -43.0277  111.118 -43.0277  1837.32
-258   27   -1 -517.394  55.1556  -2.0716 7.62699 -10.109   12.25 -10.109 74.8267 -400.84   12.25 -400.84 2819.17
-255   27   -1 -510.703  54.9072 -2.13105  9.77971 -10.7151  106.992 -10.7151   26.518 -208.496  106.992 -208.496  2080.15
-261   26   -1 -523.034  53.0856  -2.1147  26.5275 -24.8414  215.336 -24.8414  28.1291 -220.348  215.336 -220.348  2153.16
-248   30   -1 -496.918  61.1371 -2.14646  8.23236 -10.7559  107.218 -10.7559  22.1886 -189.406  107.218 -189.406   1955.7
-252   27   -1 -505.642  54.6826 -2.16558  17.0852 -57.1576  50.3869 -57.1576  8072.64  -8038.6  50.3869  -8038.6  9092.73
-257   27   -1 -514.987   54.566 -2.14486  6.32288 -2.54689  57.4167 -2.54689  14.2168 -100.473  57.4167 -100.473  1177.89
-259   27   -1 -518.752  54.7458 -2.09029  44.1283  -65.634  224.228  -65.634  102.645 -350.836  224.228 -350.836   1298.6
-254   27   -1 -509.152  54.4945  -2.1583  6.31568  2.85447 -12.1852  2.85447  9.43438 -36.2806 -12.1852 -36.2806  661.897
-260   26   -1 -521.255  53.1247 -2.15071  39.3011  13.0206 -288.674  13.0206  7.92598 -91.6476 -288.674 -91.6476  2376.58
-248   29   -1  -496.8 59.0894 -2.3216  4.87142 -3.41347 -28.0873 -3.41347  16.9587 -7.93598 -28.0873 -7.93598  1128.92
-250   27   -1 -500.748  54.6194 -2.18823  2.82586 -3.88619  8.78682 -3.88619  62.9096 -96.3079  8.78682 -96.3079  314.535
-249   27   -1 -499.317  54.4766 -2.27424  5.05346 -8.22029   6.2375 -8.22029   207.07 -56.1572   6.2375 -56.1572  185.904
-251   27   -1 -502.704  54.4754 -2.22589  5.95445  2.46162 0.132051  2.46162  47.6695 -91.2877 0.132051 -91.2877  301.417
-258   26   -1 -516.387  52.8177 -2.24549  18.0412 -13.3202  7.48647 -13.3202   57.823  24.1597  7.48647  24.1597  187.558
-252   26   -1 -505.155  52.7254 -2.36725  2.19328 -1.48579 -21.4719 -1.48579  4.88743  4.89055 -21.4719  4.89055  1283.56
-253   26   -1 -507.563  52.6227 -2.28313  7.30415 -2.06901  84.6295 -2.06901  3.24785 -41.7529  84.6295 -41.7529  1330.72
-254   26   -1 -508.934    52.33 -2.16257  7.23222  10.3409 -8.32697  10.3409  27.9111  2.93492 -8.32697  2.93492   112.13
-250   38    1 -500.938  76.6639  3.17901  1166.71  -1338.6 -88.7303  -1338.6  1770.44  120.711 -88.7303  120.711  11.1401
-247   30   -1 -494.728  60.4515 -2.37942  275.658 -322.604 -230.342 -322.604  382.296  236.376 -230.342  236.376   1491.7
-256   26   -1 -513.397  53.4405 -2.37615  3.25609  4.57644  -11.496  4.57644  84.5323 -418.072  -11.496 -418.072  2664.64
-257   26   -1 -515.069  53.3316 -2.29653  11.2096   -14.97  102.236   -14.97   29.418 -178.838  102.236 -178.838  1250.08
-260   25   -1 -520.542  50.5651 -2.27727  46.0998  1.29436 -78.1346  1.29436   5.0748 -4.16721 -78.1346 -4.16721  161.966
-245   31   -1 -490.514    62.86 -2.32688  7.65606  46.3469 -9.29428  46.3469  449.612 -48.7853 -9.29428 -48.7853  40.1652
-246   30   -1 -493.106  60.8929 -2.46484  39.9134  -20.507  284.393  -20.507  13.5666 -154.443  284.393 -154.443  2317.46
-248   27   -1 -496.743  54.9345 -2.29342  13.1513  4.85593 -50.6469  4.85593  5.60838 -33.6927 -50.6469 -33.6927  303.764
-250   25   -1 -500.588  51.5127 -2.33865  871.209  2333.41 -18.2364  2333.41  6373.08  6.14384 -18.2364  6.14384  55.6617
-255   25   -1 -511.233  51.2394 -2.39285  40.9737 -76.4121 -44.7209 -76.4121  154.608   87.529 -44.7209   87.529  72.3234
-252   25   -1 -505.072  50.6667 -2.47731  12.7188 -12.7205 -120.916 -12.7205  16.9667  123.777 -120.916  123.777  1592.83
-257   25   -1 -515.288  51.1866  -2.4938  3.45006  3.51993 -7.39014  3.51993  15.5682 -76.3629 -7.39014 -76.3629  608.691
-253   25   -1 -506.761  50.6039 -2.48499  3.71386 -1.24797  14.4164 -1.24797  3.16481 -23.4369  14.4164 -23.4369  494.573
-258   25   -1 -516.596  50.8827  -2.4944   3.55595 0.0329508   5.90607 0.0329508   8.12125  -58.4647   5.90607  -58.4647   634.522
-256   25   -1 -513.187  50.4456 -2.53065  15.1354  9.79477 -39.3843  9.79477  13.1899  -19.073 -39.3843  -19.073  543.777
-259   25   -1  -519.07  50.5782 -2.38847  4.64591  -4.3264  19.7609  -4.3264  15.3558 -54.5966  19.7609 -54.5966  232.614
-254   25   -1 -509.273  50.9414 -2.44229   4.13029 -0.502957  -6.70805 -0.502957   5.73983  -37.9844  -6.70805  -37.9844   386.329
-246   33    4 -492.228  66.7891  8.80725 1066.41 1881.29 464.699 1881.29 3990.27 884.044 464.699 884.044 217.004
-266   25    3 -533.043  51.1104  7.32877    3.3867  -1.49174  -1.57074  -1.49174   4.41377 0.0620053  -1.57074 0.0620053   3.67095
-245   30   -1 -490.983  61.1373 -2.62426   7.0743 0.564573  8.38486 0.564573  9.70414 -20.0207  8.38486 -20.0207  85.2029
-230   36    2 -460.456  73.7591  5.12466  366.516 -565.829 -29.8791 -565.829  2006.21  37.7741 -29.8791  37.7741  5.11684
-240   29    5 -480.307  58.3885  11.3065   16.5937    -3.185 -0.231212    -3.185   7.62036  -1.74901 -0.231212  -1.74901   3.21612
-246   27   -1 -492.696  54.3965 -2.47213   4.88715 -0.358316 0.0155422 -0.358316   5.17443   3.96959 0.0155422   3.96959   14.4711
-247   26   -1 -494.837  52.5769 -2.55211  5.48221 -4.23921  9.72245 -4.23921   13.177 -19.7123  9.72245 -19.7123  58.1872
-272   25    0 -544.901  51.3885 -0.11104  92.1454 -34.3685   556.71 -34.3685  17.4196 -211.718   556.71 -211.718  3554.56
-248   25   -1 -496.709  51.1626 -2.61151  27.0316  -34.248   35.394  -34.248  51.7031 -45.2255   35.394 -45.2255  119.088
-236   37   -1 -473.841  75.7433 -2.61649  1146.91 -2475.56  39.6898 -2475.56  6464.73  3.67083  39.6898  3.67083  16.3113
-247   25   -1 -495.319  51.4026 -2.71872  7.75961  5.85314  7.22507  5.85314  11.4219 -10.5128  7.22507 -10.5128  67.2081
-245   29   -1 -491.121  59.0577 -2.86046   15.989 -6.56934  96.5439 -6.56934  6.05769 -48.2404  96.5439 -48.2404  718.223
-245   28   -1 -490.863  57.0296 -2.74558  6.10172  -5.9252 0.534318  -5.9252  13.3469 0.622149 0.534318 0.622149  11.5399
-246   26   -1 -493.006  52.9823 -2.82286  6.19673 -1.10739  18.6711 -1.10739  4.12754 -10.6221  18.6711 -10.6221  109.347
-246   25   -1 -493.046  51.0813 -2.98087  12.0149 -6.10068   107.85 -6.10068  6.94072 -65.9599   107.85 -65.9599  1425.72
-239   38   -1 -479.361  77.7199 -2.82035  6.16301   14.199    -3.58   14.199  82.9673 -30.3708    -3.58 -30.3708  17.2309
-239   36   -1 -479.581  73.0449 -2.74326  314.557  182.935 -17.0795  182.935  109.336  -14.282 -17.0795  -14.282   11.473
-241   34   -1 -482.769  68.6286 -3.11102  53.8423 -24.3745  352.649 -24.3745  25.8803 -243.716  352.649 -243.716   2947.4
-242   33   -1 -484.567  66.9886 -2.79742  3.37888  -2.1198  2.33087  -2.1198  17.7607 -22.3649  2.33087 -22.3649  33.4409
-243   31   -1 -486.967   63.844 -3.06111 7.92127  -13.06 86.3809  -13.06 420.851 280.257 86.3809 280.257 1784.79
-244   30   -1 -488.894  60.8362 -2.72676  3.09018  2.17101 -2.48525  2.17101  5.30085 -3.38088 -2.48525 -3.38088  11.7419
-245   27   -1 -491.338  54.7735  -2.9824  19.5678 -10.7224  175.613 -10.7224  9.05894 -108.585  175.613 -108.585  1868.63
-245   26   -1 -491.135  53.2251 -3.06289    33.6567 -0.0222838    224.219 -0.0222838     2.9881    -7.2783    224.219    -7.2783    1609.58
-237   40   -1 -474.444   81.356 -2.79795  422.658 -585.851  132.059 -585.851  925.855 -202.352  132.059 -202.352  47.0521
-243   30   -1 -487.595  60.6916 -3.02458  6.62213  1.06321  6.95037  1.06321  4.94523 -11.7185  6.95037 -11.7185  99.5604
-244   29   -1 -489.022  58.6833 -3.08971  27.7188 -15.3197  208.326 -15.3197  13.9212 -113.265  208.326 -113.265  1733.08
-244   28   -1 -489.144   56.871 -3.15767  31.3568 -13.9248  208.116 -13.9248  9.16782 -86.1291  208.116 -86.1291  1586.86
-238   37   -1 -476.343  74.9433 -3.21144  1018.57 -505.809  119.243 -505.809  255.441 -80.3111  119.243 -80.3111  211.952
-243   29   -1 -487.504  59.4778 -3.19863  8.67408 -4.69004  25.3259 -4.69004  7.72955 -12.9079  25.3259 -12.9079  172.375
-245   25   -1 -491.351  51.2577  -3.1237  26.5608 -4.04545  173.982 -4.04545  10.7422 -77.7787  173.982 -77.7787  1498.46
-242   29   -1 -485.084  58.9806 -3.34312  63.8177 -66.5036 -4.28579 -66.5036  80.9882  4.57956 -4.28579  4.57956  96.8727
-243   28   -1 -487.001  56.5734 -3.44204  55.2613 -19.0137  256.453 -19.0137  11.0425 -81.6267  256.453 -81.6267  3912.64
-244   27   -1 -489.076  55.0192  -3.2529  24.7525 -1.26768  169.239 -1.26768  2.58376    -9.94  169.239    -9.94  1220.12
-244   26   -1 -488.532  52.4483 -3.40564  48.9814 -16.5798  413.399 -16.5798  25.3237 -157.655  413.399 -157.655  3792.22
-241   31   -1 -482.893   62.612 -3.15015   19.2463 -0.641089   28.0339 -0.641089   4.46753   1.34096   28.0339   1.34096   62.1609
-229   28   -1 -459.907  56.7681 -2.94993  4119.39 -133.167  728.412 -133.167  3266.47  20.6018  728.412  20.6018  133.799
-243   27   -1 -486.763  54.8052 -3.53083  273.689 -80.2324  1413.68 -80.2324  42.1313 -350.403  1413.68 -350.403  8174.89
-244   25   -1 -488.695  50.8754 -3.31021   7.00741 -0.988259   6.47074 -0.988259   6.06399   1.97722   6.47074   1.97722   16.7304
-237   37   -1 -474.522  75.3653  -3.2523  52.0545 -55.6046 -35.1956 -55.6046  64.2805  33.3002 -35.1956  33.3002  39.8674
-230   36   -1 -460.319  73.5344 -2.96679 101.281 74.7807 20.4951 74.7807 2791.26 229.381 20.4951 229.381 27.1383
-239   34   -1  -478.62  69.2789 -3.46831  65.7967 0.391481  307.041 0.391481  10.4088 -40.2451  307.041 -40.2451  1677.97
-230   36    0 -460.424   73.502 0.626841   10.8162 0.0393842   1.14789 0.0393842   11.8916   1.46185   1.14789   1.46185   1.22158
-239   33   -1 -479.443  67.5526 -3.51261  52.4593 -199.565  301.407 -199.565  897.956 -1338.63  301.407 -1338.63  2022.81
-256   27   -1 -512.893  54.5819 -2.17034  2.50275  5.84914 -18.3254  5.84914  65.8936 -295.813 -18.3254 -295.813  1677.17
-229   33   -1 -458.498   66.122 -3.15396  77.4996 -14.0229   6.9826 -14.0229  842.607 -78.9914   6.9826 -78.9914  12.4925
-240   32   -1 -480.856  65.1133 -3.36293   2.53284   1.09991 -0.938767   1.09991   9.54148  -1.25242 -0.938767  -1.25242    17.449
-228   32   -1 -457.209  64.8576 -3.46069  1033.83 -1076.12 -29.2479 -1076.12  1125.62  33.8388 -29.2479  33.8388  14.5161
-240   31   -1 -481.239  62.3788 -3.49018  79.7336  -29.239 -92.3088  -29.239  14.9688  52.2553 -92.3088  52.2553  264.994
-230   30   -1 -461.177    60.36 -3.22038 4232.02 1011.09 271.097 1011.09 719.597 48.1586 271.097 48.1586 22.4916
-241   29   -1 -482.181  58.3478 -3.14583  234.616  102.064 -59.8278  102.064  64.2527 -27.6667 -59.8278 -27.6667  19.2781
-238   36   -1 -476.805  73.1414 -3.48076  9.94832  3.27147  3.84459  3.27147  63.8953 -139.507  3.84459 -139.507  329.668
-241   28   -1  -482.57  57.8818 -3.55182   10.5853  -73.1771 -0.262946  -73.1771   991.292   -74.734 -0.262946   -74.734   24.0152
-242   28   -1 -484.693  57.1379 -3.63082  2.86582  0.41039  12.3234  0.41039  2.73401 -4.36117  12.3234 -4.36117   174.26
-227   27   -1 -455.205  55.5253   -3.154  221.728 -387.942 -49.9813 -387.942  696.221  79.0607 -49.9813  79.0607    17.83
-240   27   -1 -481.557  54.5376 -3.37786  109.183 -24.8642 -30.3873 -24.8642  13.7059  3.19568 -30.3873  3.19568  14.4215
-230   26   -1 -460.489  52.6363 -2.99025  1316.65  393.904 -180.613  393.904  1432.33 -210.443 -180.613 -210.443  49.8639
-243   26   -1 -486.958  52.8934 -3.60321   46.878 -19.9761  332.582 -19.9761  12.4788 -149.926  332.582 -149.926  2497.91
-237   33   -1  -475.49   66.965 -3.29571  331.454 -668.774 -22.7865 -668.774  1366.55  50.0216 -22.7865  50.0216  4.97147
-271   25    0  -543.099   51.1501 -0.396492  317.176 -88.7615  717.079 -88.7615  29.8593 -234.631  717.079 -234.631  2058.58
-239   32   -1  -479.31  64.6238 -3.19014  467.43 199.763 47.7761 199.763 110.768 19.6714 47.7761 19.6714 8.02029
-240   30   -1 -480.385  60.9841 -3.47108     18.147    3.58846 -0.0473248    3.58846    6.62264    12.7486 -0.0473248    12.7486    33.3825
-239   28   -1 -479.175  56.3539 -3.11105  19.8273 -6.12484 -8.14825 -6.12484  3.82964  2.07643 -8.14825  2.07643  6.47489
-226   27   -1 -453.481  54.7125 -3.15759   295.358   7.43821 -0.779395   7.43821    1362.4   31.7396 -0.779395   31.7396   4.41502
-242   27   -1 -485.208   54.805 -3.55852  9.4283 2.95931 -10.952 2.95931 5.47205 1.56665 -10.952 1.56665 30.3069
-225   25   -1 -450.687  50.9451 -3.32237  2033.57 -1044.97 -52.7011 -1044.97  960.143  7.89494 -52.7011  7.89494  5.35919
-243   25   -1 -486.794  51.0434 -3.36556    5.80641    4.61991 -0.0996489    4.61991    6.93704    1.69172 -0.0996489    1.69172    4.02074
-225   36   -1  -451.44  73.2888 -3.44964  21.3192 -11.6901 0.819123 -11.6901  83.6128 -13.6991 0.819123 -13.6991  6.77181
-225   31   -1 -451.635  62.9577  -3.2766  255.932  164.255 -41.1634  164.255  118.925 -26.3009 -41.1634 -26.3009  9.33107
-235   31   -1 -471.049  62.6569 -3.02334  394.962 -388.329 -33.6943 -388.329  391.542  35.2361 -33.6943  35.2361   6.3316
-239   31   -1 -478.731  62.6267 -3.86511  2.47771 0.450544 -10.3177 0.450544  3.15181 -14.5686 -10.3177 -14.5686  343.669
-239   30   -1 -479.116  60.9512  -3.5244   2.86615 -0.248309 -0.253423 -0.248309   4.36536   2.55304 -0.253423   2.55304   4.85988
-226   29   -1 -453.588  59.6072 -3.31872  1046.85  134.804 -36.5802  134.804  2361.97 -73.7915 -36.5802 -73.7915  5.69615
-228   28    3 -457.009  57.1688   6.9392   58.257 -48.1062 -3.72101 -48.1062  46.0955  5.36606 -3.72101  5.36606  3.70171
-230   29   -1 -461.392   59.593 -3.39672   155.01 -264.178 -4.48315 -264.178  463.991  11.9566 -4.48315  11.9566  4.45228
-240   29   -1  -481.21  58.3328 -3.09436  9.17369 -3.34899  3.22357 -3.34899  6.63851 0.473202  3.22357 0.473202  4.14522
-237   28   -1 -475.532  57.3483 -3.30127  909.182 -1239.57 -89.7013 -1239.57  2722.91  98.6586 -89.7013  98.6586  13.1442
-228   28   -1 -456.492    57.19 -3.10992   15.9346  0.252996 -0.107903  0.252996   24.8418  0.444256 -0.107903  0.444256   3.24489
-240   28   -1 -481.253  57.5534 -3.18736  12.7198  11.4503 -2.26433  11.4503  15.5843 -3.16409 -2.26433 -3.16409  3.41652
-238   27   -1 -476.579  55.7045   -3.514  213.272 -159.933 -35.8864 -159.933   1058.8  111.106 -35.8864  111.106  21.9963
-232   27   -1 -465.582  55.0807  -3.2235  2154.39 -229.851 -216.335 -229.851  278.285  61.5456 -216.335  61.5456  29.8256
-262   28    0 -524.907  56.9107 -1.26901  14.0595 -20.4228  155.417 -20.4228  37.1271 -263.085  155.417 -263.085  2049.69
-225   27   -1 -450.683  54.3097 -3.69902   924.39  875.782  108.066  875.782  7680.95 -554.392  108.066 -554.392  92.2636
-239   27   -1 -479.127  55.5265 -3.32676  240.591 -56.0637  -35.714 -56.0637  16.0728  5.06439  -35.714  5.06439  12.8175
-241   27   -1 -483.268  54.1554 -3.65296  5.44573  10.3321  -4.3853  10.3321  113.783 -56.5973  -4.3853 -56.5973  64.9746
-241   26   -1 -482.393  53.9719 -3.75577   17.803 -74.1171  24.6614 -74.1171  6537.23 -1005.82  24.6614 -1005.82  232.835
-240   26   -1 -481.014  53.8953 -3.92903  4.60006 -9.74157  16.3839 -9.74157   311.36 -173.772  16.3839 -173.772  260.608
-236   26   -1 -472.915  52.4349 -3.07452  245.546 -165.379 -20.8507 -165.379  537.455  23.2984 -20.8507  23.2984  6.00936
-261   25   -1 -523.423   50.432 -2.14944  25.6866 -10.1191  128.553 -10.1191  24.2403 -66.0969  128.553 -66.0969  1033.41
-227   26   -1 -455.683  52.3959 -3.06696  577.747  -35.833 -13.8575  -35.833  2302.13  5.40528 -13.8575  5.40528  3.70988
-226   25   -1 -452.298  51.1172 -3.19679  311.247  359.427 -45.5639  359.427  2289.75 -137.655 -45.5639 -137.655  14.6326
-242   25   -1 -485.308  51.0586 -3.58761   7.00112 -0.927318  -3.09466 -0.927318   3.77611 -0.571463  -3.09466 -0.571463   5.83948
-242   25   -2 -484.441  50.8524 -4.00656  90.9705 -19.8076  168.917 -19.8076  7.55742 -34.4993  168.917 -34.4993  3078.43
-235   35   -2 -471.479  70.5526 -4.17508  137.721 -38.4862  657.065 -38.4862  26.9035 -10.4056  657.065 -10.4056  9811.01
-238   32   -2  -477.29  64.3268 -4.07247  7.75806 -1.14536  45.7782 -1.14536  26.9783 -123.157  45.7782 -123.157  1633.66
-249   30    0 -498.216  60.8316 -1.57822  1524.78 -1636.41 -181.894 -1636.41  2340.95 -314.349 -181.894 -314.349  509.556
-241   26   -2 -482.505   52.433 -4.11108  22.3081 -16.1028  218.193 -16.1028  19.3922 -154.814  218.193 -154.814  2568.69
-239   30   -2 -478.726  61.1134 -4.09815  59.8886 -29.0166  409.884 -29.0166  19.0713 -209.206  409.884 -209.206  2957.78
-239   29   -2 -478.831  58.8785 -4.16998  70.7344  -30.191  331.714  -30.191  16.3475 -133.859  331.714 -133.859  1691.78
-239   28   -2 -479.451   56.805 -4.13847 97.0425 30.3134 258.412 30.3134 11.7936 103.088 258.412 103.088 1170.13
-238   27   -2 -476.785  55.3414 -4.17111  896.873 -349.035  257.759 -349.035  137.147 -102.415  257.759 -102.415  263.707
-241   25   -2  -483.04  50.8469 -4.10464  12.9444 -7.99943  83.9686 -7.99943  8.94901 -69.3027  83.9686 -69.3027  746.002
-237   33   -2 -475.412  67.0836 -4.19443  24.4944 -4.46212  192.513 -4.46212  6.29857  -59.614  192.513  -59.614  1764.52
-238   31   -2 -476.735  62.7641 -4.25801  34.5334 -10.6382  260.006 -10.6382  7.38282 -92.4934  260.006 -92.4934  2118.88
-240   26   -2 -481.077  53.3272 -4.14757   4.01521 -0.778555   13.4628 -0.778555   6.41687  -39.1337   13.4628  -39.1337   384.221
-240   25   -2  -480.63  51.2721 -4.29252  3.76679 0.367963 0.392151 0.367963  3.83589 -5.27449 0.392151 -5.27449  188.483
-235   34   -2 -470.965  69.0899 -4.28359    2.526  1.06842  -1.3493  1.06842  3.61537 -20.4327  -1.3493 -20.4327  277.389
-236   33   -2 -472.968  66.8741  -4.3977  11.7616 -11.4399  129.546 -11.4399  27.7935 -160.055  129.546 -160.055   1800.2
-236   32   -2 -473.493  65.5552 -4.45538   27.8738 -0.935531   280.388 -0.935531   7.05461  -66.0398   280.388  -66.0398    4705.8
-237   31   -2 -475.167  62.8421 -4.30925   3.68218  -2.56465 -0.794344  -2.56465   4.15553  -2.56579 -0.794344  -2.56579   67.8523
-238   30   -2 -477.005  60.9894 -4.34319  19.3376 -11.1203    154.7 -11.1203  8.39558 -94.1979    154.7 -94.1979  1415.89
-227   36   -2 -454.931  73.0088 -4.30637  4.04294 -1.15648  2.54482 -1.15648  5.12223 -12.8368  2.54482 -12.8368  91.0175
-225   36   -2  -451.39  72.7846 -4.25621  45.6837  -35.624  83.2449  -35.624  73.6919 -188.838  83.2449 -188.838  505.829
-235   33   -2 -470.974  67.4036  -4.4192  13.9822 -10.6826  65.1094 -10.6826  13.2673 -66.7126  65.1094 -66.7126  418.378
-237   30   -2 -474.751  60.9833 -4.47655  3.14392 0.597326 -3.46829 0.597326  7.03199 -12.6963 -3.46829 -12.6963   114.87
-238   29   -2 -477.126  59.0157 -4.39442  15.5481 -3.37875  112.456 -3.37875  3.74498 -38.4333  112.456 -38.4333  1115.88
-238   28   -2 -476.599   57.256 -4.47015  6.07365  4.14039 -37.9884  4.14039  20.8097 -202.957 -37.9884 -202.957  2359.49
-239   26   -2 -479.018  53.1307 -4.36361  6.76711 -3.72266   21.625 -3.72266  4.98956 -17.8618   21.625 -17.8618  195.065
-236   30   -2 -472.875  60.6643 -4.43395  2.97705 -1.18193 -3.89117 -1.18193  6.60342  19.5924 -3.89117  19.5924  101.359
-237   29   -2  -474.95  58.9396 -4.57205  6.83652 0.425458   44.997 0.425458   2.1565  1.49795   44.997  1.49795  497.211
-226   33   -2 -453.507  67.4128 -4.62895 4.62277 13.6141 29.7096 13.6141 89.1495 183.575 29.7096 183.575 388.833
-234   33   -2 -468.937  67.5711 -4.60796  44.4681 -37.1879   294.53 -37.1879  36.3465 -258.268   294.53 -258.268  2088.84
-231   28    1 -463.508  56.3967  2.94104 2727.67 1410.81    2077 1410.81 774.551 1060.78    2077 1060.78 1644.66
-262   29    0  -524.991   59.1037 -0.856182  13.6798 -20.1416  117.123 -20.1416  42.6346 -261.113  117.123 -261.113  1739.89
-273   25    3 -547.752  50.5589  7.05066  334.488 -456.213 -50.3142 -456.213  796.014  74.8977 -50.3142  74.8977  9.71032
-229   33   -2 -458.351  66.2155 -4.41574  13.1441 0.211918  4.33574 0.211918  20.4837  6.48066  4.33574  6.48066   17.423
-235   31   -2 -471.087  62.6263 -4.53625   13.0589  -10.4037 -0.210716  -10.4037   12.4088   3.35426 -0.210716   3.35426   31.5642
-236   29   -2 -473.074  59.1833 -4.58643  7.02595  3.04504 -15.3638  3.04504   10.205  -43.758 -15.3638  -43.758  264.547
-239   25   -2 -479.103  51.2458 -4.53091  31.8711 -7.65265   181.74 -7.65265  6.29248 -51.4534   181.74 -51.4534  1141.79
-225   33   -2 -451.163  67.3304  -4.8203  2.99891  3.60321 -5.91597  3.60321  18.9051 -127.431 -5.91597 -127.431  1542.19
-231   32   -2 -463.101  65.0742 -4.72176  35.6541  83.9907 -22.6239  83.9907   416.46  119.336 -22.6239  119.336  170.582
-232   32   -2 -465.043  65.1484 -4.71991  257.522 -288.895  423.684 -288.895  329.168 -491.401  423.684 -491.401  793.239
-235   30   -2 -470.857  60.2702 -4.70979  28.7642 -23.6905  74.2068 -23.6905  41.2761 -57.7114  74.2068 -57.7114  213.784
-237   28   -2 -475.225  57.4578 -4.51719  5.77672 -1.05533  12.9156 -1.05533  6.96073 -2.08767  12.9156 -2.08767  61.3219
-238   26   -2 -476.888  53.2999  -4.5485 4.11341 -2.5501  10.708 -2.5501 8.93731 -25.515  10.708 -25.515 98.9963
-227   32   -2 -455.062  64.8492  -4.7405   2.74373  -2.59975 -0.781838  -2.59975   7.96245   3.80316 -0.781838   3.80316   15.3777
-228   32   -2 -457.122  64.7472 -4.70729  8.15681 0.711954  3.24896 0.711954  4.93842 0.525529  3.24896 0.525529  14.7831
-232   31   -2 -464.719  62.9408 -4.88217   55.342  39.5276 -3.25676  39.5276  29.7336 -2.87053 -3.25676 -2.87053  261.459
-234   31   -2 -468.722  62.6406 -4.79842  4.04575  3.97056 -5.52764  3.97056  8.88993 -19.2076 -5.52764 -19.2076    104.9
-233   31   -2 -466.972   63.083 -4.81952  3.62946  -2.9987 0.906145  -2.9987  6.79963 -8.17259 0.906145 -8.17259  48.6819
-236   28   -2 -472.833  56.8912 -4.83193   5.42051 -0.457079   13.2832 -0.457079   7.26799  -35.0959   13.2832  -35.0959   313.694
-229   32   -2 -458.596  65.0866 -4.68386   4.23991 -0.625574   2.23006 -0.625574   3.21569  -6.74585   2.23006  -6.74585   35.3793
-231   31   -2 -462.538  63.0442 -4.84412  3.39152 -1.95857 -2.99618 -1.95857  4.86257  3.26992 -2.99618  3.26992  83.6298
-229   31   -2 -458.836  63.0125  -4.9123  3.12987 -4.77789  12.1003 -4.77789  19.5085 -45.4723  12.1003 -45.4723  129.418
-233   30   -2 -466.902  60.3996 -4.99643  7.92437 -3.00373 -18.1767 -3.00373  74.9018 -132.293 -18.1767 -132.293  396.952
-235   29   -2 -470.907  59.2917 -4.69736   4.16585 -0.337837    2.9229 -0.337837   3.31329  -4.34786    2.9229  -4.34786   19.6637
-237   26   -2 -475.093  53.2958 -4.79499   4.3049 -1.10284  7.86522 -1.10284   8.5191 -19.4355  7.86522 -19.4355  80.9882
-238   25   -2 -476.938  51.1146 -4.83671  16.3587  -5.4702   112.14  -5.4702  4.90797 -48.4029   112.14 -48.4029  899.465
-227   31   -2 -454.802   62.569 -5.10128  3.39159  -1.1329 -22.8066  -1.1329   43.873  240.578 -22.8066  240.578  3194.95
-228   31   -2 -457.867  62.6041 -5.02529  32.2414  -4.5089  22.1933  -4.5089  29.9749 -77.6259  22.1933 -77.6259  347.676
-227   26    0  -455.628   52.6104 -0.127547  690.113 -380.228  19.7761 -380.228  592.224 -42.3301  19.7761 -42.3301  4.18198
-230   31   -2 -461.045  63.2468 -4.84221  3.85917 -1.02622 -3.13353 -1.02622  4.33017 -4.21004 -3.13353 -4.21004  27.0555
-234   30   -2  -469.15  60.8457 -4.93491  11.6945 -4.26867  29.8335 -4.26867  10.6165  -26.448  29.8335  -26.448  150.073
-230   30   -2 -461.131  60.5818 -4.84393 5.53968 2.30919 1.20435 2.30919 4.54277  1.0905 1.20435  1.0905 8.91629
-232   30   -2 -465.011  60.9839 -5.01076  4.91785 -5.04106  16.6394 -5.04106  15.7303 -54.2633  16.6394 -54.2633  319.823
-235   28   -2 -471.016   57.067 -4.91356   5.68688 -0.902934   4.67156 -0.902934   4.34228   2.22746   4.67156   2.22746   25.6482
-235   27   -2 -471.078  55.4471 -4.82347  8.18469  2.83428  2.21973  2.83428  3.28515 -1.20761  2.21973 -1.20761  9.51431
-226   31   -2 -453.059   62.621 -5.14247   4.53386 0.0859193   19.2024 0.0859193   11.5424  -14.4034   19.2024  -14.4034   717.215
-225   31   -2 -451.093  62.8668 -5.01667  2.73893 0.255637  2.27084 0.255637   2.7859  0.13881  2.27084  0.13881  11.4636
-227   30   -2 -455.066   61.143 -4.99321  6.26826 -1.53402  2.46287 -1.53402  4.71927 -4.22095  2.46287 -4.22095   15.317
-229   30   -2 -459.081  61.1803 -5.12865   4.7423 -1.56567  19.1061 -1.56567  20.2659 -202.089  19.1061 -202.089  2275.67
-231   30   -2 -463.006  60.8952 -5.12328  5.00611 -1.69453  8.79599 -1.69453  4.36966 -17.9603  8.79599 -17.9603  330.401
-233   29   -2 -467.227  59.0414 -5.18992  2.80636 -1.81951  12.5472 -1.81951  19.1296 -90.7546  12.5472 -90.7546   627.02
-234   29   -2 -468.983  58.7926 -5.11999  20.4806  -7.1586  185.262  -7.1586  4.65624 -71.3971  185.262 -71.3971  1877.41
-228   29   -2 -457.664  59.2585 -5.00677  85.8213 -8.50346  34.8865 -8.50346  3.41783 -8.23307  34.8865 -8.23307  35.2564
-236   26   -2 -472.973   52.982 -4.91374   3.41446  0.163271   1.40465  0.163271   3.01903 -0.961265   1.40465 -0.961265   15.8869
-237   25   -2 -474.965  51.0155 -5.09146  15.5117 -6.92823  112.417 -6.92823  7.47173 -64.9675  112.417 -64.9675  1027.33
-226   30   -2  -453.33  61.3936 -5.25696  28.1336 -49.2976  233.258 -49.2976  98.8317 -436.944  233.258 -436.944  2621.89
-229   29   -2 -459.562  58.7725 -5.28723  20.2472  6.88492  -67.864  6.88492  8.86885 -10.2517  -67.864 -10.2517  978.556
-231   29   -2 -463.113   59.259 -5.18931   2.45919 -0.560451  -1.86013 -0.560451   4.11166 -0.249979  -1.86013 -0.249979   10.8196
-232   29   -2 -464.975  59.2415 -5.24437  2.97246 -0.18855  8.52329 -0.18855  7.42468 -43.8943  8.52329 -43.8943  534.535
-230   29   -2 -461.337   59.184 -5.20842  6.24684 -5.23043  9.33292 -5.23043  8.27492  -13.943  9.33292  -13.943  51.1912
-233   28   -2 -467.429  56.9426 -5.27503 19.4488 4.51895 128.257 4.51895 5.06392 51.7922 128.257 51.7922  1107.8
-234   28   -2 -469.127  56.9834 -5.11154 7.05857 4.02008 8.51411 4.02008 5.03924 3.33831 8.51411 3.33831   30.45
-233   27   -2 -466.564   54.591 -4.92207   5.69979 -0.897999 -0.487522 -0.897999   2.09537 -0.950209 -0.487522 -0.950209    12.865
-234   27   -2 -468.816  55.2021 -5.24965 14.9622 2.74695 95.3025 2.74695 3.86914 9.71311 95.3025 9.71311 1026.68
-226   29   -2 -452.968  59.4753 -5.19691  5.01003 -0.50752  4.60366 -0.50752  22.4863 -3.45724  4.60366 -3.45724  9.05766
-227   29   -2 -455.048   58.473 -5.35992  16.3568 -9.75194  80.7807 -9.75194  8.77732 -49.4796  80.7807 -49.4796  795.879
-228   28   -2 -456.576  57.0085 -4.74865  5.96526  1.24952 -2.13079  1.24952  23.2876 -5.03962 -2.13079 -5.03962  6.75289
-229   28   -2  -459.31   57.057 -5.10009  6.14985 -3.98658  2.06459 -3.98658  24.4098  11.5562  2.06459  11.5562  12.4342
-230   28   -2  -460.53  57.0849 -5.12057   4.1246  1.67283 -1.89247  1.67283  8.38422  5.65599 -1.89247  5.65599   12.685
-231   28   -2 -463.194  56.9754 -5.36981  5.92431  5.11324 -44.3767  5.11324  10.0813 -70.0918 -44.3767 -70.0918  1250.08
-232   28   -2   -465.4  57.1288 -5.39693  3.43164  1.24917  -21.084  1.24917  12.1588 -154.424  -21.084 -154.424  2467.26
-235   26   -2 -470.903  53.0553 -5.20195    3.35646 -0.0604026    4.82285 -0.0604026    6.53489    -8.8577    4.82285    -8.8577    44.9534
-236   25   -2 -473.103  51.3403 -5.28031  16.7461 -7.34073  104.168 -7.34073  8.37418 -53.4257  104.168 -53.4257  794.645
-236   37    2 -472.906  75.8207  5.10044  38.7309 -88.4523 -4.39966 -88.4523  457.179  4.40135 -4.39966  4.40135   2.9279
-225   25   -2 -450.753  50.8328 -4.82808  1279.29  675.862  -101.12  675.862  748.827 -77.1889  -101.12 -77.1889  13.9257
-225   30   -2 -450.829  61.2076 -5.36779  5.69611 -1.17028  36.4058 -1.17028    6.264 -59.0484  36.4058 -59.0484  901.784
-227   28   -2 -455.474  57.1875 -5.28563  4.35225 -1.74783  10.5899 -1.74783  6.19578 -14.1708  10.5899 -14.1708  62.9906
-234   26   -2  -469.14    53.07 -5.30512  3.62253 0.910402 -0.10509 0.910402  7.05061 -3.39752 -0.10509 -3.39752  52.3007
-225   29   -2 -450.787  58.6749 -5.52206  5.08941  2.84769  -2.5417  2.84769  5.45203 -5.02133  -2.5417 -5.02133  45.7425
-226   28   -2 -452.966  56.9852 -5.54859   5.2768 -1.19587  20.1749 -1.19587  7.38383 -31.2241  20.1749 -31.2241  252.194
-232   27   -2 -465.253  54.5848 -5.19934  11.8706 -1.03544  19.2179 -1.03544  7.99515  1.17022  19.2179  1.17022  42.7885
-228   27   -2 -457.027  55.1511 -5.45588  3.33183 0.464631 -1.52225 0.464631  3.54926 -1.05176 -1.52225 -1.05176  8.93011
-230   27   -2 -460.914  55.2292 -5.56044  9.41328  11.9222 -33.7957  11.9222  37.8154 -213.965 -33.7957 -213.965  1681.66
-231   27   -2 -463.204  55.1562 -5.56819   3.8075 -2.33607   16.574 -2.33607  11.4395 -92.0906   16.574 -92.0906  948.012
-229   27   -2 -459.006  54.7591  -5.5791  3.78564   1.2095 -23.4844   1.2095  6.85253 -55.0999 -23.4844 -55.0999  765.909
-233   26   -2 -466.884  52.8412 -5.37618  3.47611 0.383094 -1.74448 0.383094  2.72055 -1.07514 -1.74448 -1.07514  16.2192
-235   25   -2 -471.132  51.1784 -5.43985  3.28811 0.170477  1.98798 0.170477   3.3951 -7.35973  1.98798 -7.35973  58.0337
-234   25   -2 -468.841  51.0581 -5.57512   3.07674 -0.256244 -0.363632 -0.256244   3.00522  -3.54381 -0.363632  -3.54381   41.4968
-227   27   -2 -454.939  55.1378 -5.24896  3.35252  -2.0016  1.91293  -2.0016  5.51654 -3.30629  1.91293 -3.30629  4.80602
-225   28   -2 -451.072  56.7872 -5.73103  6.61887 -3.06278  52.5771 -3.06278  15.3186 -107.896  52.5771 -107.896  1225.97
-226   27   -2 -453.233  54.9504 -5.51457    4.6887 -0.872461   1.18176 -0.872461   6.91964   1.50021   1.18176   1.50021   4.94271
-225   27   -2 -451.021  54.5078 -5.19384   5.9479  1.34007 -1.63243  1.34007  5.20082  1.10834 -1.63243  1.10834  2.82448
-231   26   -2 -463.184  53.1574 -5.62829  5.78018 -4.23112  4.93652 -4.23112  7.66649   -7.371  4.93652   -7.371  23.2106
-230   26   -2 -460.869  52.8406 -5.28564  5.49459 0.833492 -2.10843 0.833492  5.78417   2.3384 -2.10843   2.3384  5.29089
-227   26   -2 -455.286  52.8575 -5.45879   3.82691 -0.711088   2.16379 -0.711088   2.32741   1.05201   2.16379   1.05201   5.67567
-228   26   -2 -457.137  53.1191 -5.62522   3.94438   1.03826  -3.06209   1.03826   3.00959 -0.119748  -3.06209 -0.119748    10.557
-229   26   -2 -458.756  52.9209 -5.77928  4.00023   2.6469 -21.0193   2.6469  15.8671 -101.626 -21.0193 -101.626  900.895
-245   26    1 -491.426  53.9087  3.21913  276.435  162.024 -116.373  162.024  462.008 -74.7488 -116.373 -74.7488  52.7471
-232   26   -2 -464.986   52.751 -5.64864  5.27213 -5.68634  38.9485 -5.68634  19.8712 -103.871  38.9485 -103.871   648.28
-232   25   -2 -465.363  50.7593 -5.67987  4.31245   1.3669  1.25145   1.3669  4.21729 -4.63965  1.25145 -4.63965  21.6913
-233   25   -2 -466.917  51.1383 -5.68124  2.18411 0.741469 -2.13529 0.741469  5.57381 -14.3557 -2.13529 -14.3557  116.163
-225   26   -2 -451.484   53.291 -5.62133  4.39208 -4.09431  2.58501 -4.09431  39.9266 -7.42917  2.58501 -7.42917     5.09
-226   26   -2 -452.965  52.9242 -5.69678   3.78855  -2.12275 -0.863835  -2.12275   6.19675  -1.21395 -0.863835  -1.21395   4.44692
-226   25   -2  -452.72  51.0185 -5.18794   6.73723 -0.238108  -4.41965 -0.238108   14.6533  -1.84202  -4.41965  -1.84202   5.79801
-228   25   -2 -457.246  51.0735 -5.89737  3.89941 -5.21296  33.4323 -5.21296  21.7598 -172.092  33.4323 -172.092  1606.47
-230   25   -2 -461.241  51.1214 -5.85482  11.8846  1.95178 -5.62773  1.95178  3.47995 -5.08147 -5.62773 -5.08147  132.171
-227   25   -2  -455.02  51.3301 -5.90267   3.3757 0.296001  -4.3803 0.296001  8.17589 -86.4403  -4.3803 -86.4403  1259.49
-240   29    4 -480.701  58.1548   8.5641  156.997 -203.746  23.0547 -203.746  463.162 -36.7485  23.0547 -36.7485  6.02275
-229   25   -2 -458.906  50.5601 -5.91666  8.87249  -9.8363  24.1843  -9.8363  20.5466 -43.1052  24.1843 -43.1052  336.822
-231   25   -2 -463.137  50.9074 -5.87234  7.09416  -3.2097  7.86257  -3.2097  20.7082 -19.8991  7.86257 -19.8991  96.6371
-225   32   -2 -450.748  65.1323 -4.63981  307.887 -399.072  310.214 -399.072  524.205 -408.439  310.214 -408.439  322.109
-227   25   -3 -454.687  50.5264 -6.01578  12.0281 -1.49322  110.253 -1.49322  8.09725 -77.6208  110.253 -77.6208  7230.01
-225   26   -3 -450.542  52.5327 -6.04994   13.541  -2.8836  50.4812  -2.8836   10.168 -98.0156  50.4812 -98.0156  1591.22
-226   25   -3 -452.745   50.598 -6.07607  5.02223 -1.34837  44.3835 -1.34837   6.6304 -66.0502  44.3835 -66.0502  2058.22
-225   25   -3 -451.021  50.9509 -6.12645 4.30965 -1.7014 28.6991 -1.7014 13.7814 -94.425 28.6991 -94.425 1014.62
