-278   17    6 -557.373  35.2215  13.3471   297.73 -219.642 -267.408 -219.642  171.064  202.371 -267.408  202.371  245.477
-287    2    6 -575.494  5.47346   12.436  24.7537 -10.6918 0.681691 -10.6918  11.2384 -2.48298 0.681691 -2.48298  13.5496
-284   23    5 -569.256  46.9776  11.1837  1966.38 -2369.33   -209.3 -2369.33  3127.67  251.032   -209.3  251.032  32.9904
-287    4    5 -575.293  8.14679  11.0376 22.3868 17.2819 18.3664 17.2819 120.422 1.09111 18.3664 1.09111 20.5564
-279   21    5 -559.127  43.7477  10.9595 467.951 -166.29 11.5904 -166.29  202.43  -2.983 11.5904  -2.983 4.59198
-287    3    5 -574.873  6.90836  10.9396 10.2186 1.63714 5.64758 1.63714 3.21284 1.52678 5.64758 1.52678  6.3183
-287    2    5 -575.539   5.3148   11.038  18.1001 -10.2171 -5.33522 -10.2171  8.67777  5.21066 -5.33522  5.21066  9.04338
-288    4    5 -577.007  8.47673  11.3454   128.49 -17.2913  94.8294 -17.2913  17.7862 -13.1411  94.8294 -13.1411  72.4191
-279   18    5 -558.99 36.6268 10.6857   36.121  31.3941  -11.265  31.3941  33.3952 -5.00535  -11.265 -5.00535  11.0294
-280   16    5 -560.494  33.4643  10.2686 610.398 237.385 1083.96 237.385 96.5893 414.797 1083.96 414.797 1998.94
-279   15    5 -559.289  31.2376  10.3361  775.719 -396.106 -1102.19 -396.106  227.716  544.836 -1102.19  544.836  1613.47
-279   16    4 -559.723  33.1411  9.80042  224.19 31.0846 380.206 31.0846 45.9939 320.785 380.206 320.785 2605.82
-279   21    4 -559.251  43.8013  9.38737  8525.34 -5083.75 -2930.18 -5083.75  3089.06  1765.12 -2930.18  1765.12  1026.92
-279   21    1 -559.443    43.81  3.04499  482.422 -275.579  18.6213 -275.579  333.496 -7.02828  18.6213 -7.02828  7.99293
-281   14    0 -562.776  28.7819 0.424613  8.38705 0.429091  65.1042 0.429091  2.12076 -5.36369  65.1042 -5.36369  2019.35
-278   14    4 -557.119   28.456  9.74949  146.27 207.364 326.279 207.364 394.391 460.716 326.279 460.716 885.342
-279   17    2 -559.547  34.7983  5.77106  137.709  -13.795 -204.049  -13.795  7.50026  44.2477 -204.049  44.2477  478.608
-279    1    2 -559.63 3.31303 4.22809  1379.62  104.925 -113.734  104.925   10.344 -10.4916 -113.734 -10.4916   29.407
-279   13    0 -559.343  27.3231 0.253591  158.811  1.26852  521.019  1.26852  29.0413 -202.984  521.019 -202.984   3986.8
-277   16    0 -555.339   33.123 0.116841  50.5087 -34.9048  233.159 -34.9048  28.1173 -142.223  233.159 -142.223  2196.38
-279   15    0 -559.378  30.7837 0.276813  9.87706 -3.26855  116.837 -3.26855  3.58619 -55.9014  116.837 -55.9014  2042.34
-282   18    0 -565.672   37.387  1.68426  76.9801 -87.2427  426.559 -87.2427  437.113 -1230.79  426.559 -1230.79  4085.73
-275   12    0  -551.667   24.3019 -0.107907  4379.63  5101.11 -112.994  5101.11  5982.73   199.55 -112.994   199.55  14200.9
-275    8    1 -551.106  16.3015  2.23648  3.57605  26.7275 -5.12175  26.7275  2817.19 -159.639 -5.12175 -159.639  38.1128
-279   18    4 -559.307  37.0471  9.05111 48.1017 22.7026 1.21605 22.7026 19.1198 4.61617 1.21605 4.61617 5.89915
-280   21    0 -561.365  43.1101  1.63505  47.5603 -8.79735  185.613 -8.79735  15.8972 -64.5319  185.613 -64.5319  803.775
-279   21    2 -559.413  43.8265  4.87791   355.49 -244.288  1.32865 -244.288  321.271  4.16404  1.32865  4.16404  5.10099
-280   16    0 -560.722   32.886 0.519241  11.9424 -16.1215  139.934 -16.1215  31.3953 -218.481  139.934 -218.481  2008.22
-279   24    1 -559.027  49.0623  3.37176  1111.41 -284.183 -230.603 -284.183  170.478  44.6439 -230.603  44.6439  57.7155
-279   21    0 -559.148  43.0316  1.19211  13.2274  -8.1231  29.0326  -8.1231  9.91534 -26.7623  29.0326 -26.7623  95.9981
-276   18    0 -552.802  36.8223 0.138742  7.48474 -2.47472   3.4336 -2.47472  4.77005 -8.09948   3.4336 -8.09948  67.4167
-275   20    1 -550.198  40.8356  2.99831  2828.28  210.234  -143.85  210.234  21.8784 -10.2077  -143.85 -10.2077  10.2477
-278   16    0 -556.712  33.1057 0.228104  21.5565 -7.42198  173.211 -7.42198  6.56392 -92.2813  173.211 -92.2813  1926.94
-281   13    0 -562.972  27.4042 0.450922 6.21391  0.7209 83.8648  0.7209 10.5311 99.2191 83.8648 99.2191 3973.34
-276    8    1 -553.498  16.6016  3.15411  37.5368  86.8487 -64.8093  86.8487  1162.43 -785.873 -64.8093 -785.873    537.9
-276    8    0 -553.158  16.8859 0.902617   6.89153 -0.658394 0.0666659 -0.658394    9.6958   12.7184 0.0666659   12.7184   28.3395
-279   18    0 -558.883  37.4643  1.20847  11.2971 -6.53971  3.15203 -6.53971  7.74227 -5.03482  3.15203 -5.03482  11.7227
-283   21    4 -566.386  43.7905  9.16841   417.46 -166.527 -7.60344 -166.527   171.15  16.8927 -7.60344  16.8927  4.96686
-279   18    1 -558.828  37.5694   3.3891   50.9083  -54.2315 -0.458681  -54.2315   67.5697   2.45312 -0.458681   2.45312   10.6597
-276   12    0  -552.667    25.066 -0.125711   919.92  1243.11 -28.9918  1243.11  1688.64   21.382 -28.9918   21.382  2604.96
-278   17    1 -556.179  35.3865   3.1859  1410.95 -888.179 -221.076 -888.179  678.873  157.942 -221.076  157.942  40.3798
-279   16    0 -558.727  32.8001 0.346924  40.9799 -34.6111  375.919 -34.6111  36.7888 -358.815  375.919 -358.815  3960.04
-276   20    0  -553.099   41.0758 0.0423391   17.842 -20.9698  117.539 -20.9698  29.2136 -135.735  117.539 -135.735  1651.19
-279    2    2 -559.752  4.95716  4.18471   2492.3  137.358  -203.47  137.358  10.1835 -9.57521  -203.47 -9.57521  49.7383
-275   16    0  -551.118   32.7106 -0.124445  20.7059 -11.7338  120.561 -11.7338  10.1574 -68.8836  120.561 -68.8836  1045.04
-277    9    0 -554.599  18.6752 0.524392  1164.53  1810.95 -894.528  1810.95  2904.92 -1495.34 -894.528 -1495.34  25348.4
-275    8    0 -550.441  17.1062 0.794599 58.8222 35.9464 20.8845 35.9464  42.348 29.7598 20.8845 29.7598 24.0505
-278   13    0  -556.754   26.9415 0.0298918  14.7286 -13.1161  110.925 -13.1161  19.9297 -175.736  110.925 -175.736  1783.14
-283   21    1 -566.764  43.5976  3.46704  932.274 -336.781  71.4362 -336.781  131.009 -32.7829  71.4362 -32.7829  15.5525
-287    3    6 -575.139  7.16179  12.6474  6.16536   4.9268 -4.48947   4.9268  9.23442 -4.33857 -4.48947 -4.33857  8.81892
-279   17    4 -559.251   35.524  9.24247  15.2152 -21.4903  2.78149 -21.4903  72.3068 -4.49628  2.78149 -4.49628  1.77954
-282   13    0 -564.663  26.8419 0.503437  43.6018 -264.108  80.3537 -264.108  1851.94  59.3633  80.3537  59.3633  3749.16
-275   17    0  -550.531   34.9938 -0.113283  16.2833  -6.1029  183.615  -6.1029   7.4991 -118.132  183.615 -118.132  3666.22
-276   17    0  -553.133   35.0548 0.0769412  24.0125 -10.6904  214.903 -10.6904  7.88061 -112.098  214.903 -112.098  2242.91
-280   14    3 -560.846  29.1114  6.89124 148.706 16.6757 15.5499 16.6757 4.06437 2.33706 15.5499 2.33706 9.33645
-279   21    3 -559.376  43.8666    6.712  306.401 -211.959 -22.0787 -211.959  301.596  40.1715 -22.0787  40.1715  10.7055
-275   13    0  -551.222    27.213 -0.194775  12.6604 -4.40472  107.917 -4.40472  4.04859 -56.2803  107.917 -56.2803  1211.48
-279    3    1 -559.91 6.70461 3.80674  1821.38  661.677 -1356.39  661.677   365.55  -711.26 -1356.39  -711.26  1454.63
-279   19    0 -558.795  38.8502 0.942484 5.05434 1.00901  1.7212 1.00901 4.24798   5.707  1.7212   5.707  22.653
-275   20    0   -551.103    41.1693 -0.0750157   3.04018 -0.805121   30.9181 -0.805121      5.19  -68.3109   30.9181  -68.3109   2680.78
-277   17    0 -554.762  34.8577 0.189102  12.5151 -10.1542  134.049 -10.1542  11.7212 -126.899  134.049 -126.899   1930.1
-276   15    0   -552.997    31.1734 -0.0963369   4.4759 0.900977  3.30722 0.900977  3.99904 -42.6004  3.30722 -42.6004  2205.99
-275   19    0   -550.949    38.7384 -0.0168342 32.2266 9.88141  65.761 9.88141 11.7598 26.3931  65.761 26.3931 167.571
-277   13    0   -555.203    26.4783 -0.0537296 6.03571 47.6217 62.7998 47.6217 2022.37 1989.45 62.7998 1989.45 2297.71
-278   22    0 -557.442  44.7306 0.917746  295.576 -175.071  607.201 -175.071  111.705 -425.073  607.201 -425.073  5123.23
-277   16    4 -555.475  32.8718  9.60997 101.744 154.876 275.866 154.876 340.878 643.981 275.866 643.981 1235.29
-275   14    0  -551.393    28.316 -0.161034 69.8536 40.0734 406.678 40.0734  46.246 135.627 406.678 135.627 14847.9
-275   23    1 -550.153  47.0266  3.31801  442.679 -456.564  4.74364 -456.564  595.417  3.25466  4.74364  3.25466  10.3424
-277   20    0 -554.549  40.9527 0.216437 382.925 176.422  1294.1 176.422 87.3369 605.377  1294.1 605.377 4510.37
-275   18    0   -551.144    37.0677 -0.0316792  8.21824  2.48769  76.5023  2.48769  7.30964 -5.45234  76.5023 -5.45234  998.307
-277   18    0 -554.839  36.3967 0.506246  41.6298 -23.3464  25.7891 -23.3464   17.697 -10.7849  25.7891 -10.7849  28.8634
-287    3    4 -575.188  7.17324  9.17792  9.81644 -3.31786 -12.5861 -3.31786   2.8694  4.81763 -12.5861  4.81763  27.8165
-275   11    0   -551.028    23.4694 -0.0753595 18.6578 13.6214 147.528 13.6214 20.2685 219.911 147.528 219.911 2924.52
-279    1    1 -559.681   3.3298  3.74812  2864.95  190.465  -209.14  190.465  16.6146 -16.7897  -209.14 -16.7897  26.0555
-278   15    0 -557.513  31.7468 0.208675  26.5366 -30.4013  265.644 -30.4013  54.7562 -302.554  265.644 -302.554  3199.46
-280   15    0 -560.708   30.777 0.311932  8.9299 9.75473 113.534 9.75473 16.9204 151.162 113.534 151.162 1846.57
-278   17    0 -556.813  35.1378 0.576375    3.691 -3.71852 0.921658 -3.71852  11.8756 -9.83815 0.921658 -9.83815  19.6068
-275   23    0 -550.128  47.1493  1.14952  363.099 -131.507 -52.5564 -131.507  81.1563  8.42176 -52.5564  8.42176  18.8522
-280   15    3 -561.248  31.3321  6.78845 111.274 42.1724 31.3113 42.1724  131.95 650.891 31.3113 650.891 3686.39
-280   20    1 -560.451  41.0201  3.53209  4682.68 -2608.75 -1653.96 -2608.75  2666.84  176.807 -1653.96  176.807  1285.42
-279   18    3 -559.067  37.2847  7.08701   12.9056  -3.08425 -0.662842  -3.08425   8.74977   2.05645 -0.662842   2.05645    4.3257
-277   16    6 -555.106  33.4505  12.6224  49.5629  70.3526 -10.0278  70.3526  104.277 -13.3814 -10.0278 -13.3814  6.58186
-279   18    2 -559.078  37.4131  4.93817  52.6802 -45.0382  11.4717 -45.0382  46.5777  -10.402  11.4717  -10.402  5.27819
-285   20    2 -570.867  40.9295  5.07178  410.019   -241.1 -36.0447   -241.1   181.48  27.5335 -36.0447  27.5335  5.80753
-285   23    2 -570.313  46.9604  4.52352  4.91544 -1.22174 -2.68613 -1.22174  5.73552  2.78946 -2.68613  2.78946  5.79773
-275   23    2 -550.187  47.0481  4.61934  425.628 -277.771  38.2606 -277.771  246.123 -26.5274  38.2606 -26.5274  5.37699
-279    0    2 -559.523   1.6707  4.34597  1345.61 -52.9153  30.4432 -52.9153   14.699  -18.021  30.4432  -18.021  60.5098
-277   17    3 -555.414   34.981  7.03309   13.4889  -11.6826 -0.250907  -11.6826   11.9998 -0.186887 -0.250907 -0.186887   2.41585
-277   17    2 -554.982  35.6165   5.3415  3.77634 -2.29712 0.538754 -2.29712  8.01928   1.3658 0.538754   1.3658  3.58456
-277   16    2 -555.653  32.4117  5.23389  256.031 -134.108 -68.2822 -134.108  93.6888  32.8437 -68.2822  32.8437  21.0909
-283   21    2 -566.54 43.7995 5.28664  12575.6 -5602.57 -1917.94 -5602.57  2546.46  850.797 -1917.94  850.797  308.936
-278   17    2 -556.154  35.0582  4.77328  320.736 -152.847 -40.2005 -152.847  278.758  70.9224 -40.2005  70.9224  21.4921
-278   17    3 -556.449  34.5345  6.58051   2.73285  -2.23762   2.49963  -2.23762   10.4515 -0.888257   2.49963 -0.888257   6.20225
-275   23    3 -550.272  46.7844  6.58934    53.9764   -27.6085   -1.56257   -27.6085    19.9823 -0.0464279   -1.56257 -0.0464279    3.64443
-277   15    5 -554.968  30.9111  10.6369  676.563 -188.501 -361.325 -188.501  56.4356  102.732 -361.325  102.732  195.422
-275   22    3 -550.633  45.4676  6.91387  41.4024 -13.7017 -81.6169 -13.7017  24.7923  18.6864 -81.6169  18.6864  215.018
-279   24    3 -559.127  48.9536  7.48744  354.769  -243.41   42.609  -243.41  295.066 -8.30942   42.609 -8.30942  13.8503
-279   17    3 -558.483  34.6988  7.23912  36.1875 -10.5289  15.0261 -10.5289  12.7314  22.1552  15.0261  22.1552  648.579
-276   19    0 -553.062    39.03 0.139114  10.8393  5.02281 -1.80839  5.02281  5.13044  3.76914 -1.80839  3.76914   32.859
-277   17    4 -555.659  34.5659  8.86234  18.5372 -13.7887 -3.35343 -13.7887  13.3149  1.93113 -3.35343  1.93113  3.50325
