-275   28    4 -550.511  56.0988  8.73681  312.424 -249.979 -136.154 -249.979  495.216  83.4995 -136.154  83.4995  64.8334
-275   28    3 -550.557  56.3353  7.10607  32.8108 -25.3365 -7.17636 -25.3365  56.0359  12.3294 -7.17636  12.3294  4.88246
-282   30    3 -564.862  61.1164   6.1634  2698.94 -5217.83  3266.84 -5217.83  10959.7 -6920.51  3266.84 -6920.51   4413.4
-279   25    2 -559.848  50.7301  4.90936   2278.8 -1514.61 -49.5134 -1514.61   1094.7  25.6259 -49.5134  25.6259  5.03699
-275   28    2 -550.632  56.4484  5.11116  459.333 -347.031 -31.1604 -347.031  414.859  51.4724 -31.1604  51.4724  9.31339
-277   25    2 -554.467  50.5258  4.80979  345.963 -186.625  14.0473 -186.625   250.62  40.3107  14.0473  40.3107   18.926
-280   32    2 -561.139  64.8056  4.26875  111.191 -45.1558  425.692 -45.1558   240.77 -686.675  425.692 -686.675  2862.79
-279   31    1 -559.289  63.1244   3.7116  412.807 -438.458  1089.35 -438.458  476.531  -1141.9  1089.35  -1141.9  3221.21
-280   29    1 -561.057  58.8923  3.48705 110.169 -76.751  299.59 -76.751 57.0294  -235.4  299.59  -235.4 2016.32
-277   25    1 -554.398  50.8345   3.3846  266.933 -283.796 -69.7018 -283.796  561.235  143.967 -69.7018  143.967   39.175
-275   28    1 -550.766  56.5772  3.10807  394.458 -327.636 -23.4465 -327.636  321.855  21.7071 -23.4465  21.7071   3.9986
-277   25    0 -554.793  51.0498  1.56758  134.925 -182.962  13.7318 -182.962  258.202 -22.7595  13.7318 -22.7595  10.6081
