 -3 -13   2 -17.9991 -65.8684  11.0767    2.47103   0.107668  0.0443181   0.107668    6.54707 -0.0585314  0.0443181 -0.0585314     1.7282
 -2 -13   2 -13.2669 -68.1426  10.4825  28.3591 -10.7748 -5.31079 -10.7748  45.2132  13.4459 -5.31079  13.4459  11.6556
 -2 -14   2 -11.2788 -72.7204  11.3937   7.62507  -3.45294  0.688148  -3.45294   6.86868 -0.147078  0.688148 -0.147078   1.37789
 -1 -14   2   -7.186 -73.9348  10.8418  4.73257  1.25836 -1.00154  1.25836  10.2174 0.885814 -1.00154 0.885814  3.04776
 -1 -15   2 -8.33356 -77.7134   11.086    13.1157    -2.4269 -0.0765827    -2.4269    7.71693  -0.711793 -0.0765827  -0.711793    2.04202
  0 -13   1  1.60584 -67.6011  7.59603  70.0199 -121.777   12.699 -121.777  217.212 -16.7207   12.699 -16.7207  9.59247
 -1 -10   1  -5.9628 -51.5833  5.23594  46.8256 -41.7613  27.4533 -41.7613  40.4701  -18.133  27.4533  -18.133  51.2161
 -1 -11   1 -8.25618 -58.1332  5.22995 68.8575 51.3729 4.05053 51.3729 41.9124 5.64423 4.05053 5.64423  25.621
 -8 -12   1  -40.114 -61.3292  5.13437  547.566  312.814 -122.313  312.814  481.468 -185.068 -122.313 -185.068   266.61
 -7 -12   1 -37.9354 -62.7077  5.84329   1.02855   1.38697 -0.159764   1.38697   3.61241 -0.233594 -0.159764 -0.233594   2.65563
 -3 -12   1 -17.7543  -64.621  6.95792  0.970072 -0.607895  0.191806 -0.607895   15.2649  0.983709  0.191806  0.983709  0.686062
 -4 -13   1 -20.3551 -66.6246    6.139   20.1155  -1.15024   0.48541  -1.15024    3.3153 0.0840014   0.48541 0.0840014   1.58078
 -8 -13   1 -40.2798 -66.8838  5.60014  12.7978  3.75273 -4.48613  3.75273  5.85891 -1.20434 -4.48613 -1.20434  8.00149
 -7 -13   1 -39.8046 -67.2648  5.73909  29.0397 -2.50714 -1.08549 -2.50714  6.66322 -1.08097 -1.08549 -1.08097  5.20643
 -3 -13   1 -18.3398 -66.2723  7.38413  0.772298 -0.119936 0.0624333 -0.119936   1.07753 -0.110038 0.0624333 -0.110038  0.552334
 -2 -13   1 -13.2394  -67.772  7.02762   1.18371 -0.151702 0.0959111 -0.151702   1.09951 0.0960797 0.0959111 0.0960797  0.569987
  0 -14   1    1.583 -73.0155   7.2792  0.234444 0.0180323 -0.186241 0.0180323   4.40212  -0.13223 -0.186241  -0.13223  0.697628
 -1 -14   1 -7.43889  -73.566  7.33304   0.649064    0.17154 -0.0109249    0.17154    2.47763   0.199614 -0.0109249   0.199614   0.568946
 -1 -15   1 -8.75463 -77.7626  7.43734    3.05266  -0.858375  -0.291813  -0.858375    1.01663 -0.0607445  -0.291813 -0.0607445   0.522968
 -2 -15   1 -12.0745 -75.6818  5.58736  2.94966  1.45366 -1.77882  1.45366  2.18403 -1.18951 -1.77882 -1.18951  3.53893
  0 -10   0 -3.41807 -52.0382  2.49303   0.216513   0.039514  0.0393885   0.039514    0.48632 -0.0960526  0.0393885 -0.0960526   0.651095
  0 -12   0 -3.10469 -62.6025   0.8824 0.524058 0.029734 0.124182 0.029734 0.683917 0.360812 0.124182 0.360812 0.563363
  0 -11   0 -1.65974  -55.945  2.00949   0.38708 -0.591279  0.630609 -0.591279   2.61324  -1.14487  0.630609  -1.14487   1.32118
 -1 -10   0 -8.65517 -52.4866  1.66807  0.679184 -0.150069 -0.218519 -0.150069  0.693363 0.0961722 -0.218519 0.0961722  0.483785
  0 -15   0  -3.85318  -76.6726 -0.204187  22.9374 -2.00346  8.50609 -2.00346  1.31252  -1.6059  8.50609  -1.6059  4.96893
 -1 -11   0 -8.95649 -57.1737  1.51829     1.10391 0.000704882    -0.13571 0.000704882    0.545623  -0.0361701    -0.13571  -0.0361701    0.319854
 -1 -16   0 -8.57652 -80.3458  1.52731   3.05831   2.68661 0.0933631   2.68661   19.3243 -0.483671 0.0933631 -0.483671  0.293538
 -2 -10   0 -11.2645 -52.5549 0.212769     1.2237 -0.0649311  -0.630552 -0.0649311   0.574979   0.124199  -0.630552   0.124199   0.783165
 -1 -12   0 -8.86106  -62.034  1.12551    1.45868   0.277249  -0.108903   0.277249   0.542875 -0.0156192  -0.108903 -0.0156192   0.298611
 -1 -14   0 -6.96972 -73.1223  2.32141    0.686976    0.215752 -0.00338637    0.215752     0.91569  -0.0214921 -0.00338637  -0.0214921    0.250439
  0 -14   0 -2.71779 -72.1809 0.538326  0.340684 -0.270904  0.129368 -0.270904    1.4753  0.123759  0.129368  0.123759   0.24233
 -2 -11   0 -11.0003 -57.2126 0.544169   1.08956 0.0405593  -0.38313 0.0405593  0.558081 -0.030184  -0.38313 -0.030184  0.500252
 -1 -13   0 -9.01765  -66.232 0.701871   1.24198 -0.171253 -0.168607 -0.171253    1.1711 -0.559085 -0.168607 -0.559085  0.758059
 -3 -10   0 -17.8579 -52.1773 -2.04673  2.63887 0.203868 -24.5356 0.203868  0.58769 -3.23711 -24.5356 -3.23711   289.12
 -2 -12   0  -11.0148  -61.7636 -0.501047    1.53233  -0.294934   -0.42406  -0.294934   0.992619 -0.0376179   -0.42406 -0.0376179    0.87139
 -2 -13   0  -12.883 -67.2166  1.64049  0.648487 0.0527618 0.0213358 0.0527618  0.822632 0.0600369 0.0213358 0.0600369  0.229547
 -3 -11   0 -17.7681 -57.1506 -2.05416  0.492989 -0.147674 0.0824223 -0.147674  0.691944   0.36859 0.0824223   0.36859   8.52624
 -7 -17   0 -38.0149 -88.1901 -1.10276  1.75876 -1.12301 -1.17427 -1.12301  1.97238 0.798762 -1.17427 0.798762  3.77267
 -2 -14   0 -13.1464 -72.5761  1.50815    1.13662  0.0678519 -0.0931305  0.0678519   0.484537 -0.0666358 -0.0931305 -0.0666358   0.248409
 -8 -17   0  -40.345 -88.6588 -1.94096  126.684  127.499 -26.9995  127.499  803.912 -51.7626 -26.9995 -51.7626  9.51312
  0 -16   0 -0.21686 -84.0968 -1.63609   150.74  187.886 -49.7093  187.886  245.356 -62.4502 -49.7093 -62.4502  16.9596
 -4 -10   0 -22.3029 -52.5531 -2.48381  4.47548 0.578196 -43.9641 0.578196 0.596178 -6.17725 -43.9641 -6.17725  487.697
 -3 -12   0 -18.1381 -63.5049    0.861     0.799281     0.322916 -0.000541662     0.322916     0.635577     0.106214 -0.000541662     0.106214     0.232588
 -1 -15   0 -8.95675 -78.4756  2.17861    1.54678  -0.480499 -0.0701321  -0.480499   0.968935 -0.0384541 -0.0701321 -0.0384541   0.181575
 -5 -10   0 -27.4761 -53.6061 -2.43516   0.673975 -0.0841383  -0.310546 -0.0841383   0.657142   0.674505  -0.310546   0.674505    2.82421
 -4 -11   0  -21.5158  -57.6993 -0.472586    1.51082 -0.0524911  -0.248718 -0.0524911    1.69646   0.250943  -0.248718   0.250943   0.361837
 -3 -13   0 -18.1646 -66.8207  1.58775   0.464688 -0.0214874 0.00334479 -0.0214874   0.567045 -0.0446351 0.00334479 -0.0446351   0.202232
 -3 -17   0 -15.8669 -86.7349 -2.11518   3.42835  -1.18533 -0.319803  -1.18533   1.35774  0.134859 -0.319803  0.134859   1.99941
 -6 -10   0 -32.5447 -52.4023 -3.05396   0.663271   0.132463  -0.656686   0.132463   0.480621 -0.0784478  -0.656686 -0.0784478    7.27359
 -2 -17   0 -12.8981 -86.2176 -1.28899   0.70616 -0.226639  0.149825 -0.226639   1.87192 -0.396523  0.149825 -0.396523  0.971257
 -9 -18   0 -49.7876 -90.4945 -2.09113  74.6896 -71.3111 -4.51742 -71.3111  194.428    4.113 -4.51742    4.113  1.49261
 -9 -17   0 -49.1888 -86.2592 -2.46293   11.1433 -0.461132  0.597395 -0.461132   1.00129  0.141915  0.597395  0.141915   1.91043
 -2 -15   0 -12.059 -76.399 0.70626   1.28178  0.921917 -0.243423  0.921917   1.27498 -0.259737 -0.243423 -0.259737  0.288081
 -9 -10   0 -48.3997 -53.3731 -2.99286 0.821931 0.267798 0.955661 0.267798 0.840501 0.718211 0.955661 0.718211  4.04077
 -5 -11   0 -27.7054 -56.2438 -1.21483    1.27961  -0.762536 -0.0571145  -0.762536    1.58416  -0.186713 -0.0571145  -0.186713   0.564149
 -6 -11   0 -31.2322 -57.7628 -2.03786   1.21144  0.114703 -0.582491  0.114703    1.0863 0.0310137 -0.582491 0.0310137   1.06528
 -3 -14   0 -18.2735  -71.869 -2.73286  0.796519  0.055482 -0.595454  0.055482   0.73111 -0.439968 -0.595454 -0.439968   1.19097
 -2 -14   1 -11.6336 -72.7827  7.59341     1.11542   -0.136318   -0.189614   -0.136318    0.794643 -0.00221178   -0.189614 -0.00221178    0.452645
 -7 -11   0  -37.438 -57.8611 -3.56548 0.656427 0.131923 -4.11347 0.131923 0.773069  -4.7539 -4.11347  -4.7539  99.6295
 -3 -15   0 -18.9698 -75.8635 -3.60852 2.79644 2.18256 -1.5374 2.18256 2.66277 1.01873 -1.5374 1.01873  29.415
 -5 -16   0 -27.4537 -81.1714 -1.22545   0.525604   0.132491 -0.0617753   0.132491    11.8774   -1.44915 -0.0617753   -1.44915    0.62491
 -2 -16   0 -12.6624 -84.0584 -2.25536  1.13318 -1.65219 -1.48174 -1.65219  8.69079  5.08936 -1.48174  5.08936  4.44559
 -8 -10   0 -42.1545 -52.7239 -3.36964 0.629094 0.322007 -5.38937 0.322007  3.06335 -33.6812 -5.38937 -33.6812  445.044
 -4 -16   0 -24.2836 -81.6758 -1.63146  6.71903   2.6347 0.345005   2.6347  2.86416  -0.5196 0.345005  -0.5196 0.780572
 -8 -11   0 -42.8082 -57.3051 -3.57736  0.568271  0.015852 -0.309599  0.015852  0.544957 -0.308126 -0.309599 -0.308126   3.04988
 -9 -11   0 -47.7993 -57.6961 -2.89751   1.89359  0.103688    2.0214  0.103688    0.5845 0.0535826    2.0214 0.0535826   4.01896
 -3 -16   0 -15.6674  -82.647 -3.39646  19.2877 -3.12895 -16.8875 -3.12895  1.19757  3.77577 -16.8875  3.77577  24.7485
 -6 -16   0 -32.6863 -80.9861 -1.37242   0.554138   0.446685 -0.0799327   0.446685    7.27257   -1.01907 -0.0799327   -1.01907   0.517563
 -4 -12   0  -21.1949  -61.5511 -0.501319   1.26501 -0.114496 -0.427177 -0.114496  0.901624 -0.191564 -0.427177 -0.191564  0.404069
 -4 -15   0 -23.4169 -77.1806 -3.94012  0.888799 -0.702555  -8.98912 -0.702555   1.63631   19.5604  -8.98912   19.5604   367.439
 -8 -16   0 -42.6404 -80.7855 -1.66134    0.492248 -0.00101205 -0.00971546 -0.00101205     8.78595    -1.82359 -0.00971546    -1.82359    0.883006
 -9 -16   0 -47.6161 -81.1538  -2.1392   0.664813  -0.378211 -0.0212938  -0.378211    1.32684  -0.240033 -0.0212938  -0.240033   0.655511
 -5 -15   0 -28.2973 -77.6311 -3.25022    0.57666 -0.0453916   0.281491 -0.0453916   0.572826   0.278226   0.281491   0.278226   0.844596
 -7 -16   0  -37.641 -80.8783 -1.41401    0.47976   0.291306 -0.0270884   0.291306    5.20234  -0.863562 -0.0270884  -0.863562   0.540447
 -7 -10   0  -37.882 -51.9085 -3.28569  0.528581 0.0301578  -1.41124 0.0301578   3.61202  -37.5129  -1.41124  -37.5129   467.572
 -9 -12   0 -47.6919 -62.4165 -3.29729   1.95344 -0.221672   2.57631 -0.221672  0.483223 -0.121795   2.57631 -0.121795   5.88745
 -4 -14   0 -22.9426 -71.9729 -4.01667   1.41704 -0.130277  -9.65817 -0.130277  0.558097  0.825363  -9.65817  0.825363   101.015
 -6 -15   0 -33.0703 -78.3131 -2.24538  0.466772  0.147136 0.0837078  0.147136   1.37864  0.293007 0.0837078  0.293007  0.662949
 -8 -15   0 -42.2365 -78.1534 -2.87184  0.367268 0.0407717 -0.124763 0.0407717  0.906337   0.31497 -0.124763   0.31497  0.982001
 -5 -12   0 -27.5406 -62.4987 -3.72861   0.533392 -0.0151883   0.128631 -0.0151883   0.524618 -0.0936879   0.128631 -0.0936879    1.21108
 -4 -13   0  -21.1569  -66.8435 -0.533129   0.878831 -0.0403252  -0.241499 -0.0403252    0.85337 -0.0785275  -0.241499 -0.0785275   0.182948
 -7 -15   0 -37.2257 -78.2411 -2.80803   0.353018  0.0320574 -0.0844855  0.0320574   0.886559   0.299106 -0.0844855   0.299106   0.723691
 -9 -15   0 -47.2715 -78.3068 -2.70011  0.405912 -0.144978 0.0286808 -0.144978    1.2202  0.421634 0.0286808  0.421634  0.555784
 -6 -12   0 -34.2928 -62.7535 -2.02937   1.01716 -0.361538  0.110064 -0.361538   1.12896  0.195537  0.110064  0.195537  0.284407
 -7 -12   0  -37.7532  -62.6171 -0.428596   0.554434   0.295288 0.00637556   0.295288    1.01764 0.00179736 0.00637556 0.00179736   0.186117
 -8 -12   0 -41.0658 -62.6115 -1.89712    0.95023 -0.0689455  -0.258531 -0.0689455   0.521421  0.0351089  -0.258531  0.0351089   0.351978
 -9 -13   0 -48.0742 -67.6125 -2.50531   0.980983 -0.0428209   0.392728 -0.0428209    0.54645  -0.138763   0.392728  -0.138763   0.833185
 -8 -14   0 -42.6306 -71.4252  -3.7073   1.01447  0.222392 -0.643206  0.222392   1.21519 -0.763215 -0.643206 -0.763215   5.15287
 -6 -14   0 -32.3904 -72.3144 -4.35475  0.502386 -0.137844  -3.77711 -0.137844   1.29476    19.027  -3.77711    19.027   465.212
 -5 -14   0 -27.5375 -72.3922 -4.27559  0.722228 -0.456618   -9.6158 -0.456618   1.78832   22.4026   -9.6158   22.4026   388.086
 -9 -14   0 -48.8208 -71.1878 -3.23636   1.10843   0.14615  0.467831   0.14615   1.14123 -0.246263  0.467831 -0.246263   1.53875
 -5 -13   0 -27.4443 -67.7729 -4.46064     1.1319 -0.0546002   -10.4397 -0.0546002   0.485608  -0.652111   -10.4397  -0.652111    185.803
 -6 -13   0 -32.5227 -68.3709 -4.44064    0.58077 -0.0110321   0.464237 -0.0110321   0.924255  -0.815977   0.464237  -0.815977    4.08157
 -7 -14   0 -37.8596 -72.6304 -4.36204  0.506528 0.0348325  0.286526 0.0348325  0.337416  -1.10792  0.286526  -1.10792   134.501
 -8 -13   0 -41.7499 -67.0352 -1.29934    1.33448   0.273843  -0.252991   0.273843   0.801574 -0.0672036  -0.252991 -0.0672036   0.241762
 -7 -13   0   -39.072  -67.0715 -0.686305     1.30055 -0.00991246   0.0788858 -0.00991246    0.663518  -0.0170117   0.0788858  -0.0170117    0.147453
