-7 -5  3 -35.3253   -27.62  15.5916  1553.29   1004.2 -850.966   1004.2   916.58 -664.268 -850.966 -664.268  531.447
-7 -4  3 -37.2695 -22.5139  15.8125   0.54096 -0.134793  0.154294 -0.134793   1.66783  -1.49248  0.154294  -1.49248   4.08871
-9 -5  2 -48.0907 -26.6328  11.6564    1.25321 -0.0330088   -0.69398 -0.0330088   0.374626 -0.0662831   -0.69398 -0.0662831    1.43142
 4 -2  2  20.4775 -13.3008  10.8251   25.8088 -0.831514   3.72738 -0.831514   2.66137 -0.355679   3.72738 -0.355679   4.37417
-7 -8  2 -37.7178 -40.4601  11.5135  3.58028 0.460659  1.10793 0.460659  5.74391 0.280467  1.10793 0.280467   1.7916
-7 -4  2  -37.417 -24.0232  13.0614  1.59551  -1.3595  1.46102  -1.3595  3.41602 -1.57234  1.46102 -1.57234  2.29362
 0 -7  2  3.34673 -35.3628  10.9265  3.18156  -17.756 -6.29344  -17.756  147.272  53.6121 -6.29344  53.6121  20.7086
-7 -7  2 -38.5183  -36.848  11.1945   2.40592 -0.226823 -0.283264 -0.226823   0.62517   0.35008 -0.283264   0.35008   1.42618
 3 -2  2  19.2978 -11.7945  10.3829 301.549 58.8695 221.496 58.8695 12.9622 43.3864 221.496 43.3864 182.939
-8 -3  2 -42.1248 -18.7674  11.1494  1.75495  1.48491 -1.62872  1.48491  2.46952 -1.22824 -1.62872 -1.22824  2.89066
-8 -4  2 -43.0322 -22.4586  11.3609  0.996954 -0.492649  0.400967 -0.492649  0.811509 -0.179647  0.400967 -0.179647  0.763432
-6 -4  2 -32.8444 -22.6492  11.1167 0.865956 0.423989 0.245438 0.423989 0.590388 0.221542 0.245438 0.221542 0.882708
 3 -5  2  18.2343 -26.0669  10.8215  7.52009 -2.95726  5.33162 -2.95726  2.60404 -2.98749  5.33162 -2.98749  7.97652
-9 -4  2 -46.7477 -22.9088  11.4697    0.869675  -0.0932192    0.191103  -0.0932192    0.565169 -0.00256496    0.191103 -0.00256496    0.649042
-8 -5  2 -42.5755 -27.8408  11.8915   1.89255 -0.165668  -0.12836 -0.165668  0.559703    0.0841  -0.12836    0.0841  0.610111
-6 -5  2 -32.5637 -28.1049  11.2297  0.912286  0.247044  0.446911  0.247044  0.488245 -0.217543  0.446911 -0.217543   1.40297
-7 -5  2 -37.1023 -26.4149  11.5215   1.04747  0.452319 -0.148829  0.452319   1.18372 -0.139239 -0.148829 -0.139239  0.981568
-7 -6  2 -37.5546 -32.6651  10.7158   1.32539  0.569691 -0.564955  0.569691   1.00951 -0.080946 -0.564955 -0.080946   3.03205
-6 -6  2 -32.2499 -32.6429  10.8291   0.85969 -0.130443  0.217974 -0.130443  0.458071  0.149593  0.217974  0.149593   2.08073
-8 -7  2 -40.6883 -38.0135  10.9852  5.12236 0.374409  3.36411 0.374409 0.893343 0.682737  3.36411 0.682737  4.36948
-6 -3  1  -33.673 -18.0868  9.09718  13.4278 -8.66834 -2.62149 -8.66834  6.60912  0.87576 -2.62149  0.87576  5.70924
 5 -1  1  26.2051 -8.32164   8.5187   7.70959 -0.628784  -2.57779 -0.628784   2.65285 -0.111997  -2.57779 -0.111997    3.6129
-5 -6  2 -28.4045 -31.6983  11.2315     2.20856   -0.279256 -0.00660322   -0.279256     0.84127    -0.75236 -0.00660322    -0.75236     2.30394
 7 -1  1  39.2599 -8.19904  7.12658   2597.1  592.809 -1969.32  592.809   140.54 -441.243 -1969.32 -441.243  1610.08
-7 -8  1  -38.876 -40.3701  8.04462  2.91266 -3.39766 -2.59625 -3.39766  23.2749  2.38259 -2.59625  2.38259  5.33734
-8 -8  1 -40.555 -40.923 7.88957   11.211 -4.09223  1.05208 -4.09223  5.46023 0.849378  1.05208 0.849378  4.78171
-7 -3  1 -36.5829   -19.73  8.17198  2.80832 -1.00207 0.967252 -1.00207  34.1805 -6.16191 0.967252 -6.16191   2.1962
9 0 1 47.5903 1.69082 6.37983  2.73526  1.70928 0.241804  1.70928  2.29391 0.313255 0.241804 0.313255  1.63681
 3 -4  1  16.9574 -21.8279  6.10893   0.626764      0.391 -0.0875983      0.391    1.44539    1.64605 -0.0875983    1.64605    4.15019
-5 -6  1 -29.3114 -34.2679  6.87901  6.15841 -1.21379  0.82403 -1.21379  2.77362 -1.91604  0.82403 -1.91604  2.28188
-5 -7  1 -29.3473 -35.6001  7.04644   9.37061  -3.47881 -0.672994  -3.47881   8.85921   1.19301 -0.672994   1.19301  0.999293
-2 -2  1 -11.4698 -10.1511  6.12355  414.887 -4.80065  31.4158 -4.80065  407.867  61.8899  31.4158  61.8899  12.3116
 1 -6  1  6.13743 -32.7606  5.96213   6.96243 -0.687108    3.3938 -0.687108  0.719759  0.752851    3.3938  0.752851   4.81682
 8 -1  1  40.8007 -7.60229  6.19888   40.2896   1.42236   -14.693   1.42236  0.517167 -0.522153   -14.693 -0.522153   8.74417
 5 -2  1  26.4394 -11.9956  6.53056   1.26346  -0.34023  -0.48464  -0.34023  0.605269 -0.265214  -0.48464 -0.265214   1.28302
 2 -2  1  14.2688 -14.4994  5.58435   12.8208    1.3376   5.76207    1.3376   14.2506 0.0538347   5.76207 0.0538347    10.048
 3 -5  1  18.0922 -26.1445  8.15214  130.288 -97.0019  10.3039 -97.0019  75.2273   -7.672  10.3039   -7.672  1.06902
 1 -5  1  6.24935 -25.9365  6.95112    3.1692  -1.08623  0.621136  -1.08623    2.3604 -0.203684  0.621136 -0.203684  0.719663
-1 -8  1 -6.67785 -42.8753  5.77793  5.92769 -4.41003 -1.75475 -4.41003   7.7309 0.903597 -1.75475 0.903597   4.5794
3 0 1   16.1446 -0.531259    6.5799    1.01652   0.180066   0.201729   0.180066   0.435339 -0.0897633   0.201729 -0.0897633    0.99047
2 0 1   13.2073 -0.802641   6.51672   0.798887 -0.0334559  -0.241084 -0.0334559   0.300871  0.0151452  -0.241084  0.0151452    0.91524
 4 -1  1  21.1824 -8.22053  6.34637   1.42704   1.02382 -0.100021   1.02382   1.95711  0.395443 -0.100021  0.395443  0.820237
 3 -1  1  18.3471 -8.32844  6.85183    1.24126 -0.0718548  0.0149381 -0.0718548    1.07388   0.030874  0.0149381   0.030874   0.625607
0 5 1 1.54076 25.4326 5.44076  2793.05 -1232.33  247.595 -1232.33  879.468 -148.459  247.595 -148.459  32.2967
-2 -1  1 -11.3921 -9.85852  6.32582   62.8943  -65.9581 -0.497001  -65.9581   192.045  -6.14619 -0.497001  -6.14619   1.27908
 3 -2  1  17.5934 -12.1743  6.81078  0.671351 -0.354423 -0.142511 -0.354423   1.09946 -0.320876 -0.142511 -0.320876  0.911184
 2 -3  1  14.0667 -16.9605  5.59744    3.54998 -0.0490405  -0.143447 -0.0490405   0.371025  0.0641455  -0.143447  0.0641455     4.3727
-9 -4  1 -46.6146 -23.6006  9.29979 36.2376 24.2497 22.1748 24.2497 16.5434 14.8419 22.1748 14.8419 14.8236
 4 -3  1  20.5232 -15.8056  6.00458   8.66445   2.97317 -0.892894   2.97317    2.6718 -0.366663 -0.892894 -0.366663  0.493512
 3 -3  1  17.792  -16.95 6.39598   1.00794 -0.289299 -0.996212 -0.289299  0.805729 0.0338479 -0.996212 0.0338479   1.78136
 2 -4  1  13.1762 -21.5685  5.85548   1.38202  0.232435  -1.02535  0.232435    1.1279 -0.533138  -1.02535 -0.533138   4.78569
 1 -4  1 7.18724 -23.119 6.12311   1.42083 -0.121795  0.388601 -0.121795  0.906638  0.594709  0.388601  0.594709   1.40083
-8 -4  1 -42.6619 -23.5974  7.62418    1.84256 -0.0276621  -0.121718 -0.0276621    1.00681  -0.252289  -0.121718  -0.252289   0.526669
-6 -4  1  -32.227 -23.5719  6.88022 0.863447 0.336568 0.471098 0.336568  1.01185 0.035899 0.471098 0.035899 0.673855
 0 -4  1 -2.50312 -24.7332  5.40575  3.16524 -1.78802 -3.52344 -1.78802   15.067  3.45286 -3.52344  3.45286  20.4029
-7 -4  1 -36.4414 -22.3356  6.89001   1.33992   -0.1755 -0.620024   -0.1755  0.434781 0.0627369 -0.620024 0.0627369  0.833543
-5 -5  2 -28.7253 -29.2768  11.6609   1.37475   -1.1409 0.0539479   -1.1409   5.01225  -2.30241 0.0539479  -2.30241   4.34809
-9 -5  1 -46.8353 -27.0365  7.08385   0.379299 -0.0375214  -0.106064 -0.0375214     1.0344  -0.122431  -0.106064  -0.122431   0.378798
-1 -5  1 -5.60288 -28.0353  5.50151   6.84079  -1.67477  -1.28062  -1.67477   2.14461 -0.626522  -1.28062 -0.626522   7.05495
-8 -5  1 -42.3717 -26.9883  6.89805  0.879756 0.0641007  0.150072 0.0641007  0.471918  0.062997  0.150072  0.062997   0.59703
-1 -6  1 -7.06139 -31.3208  5.44058    1.84147 -0.0576245   -0.49002 -0.0576245     1.0173  -0.400283   -0.49002  -0.400283     9.1994
-8 -6  1 -42.4649  -32.472  6.77794    1.03438 -0.0583368  0.0666358 -0.0583368   0.438487   -0.02022  0.0666358   -0.02022   0.510392
-6 -6  1 -32.2947 -32.5296  7.37113 0.699783 0.279659 0.209554 0.279659 0.837042 0.319165 0.209554 0.319165 0.740214
-7 -6  1 -37.6653 -32.2039  6.89962  0.976031 -0.468783   -0.2303 -0.468783  0.895323  0.371346   -0.2303  0.371346  0.752465
 0 -6  1 -0.990003  -32.5548   7.16905  0.235263 0.0133021 0.0336802 0.0133021  0.514573  0.158154 0.0336802  0.158154  0.451745
-8 -7  1 -42.6845 -36.7324  6.91506 0.506467 0.160202 0.283203 0.160202 0.861691 0.307568 0.283203 0.307568   1.0366
-7 -5  1 -36.9975 -27.1331  7.11013    0.965207  0.00885085   0.0115605  0.00885085    0.774413 -0.00478378   0.0115605 -0.00478378    0.522922
-7 -7  1 -37.1427 -37.3857  7.22244   0.54575   0.20302  0.130851   0.20302  0.645296 0.0931598  0.130851 0.0931598  0.695071
 0 -7  1 -1.54166 -36.3198  6.34915   0.144077 -0.0914023   0.200998 -0.0914023    1.20895  -0.468136   0.200998  -0.468136    1.08947
-1 -9  1 -7.51541 -49.0496   5.1792  20.5468 -20.4064 -8.34179 -20.4064  36.5451  17.5784 -8.34179  17.5784  35.1039
 2 -5  0    11.94 -28.6703  2.45599  0.717682 -0.870574  0.507726 -0.870574     4.301  -2.34669  0.507726  -2.34669   1.90277
 8 -3  0  40.8358 -16.6356  1.20567  428.824 -13.3612 -53.1618 -13.3612  1.74378  2.19655 -53.1618  2.19655  8.36376
 2 -7  0  11.7523 -36.9589  1.95258   3.62577   1.79819  0.250554   1.79819   1.50628 -0.147191  0.250554 -0.147191   1.06937
 2 -8  0   12.787 -44.0227 0.840979  6.57605 -2.05578 -40.1245 -2.05578  1.35924   13.847 -40.1245   13.847  256.744
 1 -6  0  6.89283 -31.9528  1.90884   4.31612  -1.69601 -0.140395  -1.69601   1.74027 0.0509378 -0.140395 0.0509378  0.671106
 1 -7  0  7.31802 -36.9486   2.1749   1.57691 -0.442402  0.203751 -0.442402  0.592544  0.115267  0.203751  0.115267  0.665724
 1 -8  0   7.1678 -42.0837  1.80522   0.479579   0.023862 -0.0320119   0.023862   0.647024   -0.14073 -0.0320119   -0.14073   0.806878
 4 -3  0  21.9615 -16.6025  1.60837  0.899621 -0.757293  0.679195 -0.757293   1.38153 -0.705651  0.679195 -0.705651   1.13792
 1 -9  0  6.64153 -48.6666  1.56798 0.950501  -1.0487  1.02382  -1.0487  2.30584 -1.57113  1.02382 -1.57113  1.91658
 5 -2  0  26.1348 -12.2647  2.51555    6.64205   -2.72559   0.121339   -2.72559    3.18613 -0.0215219   0.121339 -0.0215219   0.438108
 2 -4  0  11.442 -20.965 1.27793  0.869206  0.437154 -0.101846  0.437154    1.4319  0.127234 -0.101846  0.127234  0.530505
 8 -1  0  41.7213 -7.22789  1.81275  2.23084 0.965318 0.375335 0.965318  2.12917  -0.2276 0.375335  -0.2276 0.415973
 2 -3  0  12.4706 -17.3207   1.2385  0.991505   -0.4835 -0.402128   -0.4835   0.75883  0.246503 -0.402128  0.246503  0.742542
 1 -4  0  7.17645 -22.4753  1.55077  0.666747 -0.187454 -0.102525 -0.187454  0.761458 0.0532591 -0.102525 0.0532591  0.365241
6 5 0     33.07   27.3963 -0.387229  213.046 -24.6758    70.34 -24.6758  31.8694 -10.9245    70.34 -10.9245  70.5708
 3 -2  0  16.7681 -12.2939  1.84529   0.845446  -0.233839 -0.0823264  -0.233839   0.557134   0.164045 -0.0823264   0.164045   0.376582
 0 -5  0 -2.68611 -26.9924  1.68099   0.311773 -0.0660591  0.0372068 -0.0660591   0.628817 -0.0597473  0.0372068 -0.0597473   0.394189
-6 -7  2 -31.8976 -36.5314  11.3244   0.821113 -0.0477884  -0.573495 -0.0477884   0.720475   0.575155  -0.573495   0.575155    3.71846
 0 -9  0 -2.56606 -47.3677  2.01395  0.231948 0.0834883 0.0578202 0.0834883  0.472008  0.120083 0.0578202  0.120083  0.597171
 0 -8  0  -2.2496 -42.0829  1.25067   0.187299  0.0330474 -0.0423507  0.0330474   0.506023  0.0568399 -0.0423507  0.0568399   0.576198
-7  9  0  -36.1315    45.266 -0.095541 16.3103 13.0433 9.31699 13.0433 46.4672 14.9731 9.31699 14.9731 8.04795
 1 -2  0  6.69048 -11.7154 -0.67395   2.6741 -2.11737 -16.2197 -2.11737   2.8077  16.5694 -16.2197  16.5694  145.954
 0 -4  0 -1.47606 -23.8165  1.54869   0.139167 -0.0283144  0.0532433 -0.0283144    1.03792   0.272952  0.0532433   0.272952   0.413768
 2 -1  0  12.4802 -6.34686  1.15558  0.914175  -0.65689 -0.107138  -0.65689   1.60942 -0.317655 -0.107138 -0.317655  0.366625
 0 -2  0 -0.467185  -12.6873  -1.01162  0.384746 -0.287812  -5.62365 -0.287812  0.900291    7.0862  -5.62365    7.0862    122.95
-1 -4  0  -8.02439  -22.6654 -0.893892   0.605508 -0.0134701  -0.606028 -0.0134701   0.497236   0.309608  -0.606028   0.309608    4.08695
-1 -6  0 -7.89355  -32.428   1.2091   0.750138 -0.0351632  0.0915643 -0.0351632   0.495047 -0.0647496  0.0915643 -0.0647496   0.491694
-1 -2  0 -7.75948 -12.5163 -1.21335  0.635598 -0.178095  -7.19086 -0.178095  0.743406   9.60862  -7.19086   9.60862   420.587
-2 -3  0  -12.618 -17.5025 -1.25114  0.548377 0.0527995  -1.32207 0.0527995  0.523793 0.0879452  -1.32207 0.0879452   45.4338
-2 -4  0 -12.1103 -22.4136 -1.18042  0.828707 -0.260874  -8.50329 -0.260874  0.769154   7.46506  -8.50329   7.46506    207.11
-2 -1  0   -12.716    -7.877 -0.855931      0.598   0.134094 -0.0970494   0.134094   0.452514   0.149446 -0.0970494   0.149446   0.667087
 0 -1  0 -1.05489 -7.33431 -1.25067    0.18244 -0.0897783   -2.69934 -0.0897783   0.695838    5.13181   -2.69934    5.13181    118.538
-4 -5  0 -21.7865 -27.0083 -1.12771   0.610663 0.00361137   -0.72444 0.00361137   0.597229   0.268739   -0.72444   0.268739    10.5884
-3 -2  0 -17.3792 -12.5773 -1.42857   0.694001 -0.0681345   -9.49505 -0.0681345   0.512747    4.17719   -9.49505    4.17719    466.563
8 1 0  40.8654  7.88967 -1.45092   5.7675  1.85869  2.70215  1.85869  1.48208 -7.37318  2.70215 -7.37318  139.632
7 0 0   38.998  1.40768 -1.05158   1.23858 -0.225879 -0.883685 -0.225879  0.289987  0.485752 -0.883685  0.485752   4.46838
-3 -4  0 -17.6255 -22.6986 -1.34509  0.691819 -0.118321  -8.12473 -0.118321  0.539144    3.9204  -8.12473    3.9204   369.683
-4 -1  0 -22.1288 -7.42422 -1.55944  0.792333 0.0176041  -10.2898 0.0176041  0.495981   2.77816  -10.2898   2.77816   415.565
-4 -2  0 -22.1638 -12.5316 -1.51854      0.462 -0.0361357   -1.92689 -0.0361357   0.432247   0.623869   -1.92689   0.623869    89.1379
-6 -3  0 -32.0033 -17.7807 -1.52597    1.0205 0.0747493  -14.5874 0.0747493  0.597798  -4.69897  -14.5874  -4.69897   518.015
-5 -4  0 -27.7484 -22.7252 0.250793  0.726114 -0.102496  0.373216 -0.102496  0.797391  0.289613  0.373216  0.289613  0.541714
-4 -6  0 -22.1977 -32.6208 -1.45243 0.811991 0.682849 -12.1052 0.682849  1.60725 -21.7369 -12.1052 -21.7369  412.704
8 3 0  42.1163  17.7332 -1.37122  3.80128 -2.28431 -36.7227 -2.28431  2.09912  25.0752 -36.7227  25.0752  398.202
-2  0  0  -12.313 0.587979 -1.58221  0.552351 0.0730826   1.87312 0.0730826  0.290397   4.54753   1.87312   4.54753   126.564
9 0 0  48.2389  2.08469 0.689102 165.151 187.245  38.476 187.245 219.023 45.1769  38.476 45.1769 9.73612
-4  0  0  -22.6375 -0.407713  -1.60814  0.649069 0.0202934  -4.25195 0.0202934   0.13718  0.361582  -4.25195  0.361582   133.395
-5 -2  0 -27.3473 -12.3768 -1.01476   0.810563     0.2771 -0.0196128     0.2771   0.627846   0.104248 -0.0196128   0.104248    4.37443
-7 -2  0 -36.4919 -12.4986 -1.61896   1.12651 -0.134341  -10.6412 -0.134341   0.53558  -4.04369  -10.6412  -4.04369   254.557
-5  9  0  -29.3758   48.9609 -0.442575  6.90733  1.95968 -0.39023  1.95968  9.14818 -2.25169 -0.39023 -2.25169  2.48158
 3 -4  0  17.0352 -21.1495  2.97507  9.93454 -11.9367  2.73042 -11.9367  15.2749 -3.16674  2.73042 -3.16674  1.20354
-4  1  0 -22.6024  7.78756 -1.26769  0.551863 -0.244939  0.355508 -0.244939  0.666555 -0.359035  0.355508 -0.359035   5.94714
4 0 0  21.7022  1.80263 -1.34535    0.584191 -0.00216564    0.153003 -0.00216564    0.388283    0.263324    0.153003    0.263324    0.636059
0 0 0 0.232869 0.947984 -1.53428   0.121264 -0.0670587  -0.781684 -0.0670587   0.166712    1.06148  -0.781684    1.06148    20.5338
-1  0  0  -7.47783 -0.115853  -1.61941  0.492524 0.0861538   1.12566 0.0861538  0.383334   5.77821   1.12566   5.77821   140.353
-6 -3  2  -33.381 -18.3275  11.2673    1.71479  -0.344464  -0.897181  -0.344464    1.19349 -0.0820811  -0.897181 -0.0820811    2.64836
-5  0  0 -27.1831  1.29598 -1.64464   0.552713 -0.0148966  -0.328487 -0.0148966   0.131957  -0.475013  -0.328487  -0.475013    15.4909
-6 -1  0 -31.9629 -6.89725  -1.3347   0.71633 -0.128587 -0.232811 -0.128587  0.639453  -0.27221 -0.232811  -0.27221   5.46635
-6 -4  0 -31.4397 -23.5221  2.57508    1.32252   0.286765 -0.0880731   0.286765   0.963677   0.115972 -0.0880731   0.115972   0.283375
-6 -5  0 -32.2971 -27.1483  2.37821    0.97759  -0.298694   0.188643  -0.298694    0.90284 -0.0228864   0.188643 -0.0228864   0.384712
-5 -6  0  -28.548 -33.1582 0.166826   0.815237 -0.0323898   0.427577 -0.0323898   0.563924  0.0584636   0.427577  0.0584636   0.512473
-2 -9  0 -12.7014 -47.4493 -1.44835   2.59001 -0.797594  -14.1205 -0.797594  0.799259   5.26185  -14.1205   5.26185   95.1425
-2 -5  0  -12.189 -27.6624 -1.10714   0.491939 -0.0389288   -0.34198 -0.0389288   0.482254   0.271671   -0.34198   0.271671    3.78759
7 2 0 37.7432 12.5509 -1.3818   0.818315 0.00488807   -2.28343 0.00488807    0.60889   -1.05635   -2.28343   -1.05635    13.0085
-5  2  0 -27.8675  11.9934 -1.53065   0.561749 -0.0674746 0.00231269 -0.0674746   0.784672    1.07888 0.00231269    1.07888    6.28241
 3 -1  0  17.9194 -8.32275  1.54188   0.758761 -0.0285422 -0.0330786 -0.0285422   0.835887   0.051734 -0.0330786   0.051734    0.21559
-3  1  0 -17.6277  8.03971 -1.64647  0.605414  0.112873   1.32665  0.112873   0.48398 -0.238815   1.32665 -0.238815   13.3103
-5  1  0 -27.4394   7.1076 -1.38045  0.642772  0.185475 -0.281559  0.185475  0.530779  0.294992 -0.281559  0.294992   4.77246
8 0 0  41.5728 -2.57502 0.635517   0.899656 -0.0691591  -0.157933 -0.0691591   0.138991  0.0858466  -0.157933  0.0858466   0.441288
1 0 0   6.86217 -0.415009  -1.19783    0.57609 -0.0550738  -0.463354 -0.0550738   0.157545   0.297243  -0.463354   0.297243    2.77768
 0 -3  0 -1.52798 -17.2617 -0.83991  0.371132 -0.264675  -4.98558 -0.264675  0.776255   4.88402  -4.98558   4.88402   121.719
3 0 0    16.1194 -0.0788264    1.28746    0.92889 -0.0111398  0.0111353 -0.0111398   0.332461  0.0603132  0.0111353  0.0603132   0.185415
-6  0  0  -33.1924 -0.773861  -1.56854   0.665649 0.00936722   0.900452 0.00936722   0.181733    0.29038   0.900452    0.29038    8.44353
-2 -7  0 -11.4189 -37.4466 0.456211   0.841288   0.023425  -0.518512   0.023425   0.640256 -0.0398422  -0.518512 -0.0398422   0.673667
-8 -1  0 -41.3231  -7.3871 -1.77463  2.29294  0.66702  -29.305  0.66702  1.40827 -13.7345  -29.305 -13.7345  489.708
-7 -4  0 -37.5371  -23.874   1.8876   0.645814 -0.0237409 -0.0599481 -0.0237409     1.0438   0.131411 -0.0599481   0.131411   0.226651
8 4 0  42.1499  21.9566 -1.71834  5.31534 -5.80037 -50.4697 -5.80037  8.58091  66.7082 -50.4697  66.7082  565.029
-4  2  0  -21.988  12.3052 -1.72095  0.564562  0.069003 -0.516968  0.069003   0.69354    1.5163 -0.516968    1.5163   9.70445
-2  1  0  -12.856  7.51723 -1.84076 0.648064 0.117178  3.60771 0.117178 0.777016  7.72865  3.60771  7.72865  184.399
-6  1  0  -31.825   8.0045 -1.79145   0.711699 0.00352207   -2.25101 0.00352207   0.582518    -1.4004   -2.25101    -1.4004    23.3794
-8 -2  0 -42.1841 -12.8965  -1.8709   0.776247 -0.0606487   -11.8712 -0.0606487   0.654117  -0.142909   -11.8712  -0.142909    427.427
 3 -6  0  17.1478 -34.0798  2.27711   1.13956 -0.967553  0.547705 -0.967553   2.67197 -0.979622  0.547705 -0.979622   1.06387
-4 -7  0 -22.1797  -37.734 -1.80105 0.880437  1.00378 -12.8479  1.00378  3.34587 -36.0442 -12.8479 -36.0442  451.229
-3  2  0 -18.0906  11.9742 -1.69041   0.735576 -0.0251144   0.932684 -0.0251144   0.680091    1.06538   0.932684    1.06538    7.01683
 2 -2  0  13.9553 -13.8597  1.47154   3.02715 -0.776407 -0.316501 -0.776407   2.15144 -0.133715 -0.316501 -0.133715  0.395439
-1 -8  0 -8.55094 -41.7203 0.911649   0.779819  0.0794677 -0.0519119  0.0794677   0.672509  0.0979212 -0.0519119  0.0979212     0.4921
-2  2  0  -12.468   12.248 -2.04789  0.561894 0.0999106   2.60983 0.0999106  0.637279   4.37111   2.60983   4.37111   125.041
-3 -1  0 -17.7386 -7.72954 -1.45654  0.820748 0.0049951  -12.6353 0.0049951  0.493971  0.494774  -12.6353  0.494774   464.385
3 1 0   17.017  7.39816 -1.95193  0.688372 -0.254949  -6.84457 -0.254949   1.61802   23.1308  -6.84457   23.1308   497.236
6 1 0 33.0854 8.90214 -1.9955  4.19827  1.38628 -50.7146  1.38628  2.93496 -17.8611 -50.7146 -17.8611   751.93
 0 -6  0 -2.31181 -32.4663  1.48713   0.218784  0.0716325 -0.0713636  0.0716325   0.428204 -0.0125744 -0.0713636 -0.0125744    0.46232
 1 -1  0   7.42956  -7.41818 -0.921117   2.15018 -0.632473  -18.7391 -0.632473  0.855311   8.81094  -18.7391   8.81094   219.647
-1  1  0 -7.52376  7.09868 -1.93673 0.600513 0.211803  5.05137 0.211803 0.949339  9.61138  5.05137  9.61138   189.81
2 1 0   12.446  7.18154 -2.01949   0.657749 -0.0812347   -6.63964 -0.0812347    1.14611    15.0901   -6.63964    15.0901    430.506
-7  0  0 -36.9168  1.68509 -1.49538   0.950914   0.187882 -0.0919786   0.187882   0.214136  0.0319257 -0.0919786  0.0319257    4.12922
-9 -1  0 -46.5941 -8.00963 -2.02225  1.04767 0.639078 -14.9618 0.639078  1.82597 -23.8892 -14.9618 -23.8892  675.339
-9 -2  0 -47.1742 -12.5398 -1.96468  0.561538 -0.101192  -1.65257 -0.101192  0.494964   2.60917  -1.65257   2.60917   184.312
-7 -6  0 -37.307 -31.917 1.91505   0.55941 -0.073304 0.0736534 -0.073304  0.988335 -0.591311 0.0736534 -0.591311  0.778408
-5 -7  0 -27.4591 -37.6844  -1.5401  0.534695 0.0174958   0.26475 0.0174958  0.701849 -0.508671   0.26475 -0.508671   1.22355
-5  3  0 -28.1231  17.5001 -1.54357   0.515327 -0.0359996   0.355689 -0.0359996   0.568715 -0.0193059   0.355689 -0.0193059    1.07304
-6  3  0 -32.3962  17.3739 -1.76934  0.510056 0.0606367 -0.164693 0.0606367  0.408907   0.21679 -0.164693   0.21679    5.4854
0 1 0 0.542737  7.29999 -2.01109   0.136678 -0.0401532  -0.386199 -0.0401532     1.5206    11.7309  -0.386199    11.7309    134.424
-1 -1  0 -7.31684  -7.2376  -1.3503   0.503492 -0.0419659  -0.644754 -0.0419659   0.873166     13.632  -0.644754     13.632    449.146
1 1 0  6.96593  7.87878 -2.01981 0.661828  0.49035  3.14184  0.49035  2.08678    16.91  3.14184    16.91   211.49
-7  1  0 -38.3448  6.89856 -1.54539  0.841738 0.0307454  0.590981 0.0307454  0.748001  0.411982  0.590981  0.411982   3.16728
-8  0  0 -41.4772  2.85535 -1.78299    1.03249     0.1245 -0.0742775     0.1245   0.190245   0.106961 -0.0742775   0.106961    6.15699
-8 -3  0 -42.1116 -16.8012 -1.97019  1.45192 0.585783  -16.646 0.585783  2.46302 -27.3942  -16.646 -27.3942  468.345
8 2 0   40.9067   13.3107 -0.649569  0.574158 -0.197582  0.847408 -0.197582  0.576142  -1.17893  0.847408  -1.17893   5.37644
-6 -7  0  -31.7434  -37.2128 -0.757089    0.577472  -0.0486857 -0.00782062  -0.0486857    0.526239   -0.220287 -0.00782062   -0.220287    0.280296
-4 -3  0 -22.7363 -17.6132 -1.49395 0.744112 -0.11363 -10.4737 -0.11363 0.521195  5.22727 -10.4737  5.22727  460.937
-6  4  0 -32.9351  22.2394 -1.97873  0.548665 0.0527202  0.799178 0.0527202  0.536777  0.761937  0.799178  0.761937   8.11465
 3 -3  0  16.5814 -17.0859  2.95022   0.525958  0.0748851 -0.0970746  0.0748851   0.629123  0.0456167 -0.0970746  0.0456167   0.511899
-3  3  0 -17.4221  17.5261 -2.15765   0.548504 -0.0310661  -0.038446 -0.0310661   0.444257   0.398864  -0.038446   0.398864    24.0985
-7 -3  0 -37.8629 -16.8582 -1.75731  1.85695 0.733488 -27.1125 0.733488  1.07557 -15.3544 -27.1125 -15.3544  617.477
7 3 0  38.2355  17.5137 -1.75147   1.74462 -0.857877    -8.191 -0.857877   1.18599   6.37143    -8.191   6.37143   55.6859
-2  3  0 -12.4698  17.6597 -2.22901  0.508156 0.0314715   1.11547 0.0314715  0.611139   2.27454   1.11547   2.27454   51.9155
-1  2  0 -7.23938  12.9504 -2.20416  0.483752 -0.056964  0.913174 -0.056964  0.489245   0.84498  0.913174   0.84498   64.8655
-5 -1  0 -27.8094  -7.7038 -1.60143  0.580275 -0.123122 -0.261122 -0.123122  0.596437   2.09407 -0.261122   2.09407   25.5139
5 1 0  27.2509  7.46354 -2.12556  12.1493 -3.84356  -4.1468 -3.84356  3.55698  21.3631  -4.1468  21.3631  190.093
-8  1  0 -41.4273  8.11916 -1.74708  0.953231  0.143949 -0.397057  0.143949  0.630349  0.125562 -0.397057  0.125562   4.08997
-9  0  0 -46.7874  3.04705 -2.11085  3.13948 -1.56099 -35.5728 -1.56099  2.76195  26.5858 -35.5728  26.5858  504.026
-3 -8  0 -17.9462 -42.1015 -2.00013  1.72131  1.22458  -22.273  1.22458  1.72621 -22.4011  -22.273 -22.4011  410.484
-4  4  0 -22.7052  22.7146 -2.28006   0.519728 -0.0219477   0.468601 -0.0219477   0.464636  -0.338062   0.468601  -0.338062       13.3
 1 -3  0  8.03842 -18.7781 0.924566  0.577476 -0.165236 -0.152213 -0.165236   1.21578  0.286784 -0.152213  0.286784  0.419737
-1  3  0  -7.5576  17.3612 -2.18866   0.577745   0.133655  -0.353431   0.133655   0.506477 -0.0957755  -0.353431 -0.0957755    11.2709
-7  3  0 -36.8786   17.876 -2.04481 0.800543 0.168643   -2.221 0.168643 0.617826 -1.51718   -2.221 -1.51718  15.6027
-2 -2  0  -12.5906  -12.2131 -0.962996  0.567985 -0.063618 -0.233884 -0.063618  0.473065 -0.337231 -0.233884 -0.337231    1.4535
2 2 0  12.3225   11.823 -2.24117  0.411077 -0.016478 -0.577832 -0.016478    2.0716   24.5782 -0.577832   24.5782    406.84
-6 -2  0 -31.7386 -11.5824 -1.42487   0.647352 -0.0902047  -0.848382 -0.0902047   0.898213    1.15977  -0.848382    1.15977    10.0904
6 2 0  33.1547  12.4365 -2.07349  3.77594 -2.33205  -30.377 -2.33205   1.9152  19.1674  -30.377  19.1674  285.486
-6  5  0  -32.785  27.3447 -2.36566  0.470886 0.0570881  0.642998 0.0570881  0.540489  0.998686  0.642998  0.998686   11.9658
 4 -1  0  21.5669 -8.24038 0.883667  0.875431  0.402036  0.093609  0.402036   1.19874 0.0802382  0.093609 0.0802382  0.525059
-3  4  0 -17.5441  22.4748 -2.29562  0.520079 0.0180816  0.619207 0.0180816  0.553961  0.967826  0.619207  0.967826   10.2338
-2  4  0  -12.387  22.6901 -2.35968   0.609375   0.081285   -1.32131   0.081285   0.545501 -0.0962577   -1.32131 -0.0962577    24.8154
-7  4  0 -37.0088  22.0333 -1.99385  0.782197 -0.122298  -1.33738 -0.122298  0.768358   1.14313  -1.33738   1.14313   7.73664
5 2 0  28.2354  11.2944 -2.39091   1.03813 -0.954069  -10.7193 -0.954069   1.54442   16.6721  -10.7193   16.6721   261.534
3 2 0 16.4929 11.1445 -2.1928 0.742156 -0.20728 0.872652 -0.20728  5.34563  44.1856 0.872652  44.1856  421.648
-8  2  0 -42.5034  12.0873 -2.04724   0.681734  0.0178242 -0.0940766  0.0178242   0.764976    1.05389 -0.0940766    1.05389    5.44669
-7 -7  0  -38.099 -37.0203  2.81267   0.905886   0.187593   0.126464   0.187593    1.06256 -0.0877923   0.126464 -0.0877923   0.251836
 4 -2  0  21.4968 -12.4756  2.70835   0.674006  -0.041574  0.0124458  -0.041574   0.597645 -0.0119378  0.0124458 -0.0119378   0.412456
-4 -8  0 -22.6531 -42.1152 -2.19987  0.85564  1.11707 -12.7534  1.11707  4.55517  -42.303 -12.7534  -42.303  453.089
-5  5  0 -27.5947  27.4192 -2.41734   0.504227 -0.0120789   0.429662 -0.0120789   0.578814   0.886165   0.429662   0.886165    11.0242
8 5 0  43.2022  27.4561 -2.21055  5.18961 -3.52125 -25.2881 -3.52125  3.34016  20.2048 -25.2881  20.2048  153.155
-4  5  0 -22.5831   27.284 -2.50223  0.499767 0.0494191  0.918542 0.0494191  0.596459   1.65606  0.918542   1.65606   20.6466
-7  2  0 -37.5757  12.7968 -2.21487   1.13218 -0.440604  -17.3588 -0.440604  0.775604   10.6341  -17.3588   10.6341   437.158
-2  5  0 -13.3704  27.0455 -2.42137  0.804626  0.207795 -0.278535  0.207795   0.68136 -0.309993 -0.278535 -0.309993   13.7075
-7  5  0 -37.3125  27.6859  -2.4936   0.544933 -0.0441137   -1.43401 -0.0441137    0.57515    1.24381   -1.43401    1.24381    23.3182
-5 -3  0  -27.427 -17.4467 -1.45457 0.701449 0.198306 0.957974 0.198306 0.548926 0.387301 0.957974 0.387301  13.4459
5 3 0  26.8434  16.8127 -2.61055 0.776917  1.22849  4.59766  1.22849  3.05426  9.68484  4.59766  9.68484    239.5
0 2 0 -0.710038   12.4475   -2.2089  0.136213 0.0410005  0.184944 0.0410005  0.608451 -0.147586  0.184944 -0.147586   4.04864
1 2 0  7.53406  12.3836 -2.39659  1.21033 -1.71312 -17.3173 -1.71312  4.39898  41.1624 -17.3173  41.1624  441.396
-9  1  0 -47.0879  8.68434 -2.25082  0.749283 -0.282891  -1.65399 -0.282891   1.00617   1.35969  -1.65399   1.35969   10.0876
-8 -4  0 -42.0544 -22.3631  3.39029     2.93389 -0.00660107    -0.61751 -0.00660107    0.695942  -0.0858021    -0.61751  -0.0858021    0.662815
-9  7  0 -45.9674  35.5989 -2.74436   5.5255 -6.78316  -9.3709 -6.78316  15.3412  28.1768  -9.3709  28.1768  2050.44
-7  6  0 -37.8688  32.0937 -2.40426   0.57345 -0.133502  0.677558 -0.133502  0.645085 -0.045288  0.677558 -0.045288   7.28844
 3 -5  0  16.8981 -27.9925  1.82596   6.06647  -3.34775 -0.494013  -3.34775   2.31087  0.569967 -0.494013  0.569967   1.31647
-3  5  0 -17.5026  27.4018 -2.59174  0.502905 0.0224495  0.567769 0.0224495   1.13506   17.5716  0.567769   17.5716   454.785
-1  4  0  -8.1875  21.9075 -2.36625  1.68148 0.843896  20.8791 0.843896  1.14801   15.158  20.8791   15.158  354.421
7 4 0  38.8554  22.4074 -2.21846  6.44108  -5.0163 -42.1655  -5.0163  5.03645  38.5342 -42.1655  38.5342  317.282
-6  2  0 -32.1424  13.0515 -1.65768  0.652507  0.200063 -0.401189  0.200063  0.480265 -0.485933 -0.401189 -0.485933    6.3088
6 3 0  33.9572  17.0811 -2.36844  6.11094 -4.04443 -47.5417 -4.04443  3.70385   38.382 -47.5417   38.382  455.329
4 2 0  21.7882  14.0795 -2.56049 0.791956  1.53199  12.0277  1.53199  8.86872  52.2457  12.0277  52.2457  459.795
-6 -5  1 -32.8877 -27.1657  7.27901  0.603442 -0.107577 0.0183278 -0.107577  0.365139 0.0348135 0.0183278 0.0348135  0.409442
-9  2  0 -47.1654  12.6537 -2.23255 0.469389 0.030591  0.42625 0.030591 0.487648 0.129964  0.42625 0.129964  2.67813
-9 -3  0 -48.4137 -17.7273 -2.45577  2.56387  3.27484 -30.2408  3.27484  5.56968 -47.4856 -30.2408 -47.4856   454.25
-8 -7  0 -41.4316 -37.0549  3.07044   1.39053  0.583661  0.178256  0.583661  0.923766 0.0302141  0.178256 0.0302141   1.11887
-6 -8  0 -32.2125 -42.9742 -2.43984 0.498027 0.255484 -2.87103 0.255484   5.3257 -46.3424 -2.87103 -46.3424  447.055
-4 -9  0  -22.609 -47.5205 -2.48111   1.38867   0.16636  -10.5772   0.16636  0.441426 -0.174576  -10.5772 -0.174576   144.703
-7  8  0  -36.6477   44.0694 -0.501899    4.8038   -1.4686 -0.109417   -1.4686   2.87471  -1.05754 -0.109417  -1.05754   1.75071
-8  7  0  -42.7521    37.546 -0.497225   1.42171 -0.123411  0.481567 -0.123411   2.28865  -1.06156  0.481567  -1.06156   1.41215
-7  7  0 -36.8093   36.549 -2.39967   0.753814 -0.0366057  -0.810933 -0.0366057   0.855245   0.372174  -0.810933   0.372174     4.9376
 4 -2  1  21.2379 -12.1796  6.93368   0.983702 -0.0441757   0.156602 -0.0441757   0.422607  0.0655001   0.156602  0.0655001   0.550115
-6  6  0  -32.995  32.8649 -2.45357  0.627319 0.0918781  0.765511 0.0918781  0.532047 -0.689851  0.765511 -0.689851   7.36865
-5  6  0  -27.433  32.3681 -2.71239 0.519825 0.171011  3.99861 0.171011  1.46738  21.2077  3.99861  21.2077  485.643
-8  6  0 -42.2214  32.2165 -2.63997   0.54818 0.0641931  -1.20551 0.0641931  0.577133  -0.79452  -1.20551  -0.79452    16.166
-8  5  0 -42.5094  27.8695 -2.72349   1.09474 -0.136483  -16.3009 -0.136483  0.551023   1.68689  -16.3009   1.68689   423.726
-8  4  0 -42.7872  22.2163 -2.66667   1.33186 -0.417316  -19.3555 -0.417316  0.656471   8.26362  -19.3555   8.26362   422.943
4 3 0  21.3439  17.4479 -2.59254  0.847044   0.14244 -0.290597   0.14244  0.592065  -2.41939 -0.290597  -2.41939   29.3533
-8 -6  0 -41.7283 -32.6866  2.12832     1.94161 -0.00678743    0.360436 -0.00678743    0.517082   0.0850691    0.360436   0.0850691    0.390364
-7 -8  0 -37.2221  -42.814 -2.56401  1.6648  1.3074 -23.506  1.3074 2.11456 -28.465 -23.506 -28.465 506.348
-6  9  0  -30.3949   48.6643 -0.682293   19.3399 -0.789557  -2.20081 -0.789557   2.49154  -1.27807  -2.20081  -1.27807   2.93846
-6  7  0 -32.2232  36.6647 -2.39472   0.787601  -0.383263 -0.0257092  -0.383263   0.952699   0.279765 -0.0257092   0.279765    4.75563
-4  6  0 -22.8994  32.9442 -2.59257  0.614939 0.0470121  0.878422 0.0470121   0.48212 -0.988209  0.878422 -0.988209   15.1021
-4  3  0 -22.7881  17.4239 -2.13579 0.607944 0.225584  6.17423 0.225584  1.41098  20.4766  6.17423  20.4766  460.542
-9  6  0 -46.7349  31.9113 -2.57911    0.79384 -0.0150411    0.88285 -0.0150411   0.559566   0.313903    0.88285   0.313903    8.43159
-7 -5  0 -38.1992 -27.7794    1.902    1.36274   0.100284  -0.293873   0.100284   0.614136 -0.0317997  -0.293873 -0.0317997   0.326136
-8  3  0  -42.754  17.3784 -2.52752  0.493152 -0.128117  -1.77037 -0.128117  0.568572   3.45119  -1.77037   3.45119   84.0487
7 5 0  39.1138  27.3842 -2.79458  101.074 -28.0255 -161.444 -28.0255  10.5364  66.8703 -161.444  66.8703   479.63
-9  5  0 -46.6512  27.5549 -2.57608  0.628962 -0.140634  -0.79588 -0.140634  0.739213 -0.810133  -0.79588 -0.810133   8.86856
6 4 0  34.2188  21.1262 -2.71207  13.3907 -9.78775 -111.763 -9.78775  10.9584  103.632 -111.763  103.632  1123.92
 0 -5  1 -2.60485 -27.1901  5.97712    0.294613 -0.00416076   -0.303787 -0.00416076    0.817346    0.355858   -0.303787    0.355858     2.23644
-9  4  0 -47.7583  22.1552 -2.62785    0.616119 -0.00235248    0.883296 -0.00235248    0.608901    0.902086    0.883296    0.902086     10.5063
-3 -3  0 -17.2448 -17.3936 -1.36008   0.512191 -0.0440076   -1.55497 -0.0440076   0.517225   0.275673   -1.55497   0.275673    68.5434
3 3 0   17.404  17.8852 -2.74606 0.920826 0.506396   14.245 0.506396  1.15371   17.249   14.245   17.249  459.726
2 3 0  11.7343  18.0563 -2.67921  0.748643 -0.557004  -7.02944 -0.557004   1.73677   16.6594  -7.02944   16.6594    217.41
-2 -8  0  -11.4779   -42.499 -0.277428    0.624634   -0.144359   -0.234781   -0.144359    0.535147 -0.00439866   -0.234781 -0.00439866    0.558628
-9  3  0  -46.629  17.5116 -2.37073 0.910376 0.189322 -0.41797 0.189322 0.555516 0.159294 -0.41797 0.159294  5.95389
-8 -5  0 -41.7491 -27.2836  1.91509   0.671353 -0.0411246  0.0279556 -0.0411246   0.740468 -0.0701726  0.0279556 -0.0701726   0.242392
-5  8  0 -27.3296  41.4228 -2.88971 0.709436 0.339893   9.9265 0.339893  1.06979  13.4907   9.9265  13.4907  486.215
 3 -7  0  16.4455 -36.1093  2.99291  133.005  25.3476 -12.3164  25.3476  6.65852 -2.80452 -12.3164 -2.80452  1.73933
-3  7  0 -18.8632  36.4199 -2.63054   1.37014 -0.198565  0.947523 -0.198565   1.81946   -0.5911  0.947523   -0.5911   5.26926
 0 -7  0 -1.90604 -37.1606  1.68561     0.15792  -0.0221358 -0.00939425  -0.0221358    0.422384   0.0246021 -0.00939425   0.0246021    0.461929
-5  7  0 -27.9197  37.6336 -2.77453   0.635365  0.0150916    1.42798  0.0150916   0.527536 -0.0910826    1.42798 -0.0910826    14.5721
 1 -5  0  6.64192 -26.8615  2.37305   0.779173   0.278521 -0.0452349   0.278521   0.587941 -0.0176978 -0.0452349 -0.0176978   0.392297
-1  5  0 -7.22034  26.2193 -2.66406 2.72979 1.83356 29.2546 1.83356 2.84545 26.0478 29.2546 26.0478 374.457
5 4 0  25.3472  22.4496 -2.50949 31.8624 21.3188 61.0847 21.3188 15.8218   46.15 61.0847   46.15 137.615
-9 -4  0 -46.9308 -21.7541 -2.41231   0.418266  -0.133695 -0.0135055  -0.133695   0.503188   0.253979 -0.0135055   0.253979   0.759925
-9 -6  0 -49.4322 -34.0849 -0.87551  7.32002  1.49748 0.839358  1.49748   3.8713 0.274677 0.839358 0.274677 0.531411
-4  8  0 -23.3529  40.9315 -2.67142   1.85357  0.544461    -1.973  0.544461   1.59689 -0.666126    -1.973 -0.666126   5.71509
-3 -6  0 -17.5364  -32.654 -1.37194 0.533624 0.194351 -3.81451 0.194351  1.97828 -26.2804 -3.81451 -26.2804  460.082
-4  7  0 -22.1916  36.2226 -2.53681  0.486233 0.0742723 0.0113784 0.0742723  0.823468   1.29454 0.0113784   1.29454   6.91271
 2 -6  0  12.5014 -32.9207  1.97149   0.507376 -0.0770193  -0.134091 -0.0770193    0.41254    0.18993  -0.134091    0.18993    0.60301
-2  6  0 -13.9403   31.562  -2.6747 3.26371 2.74907 36.8225 2.74907 4.70967 56.7844 36.8225 56.7844 889.065
-1 -3  0 -7.77944 -17.8425 -1.12613   0.571249 -0.0300499   -2.88492 -0.0300499   0.504279    1.43892   -2.88492    1.43892    81.6526
1 3 0  7.41157  17.1573 -2.79237  0.495323 0.0909239 -0.831181 0.0909239  0.752751   2.64116 -0.831181   2.64116   39.8088
-3  0  0  -17.7134 -0.316851  -1.42223    0.445798 -0.00465317    0.308805 -0.00465317    0.110657   0.0431174    0.308805   0.0431174     9.64411
-5 -8  0 -27.4055 -42.6952 -2.38312 0.672762 0.939862 -8.64644 0.939862  6.42856 -52.5239 -8.64644 -52.5239  466.092
0 3 0 -0.691298   17.1868   -2.5721  0.62648  0.43835   7.3464  0.43835 0.834175   5.7753   7.3464   5.7753  104.007
-8 -8  0 -42.1919 -43.3006 -2.89917  2.60043 0.561042 -27.0295 0.561042 0.861283 -9.27967 -27.0295 -9.27967  341.436
-5 -9  0 -27.9548 -47.2375 -2.60118   0.549099 -0.0278649   0.014272 -0.0278649   0.542222   0.288737   0.014272   0.288737    1.97569
-7 -3  2 -36.7375 -17.7317  11.3464  1.06535 0.265625  1.84742 0.265625  1.09612 0.367764  1.84742 0.367764  4.25949
-6 -9  0 -32.5554 -47.2643 -2.94215  1.01847 -1.69722  14.3373 -1.69722  5.57696 -45.6235  14.3373 -45.6235  416.767
-5 -5  1 -29.1384 -27.4441  7.08866   6.54614   2.65292 -0.107647   2.65292   4.09519  0.400892 -0.107647  0.400892   1.37229
-6  8  0 -31.2651  42.2043 -2.45265   1.83001 -0.847723  0.382263 -0.847723   1.00435  -0.27853  0.382263  -0.27853   3.38071
-3  6  0 -17.6732  32.0808 -2.67771   0.68511 0.0720679  -1.07067 0.0720679  0.571242 0.0891549  -1.07067 0.0891549   15.2753
4 7 0  21.1908  36.5739 -3.28358  269.665 -1140.67  632.528 -1140.67  6680.24 -3346.69  632.528 -3346.69  1777.57
-9 -6  2 -46.1782 -31.9244  12.0646   2.17826   1.15705 -0.558641   1.15705   1.34458  0.226198 -0.558641  0.226198   7.92928
5 6 0  28.9553   31.814 -3.13894  32.6934  34.9881 -16.7759  34.9881  44.4769 -16.7353 -16.7759 -16.7353  73.7186
-5 -7  2 -29.1907 -36.4415   11.152  3.23648 0.969031  1.44836 0.969031  3.42818  2.36993  1.44836  2.36993  3.91354
2 4 0  11.3938  21.8814 -3.03514   1.42316 -0.329226  -3.02947 -0.329226   1.01922   5.01039  -3.02947   5.01039   48.9004
4 1 0 21.2084  6.8426 -1.9412 1.09554 1.28514 16.3238 1.28514 3.82217 37.1148 16.3238 37.1148 565.462
3 4 0  16.0381  21.2209 -2.98088  2.62586 0.682388  4.71298 0.682388  3.54801  31.7302  4.71298  31.7302  313.755
-8 -6  2 -44.2306 -31.1891  11.5223  2.03836 -1.44929 -1.07767 -1.44929  3.78288  1.64235 -1.07767  1.64235  1.69828
-4 -4  0 -22.6465 -22.4724 -1.42873   0.477524 -0.0599715   -2.92301 -0.0599715   0.588029    7.53768   -2.92301    7.53768    448.819
4 4 0  22.7466  22.2703 -2.79319  2.48718 -1.40278 -1.04337 -1.40278  2.05828  4.45418 -1.04337  4.45418  28.8057
-8 -9  0 -41.8797 -48.0449 -3.06538  1.40826 0.794339 -18.8408 0.794339  1.51181 -20.5743 -18.8408 -20.5743  426.656
-5 -5  0   -28.15 -26.8657 -0.55992   0.522723 0.00880062     0.2122 0.00880062   0.632134  -0.350457     0.2122  -0.350457   0.635169
5 5 0  26.3592  27.2555 -2.90053   1.8915 -1.04866 -1.84311 -1.04866  2.68819 -2.25637 -1.84311 -2.25637  14.2896
-9 -7  0 -48.6689 -38.5027 0.282699  2.16484 0.687883 0.413131 0.687883 0.785396 0.339389 0.413131 0.339389 0.369142
1 4 0 7.45897 22.6288   -3.26  0.763903 -0.154357  -3.92081 -0.154357   1.39479   11.3378  -3.92081   11.3378   152.846
0 4 0 -1.78836  22.8109 -2.86476 0.893903 0.679247  9.75864 0.679247 0.972488  8.68231  9.75864  8.68231  124.062
-9 -5  0 -47.1736 -27.0846  2.84028   0.657962   0.281894 -0.0269675   0.281894    1.48767 -0.0902398 -0.0269675 -0.0902398   0.368793
-7 -1  0 -36.6918 -6.83775 -1.59314   0.725971 -0.0812808   0.493289 -0.0812808   0.518619  -0.252614   0.493289  -0.252614    8.78901
7 1 0  37.4131  7.98429 -1.61742  0.614921  0.213022 -0.534301  0.213022  0.660193 -0.367752 -0.534301 -0.367752   5.52243
-9 -8  0 -48.4938 -42.3664 0.258499   2.23811 -0.784292  0.396841 -0.784292  0.875782 -0.217126  0.396841 -0.217126  0.265804
4 5 0  23.0325  27.1041 -3.49502  0.827276  0.430969 -0.526572  0.430969    1.0066   2.99324 -0.526572   2.99324   25.5796
3 6 0  16.6637  32.5511 -3.31057  1.93285  1.02123 -5.97411  1.02123  1.95727 -2.75993 -5.97411 -2.75993  46.7797
2 5 0  12.1279  26.9701 -3.48423 0.401906 0.290998  3.20941 0.290998  2.33728  25.2955  3.20941  25.2955  324.772
-3 -5  0 -18.1213 -26.8729 -1.00531  0.751663 0.0261948   1.13561 0.0261948  0.584356  -0.67849   1.13561  -0.67849   12.2981
3 5 0  16.6147  29.4262 -3.64614 0.851882  1.89887 0.153875  1.89887  11.8073 -3.44291 0.153875 -3.44291  268.581
-9 -9  0 -49.2427 -46.0551 -1.62266   1.42513  0.327678  0.182178  0.327678   1.04556 -0.171823  0.182178 -0.171823  0.379246
-1 -5  0 -7.28947 -28.2354  1.45018   0.600504 -0.0409241 -0.0814975 -0.0409241   0.670445  0.0672511 -0.0814975  0.0672511   0.362375
1 5 0  6.65594  27.1032 -3.60902 0.792845 -0.26562 0.262494 -0.26562 0.529728  2.27708 0.262494  2.27708  67.9959
6 7 0  32.5397  38.0505 -3.59654  20.8843 -10.9825 -2.82175 -10.9825   6.3453  2.19373 -2.82175  2.19373  18.9552
-3 -7  0 -17.6214  -37.387 -1.63615 0.963755  1.01111 -15.1857  1.01111  2.66941 -32.5359 -15.1857 -32.5359  489.485
3 7 0  16.3141  36.4866 -3.75343  28.7482  12.2901 -6.25058  12.2901  8.49502 -0.41816 -6.25058 -0.41816  21.5257
-9 -7  1 -47.6523 -38.5609  6.42553    2.0639  -2.17693 -0.147498  -2.17693   3.19299  -0.82389 -0.147498  -0.82389   1.91176
-6 -6  0 -32.0409 -32.6631  2.47304  0.658215 0.0801389 0.0744853 0.0801389  0.660084 0.0482807 0.0744853 0.0482807  0.392623
6 6 0  30.3798  33.8951 -3.48845  63.6323  6.09135 -12.9639  6.09135   8.0862  15.2003 -12.9639  15.2003  42.2323
-2 -6  0   -12.0162   -32.1544 -0.0824628   0.497918  0.0807297    -0.2697  0.0807297   0.436469 -0.0872027    -0.2697 -0.0872027   0.516216
2 6 0  12.7631  32.3296 -3.71754  1.29513 0.684523 -9.11646 0.684523 0.966661 -6.64348 -9.11646 -6.64348  101.118
0 5 0 -0.572028   25.8863  -1.68068   0.126915 -0.0274307 -0.0673504 -0.0274307    1.04174   0.184709 -0.0673504   0.184709   0.266073
-8 -3  1 -43.7059 -18.0146  9.76865  8.28633 -15.1568 -74.5922 -15.1568  44.3202   213.03 -74.5922   213.03  1051.11
1 6 0 7.93353 32.3078 -3.9379  0.698557 -0.726154  -10.4961 -0.726154   2.18518   26.0398  -10.4961   26.0398   400.234
0 6 0  4.05314  32.4882 -4.05762   2.12438 -0.611862   -8.3771 -0.611862   1.61427   21.3572   -8.3771   21.3572   370.771
2 7 0  11.3296  36.3693 -3.73915    1.55691 0.00410872   -2.59527 0.00410872   0.798934    2.03844   -2.59527    2.03844    31.0719
-6 -7  1  -32.429 -37.0536  7.00226   1.10661  -1.23927  0.156198  -1.23927   2.08729 -0.576088  0.156198 -0.576088   1.11568
7 8 0   36.421  43.2417 -4.02949   496.16   441.57 -322.957   441.57  413.117  -287.72 -322.957  -287.72  218.092
-1 -7  0 -8.15866 -37.2483 0.770894   0.811641  -0.122371  -0.049127  -0.122371   0.556243 -0.0165456  -0.049127 -0.0165456   0.574258
1 7 0  7.03825  37.3642 -4.24595   0.961819 -0.0296313   -8.63861 -0.0296313    7.21701    47.6697   -8.63861    47.6697    491.112
-7 -9  0 -37.1908 -47.8772 -2.94405 0.570186 0.538526 -6.12428 0.538526  3.85324 -39.5347 -6.12428 -39.5347  463.558
7 9 0  38.2049  46.6224 -4.33218   98.838 -48.9736  56.0171 -48.9736  25.3369 -22.0165  56.0171 -22.0165  91.6462
0 7 0  3.84548  36.8923 -4.32475   2.90115 -0.481156  -6.09541 -0.481156   2.25334   29.0033  -6.09541   29.0033   475.471
-3 -9  0 -17.2564 -48.2892 -2.01069   5.22706 -0.538728  -44.5977 -0.538728  0.570347   4.66282  -44.5977   4.66282   415.459
3 9 0  17.4259  48.7452 -4.47603  64.1418   4.7233 -67.0621   4.7233  5.66406 -4.05915 -67.0621 -4.05915  146.292
-1 -9  0 -8.11792 -47.8447 0.776052   1.19982 -0.245695 -0.531135 -0.245695  0.623861 0.0602311 -0.531135 0.0602311  0.679636
1 9 0  6.09213  48.6758 -4.59818  3.11113 0.898038 -3.57053 0.898038  1.62235 -2.06236 -3.57053 -2.06236  17.7633
-9 -8  1 -49.3366  -40.904  6.03434  11.6754 -3.69437  2.80486 -3.69437  5.97318 -1.91263  2.80486 -1.91263  2.81306
-5  4  0 -27.6087  22.3381  -2.2789 0.567762 0.306376  6.60496 0.306376  1.42232  20.8674  6.60496  20.8674  467.422
2 8 0  12.4642  43.5138 -4.50131  0.845433 -0.186449  -1.19169 -0.186449  0.727116   1.42518  -1.19169   1.42518   8.39077
1 8 0  6.81679  43.1043 -4.69497  0.454846 -0.163465  -1.15609 -0.163465   2.52753   27.3125  -1.15609   27.3125    352.98
0 9 0 0.504393  46.8543 -4.33386    0.20723   0.042027 -0.0167304   0.042027   0.493776  0.0659089 -0.0167304  0.0659089    1.28391
0 8 0 1.34567 42.7315 -4.5177 0.463578 0.363777   2.7158 0.363777 0.888172  3.98366   2.7158  3.98366   29.576
 0 -9  1 0.501358 -47.8128  6.03575  14.4288 -28.9775 -8.65011 -28.9775  58.8353  18.3588 -8.65011  18.3588  8.94095
2 0 0   12.9807 -0.768398  0.783177    0.544927   0.0887687 -0.00478526   0.0887687     0.21218   0.0630809 -0.00478526   0.0630809    0.228991
