-4 13  0  -20.335  65.5231 -3.49094  264.002 -52.8503  53.3735 -52.8503  192.715  16.4558  53.3735  16.4558  19.1218
 1 12  0  6.66325  61.3418 -3.96891  595.388  999.338  -341.11  999.338  1686.87 -574.602  -341.11 -574.602  313.519
 3 10  0  18.6249  51.1309 -4.54509   1289.7 -570.901 -2040.98 -570.901  259.456  909.671 -2040.98  909.671  3354.36
 1 11  0  6.74421  58.0845 -4.49496  1.52441 -0.54092  4.41351 -0.54092   3.1089 -0.94869  4.41351 -0.94869  59.0012
-2 14  0 -11.2073  71.8549 -3.98986  442.719  737.258 -2.67117  737.258  2664.37 -36.9312 -2.67117 -36.9312  3.64221
 0 12  0  2.73915  60.6846 -4.72603   25.696   -12.87  13.8213   -12.87  7.71085 0.671359  13.8213 0.671359   160.02
 0 11  0  2.21821  57.1491 -4.56678  0.416267 -0.237334  -1.39148 -0.237334  0.567791   1.14001  -1.39148   1.14001   16.6931
 0 10  0 0.812175  52.1376 -4.54473 0.713124 0.915438 0.218582 0.915438  2.14425 -1.32167 0.218582 -1.32167  19.8351
-1 10 -1 -6.06941  53.3129 -5.22844 0.946908 0.330372  1.90076 0.330372  1.15147  15.7442  1.90076  15.7442  369.176
 4 11 -1  22.9325  58.1218 -5.26641 445.822 83.1793 454.627 83.1793 18.3441 86.3888 454.627 86.3888 525.178
 0 10 -1  -1.1261  52.5347 -5.11262   0.313434 -0.0399863   -3.92649 -0.0399863   0.826299    7.33847   -3.92649    7.33847    164.852
-2 14 -1 -11.8248  72.1097 -5.38499  0.266879 0.0791182  0.561162 0.0791182  0.656514   8.59296  0.561162   8.59296   233.022
-2 13 -1 -12.3153  67.7586 -5.35746  0.571999 0.0396143   4.04373 0.0396143  0.476003  -1.34485   4.04373  -1.34485   286.666
 0 11 -1 -1.56968   57.247 -5.34993   0.825902 -0.0739761   -6.85519 -0.0739761   0.381367   0.965155   -6.85519   0.965155    96.9319
 0 15 -1  1.22864    78.32 -5.43285  0.274327 -0.701139  -1.18356 -0.701139    3.3576   7.81516  -1.18356   7.81516   61.5476
 0 13 -1 -3.00189  68.9767 -5.31746   2.02221 -0.475075  -7.97613 -0.475075   7.83267   8.69424  -7.97613   8.69424   75.9911
-3 13 -1 -17.3674  68.1586 -5.45599    1.20629 -0.0695984   -17.5978 -0.0695984    1.73835    9.29829   -17.5978    9.29829    464.686
-1 11 -1 -6.99438  57.3931 -5.34907   1.09133 -0.187539   3.94354 -0.187539  0.486378 0.0944938   3.94354 0.0944938   114.873
-3 14 -1 -17.8653  71.8589 -5.48346  0.659231  0.418599 -0.610725  0.418599   2.10899   4.07505 -0.610725   4.07505   70.8318
-2 12 -1 -13.3006  64.2332 -5.47856 1.24589 1.58689 5.98258 1.58689 5.79648 11.7386 5.98258 11.7386 331.486
-6 18 -1 -33.5945  93.0665 -6.14739  3.74419  1.76078 -5.81983  1.76078  6.59631 -3.76398 -5.81983 -3.76398  14.1056
