-11  -6   1 -55.3436 -34.5925  5.82005   29.462   28.561 -8.33368   28.561  43.4043 -8.46013 -8.33368 -8.46013  5.97641
-11   0   1 -56.2066 -3.91121  7.03514   2.14107  0.428135 -0.766743  0.428135   4.53222  0.293316 -0.766743  0.293316   1.13552
-10   0   1 -54.0845 -4.28077  6.42851  4.48338  1.60947 0.472644  1.60947  5.79366  1.51271 0.472644  1.51271  1.96763
-10  -1   1 -54.0648 -6.09303  6.80691     3.9996   -1.35406  -0.265929   -1.35406    2.33024 -0.0821409  -0.265929 -0.0821409   0.929881
-11  -1   1 -55.7614 -6.38471  6.34939    4.3431  0.980897  -1.76144  0.980897   1.55818 -0.885409  -1.76144 -0.885409   2.05298
-19  -6   1 -99.1685 -33.9567  5.75799   8.19013   2.73103  0.323099   2.73103   6.80797 -0.183674  0.323099 -0.183674   3.87797
-13  -6   1 -68.1802 -33.8679  5.49748   0.96905  -1.80117    0.5737  -1.80117   5.64498 -0.477613    0.5737 -0.477613    8.7367
-10  -6   1 -52.8038 -34.4189  5.68355 0.856591 -1.55387 0.831353 -1.55387  12.4824 0.400371 0.831353 0.400371  8.04221
-11  -7   1 -55.3713  -35.413  5.69895  4.95954 -1.04856 -2.05793 -1.04856  11.5889  -1.0125 -2.05793  -1.0125  17.6726
-12  -7   1  -61.369 -35.2344  5.74815 10.6577 -0.2832 1.39715 -0.2832 54.3067  -13.12 1.39715  -13.12 6.19595
-10  -7   1 -52.9595 -35.8533  5.28565 0.824202 0.597626  2.46501 0.597626 0.816229   1.5211  2.46501   1.5211  19.8262
-20  -9   1 -103.503 -48.9151  5.08669  31.3922 -30.7291  61.6298 -30.7291  76.3133 -145.005  61.6298 -145.005  351.613
-16  -6   0 -80.7231 -31.3003  2.64285   2.46231 -0.326199  -0.39256 -0.326199   29.3108  -24.7226  -0.39256  -24.7226   22.6995
-14  -5   0 -73.7505 -29.4455  2.45633    1.83688    1.30603 -0.0109303    1.30603    13.9487  -0.180049 -0.0109303  -0.180049    0.54071
-16  -5   0 -82.3692 -28.4836  2.96319    1.01985     1.0342  0.0134074     1.0342    1.64042 -0.0151037  0.0134074 -0.0151037   0.518036
-18  -7   0 -92.9146 -37.9601  2.24764  0.620548 -0.514588  0.323526 -0.514588   2.93866 -0.991189  0.323526 -0.991189  0.823929
-19  -7   0 -98.3546 -36.0526  2.72901   1.5989  1.13724 0.401171  1.13724  4.42492 -1.59388 0.401171 -1.59388  1.52615
-15  -8   0  -75.7987   -43.013 -0.645748  42.1284  -1.5137 -13.8674  -1.5137  0.51955 0.110917 -13.8674 0.110917  10.0413
-17  -9   0  -86.959 -48.5914  -1.9127  28.8096 -73.5934    57.72 -73.5934  232.918 -142.589    57.72 -142.589  229.434
-25   5   0 -127.966  28.9118 0.542775  0.880159 0.0753521 0.0305028 0.0753521   2.17017  0.370416 0.0305028  0.370416  0.277501
-10  -1   0 -53.8432 -6.82505  2.16113   2.19645 -0.224765  0.213962 -0.224765  0.725072 0.0468148  0.213962 0.0468148  0.287367
-11  -1   0 -56.0689 -7.22496  3.04846    1.01286 -0.0782933 -0.0645008 -0.0782933   0.514594   0.026164 -0.0645008   0.026164   0.514202
-10  -2   0 -51.1641  -12.026 -2.11012    3.45231 -0.0600319   -24.8646 -0.0600319   0.860415   -6.91408   -24.8646   -6.91408    292.839
-10   0   0 -54.0751 -3.59676  1.48219    3.6765 -0.554154  0.419987 -0.554154  0.414321 0.0765461  0.419987 0.0765461  0.303668
-12  -1   0 -61.8233  -7.6376  1.10952    1.18048   0.185529  -0.177139   0.185529   0.639676 -0.0286329  -0.177139 -0.0286329   0.255304
-11  -2   0    -56.7 -11.3917 0.933231  1.95986  1.28086 -1.19904  1.28086  2.62724 -1.87143 -1.19904 -1.87143  1.52005
-11   5   0  -55.5295   25.9362 -0.822106    3.21091 -0.0556733   -0.89298 -0.0556733     2.4195  -0.150705   -0.89298  -0.150705    1.38873
-10   1   0 -51.9439  8.10808  -2.6614  2.08416 -1.45109 -23.6621 -1.45109  1.67693  20.8251 -23.6621  20.8251  412.326
-11   0   0 -56.0372 -3.55783  2.49571   1.68837 0.0401831 -0.272078 0.0401831  0.714986 0.0526791 -0.272078 0.0526791  0.286127
-10   5   0 -53.1511  26.6247 -1.12576 0.954685 -0.13379 0.783558 -0.13379   1.0285 0.369025 0.783558 0.369025  1.43149
-11   4   0   -55.714   24.2337 -0.533972   2.79683 -0.990243 -0.838845 -0.990243   2.56909 0.0783493 -0.838845 0.0783493   1.07487
-12   4   0   -63.9957    22.0674 -0.0612178  2.74315 -2.18435  0.81713 -2.18435  4.32199 -0.67448  0.81713 -0.67448 0.481941
-10   4   0 -53.2263  23.8522 -1.33548  0.796271  0.034252  0.424942  0.034252   1.05458 -0.381547  0.424942 -0.381547  0.749865
-10   3   0 -51.2411  18.2774  -2.5926 0.852522 -0.23446 -1.07667 -0.23446 0.525929 0.711201 -1.07667 0.711201    7.034
-11   1   0 -58.5181  7.92676 -2.95682  1.39538 0.391746 -6.83834 0.391746  1.04635  6.30874 -6.83834  6.30874  211.507
-10  -9   1 -50.8817 -45.0451  5.39476  220.926 -254.678  5.55541 -254.678  1124.11 -53.2031  5.55541 -53.2031  31.3232
-12   5   0 -61.7359  26.7691 -3.06476  5.95867 0.300487 -66.8553 0.300487  1.38158  -10.969 -66.8553  -10.969  1131.12
-12   0   0 -61.2397   2.5241 -3.02853   2.25415 -0.577219  -18.0522 -0.577219  0.633516   8.13831  -18.0522   8.13831   192.642
-12  -2   0 -62.5287 -10.6141 0.256848    1.55091  -0.276514 0.00793977  -0.276514     1.1655  -0.279117 0.00793977  -0.279117   0.278701
-12   2   0 -63.8994  12.6269  -3.2338  3.54945 0.898902 -30.0322 0.898902  11.6181  84.7174 -30.0322  84.7174  1373.94
-10  -5   0 -51.1117 -26.5362  4.05052  1.74055 0.108442 0.341103 0.108442  1.12124 0.238495 0.341103 0.238495 0.866393
-14   3   0 -73.3708   17.498 -2.97122 38.3735 26.8972  28.825 26.8972 26.6652 22.6472  28.825 22.6472 38.0246
-24   2   0 -121.039  10.1902 -3.41317 2044.75 1194.34  284.53 1194.34 743.734 162.392  284.53 162.392 184.443
-12   1   0 -62.5388  8.21798 -2.33937 4.84146 3.98012 4.15684 3.98012 4.09744 3.93118 4.15684 3.93118 4.41214
-24   1   0 -121.035  9.98552 -3.12045  930.618 -402.332  147.085 -402.332  3238.17 -81.4282  147.085 -81.4282  26.7411
-10  -4   0 -51.2921 -23.5763  1.92174   2.28372  0.262103 0.0360913  0.262103   1.10092  0.278526 0.0360913  0.278526   0.15109
-10  -6   0  -51.567 -33.4426 0.969257  0.885915   0.22516 0.0745657   0.22516   1.26381  0.236938 0.0745657  0.236938  0.230906
-12  -7   0 -61.2184 -35.5848  2.48222    1.10557  -0.516588 -0.0198795  -0.516588    5.10216  -0.339915 -0.0198795  -0.339915   0.198942
-15  -6   0 -77.2161 -32.1222  1.72319  0.667435 0.0815167  0.198493 0.0815167   0.75026 -0.193027  0.198493 -0.193027  0.386714
-28   0   0 -141.109  4.89507 -3.56647  175.007  544.417 -566.384  544.417  1867.23 -1761.13 -566.384 -1761.13  2089.19
-13   0   0 -66.9283  3.38698 -3.50712   2.31924 -0.394031  -27.8094 -0.394031   115.718  -33.9806  -27.8094  -33.9806   423.242
-11  -3   0 -57.1393 -17.3638 -3.22546    6.008   10.108 -47.8555   10.108  19.2595  -89.497 -47.8555  -89.497  426.776
-12  -6   0 -62.1399 -32.9941  1.44647  0.593601  0.554685 0.0602502  0.554685   1.58548  0.198783 0.0602502  0.198783  0.180826
-13  -7   0 -68.6178 -35.8891  2.21384   1.99147   0.77792 -0.307458   0.77792   1.10557 -0.237689 -0.307458 -0.237689  0.231806
-14  -7   0  -72.3217  -35.9129 -0.798957  0.939027  0.217981 -0.411182  0.217981   35.3289  -6.27437 -0.411182  -6.27437   1.34998
-13  -6   0 -66.7768 -32.3225  2.00108   0.569223  -0.451869 -0.0851446  -0.451869    1.32422   0.357575 -0.0851446   0.357575   0.246712
-11  -6   0 -56.4639 -33.8873  1.51276   0.558402  -0.176387 -0.0976738  -0.176387    3.00058   0.347901 -0.0976738   0.347901   0.216944
-11  -7   0 -55.6654  -35.923  2.73101     2.3633   0.441313  -0.411881   0.441313    2.91186 -0.0196161  -0.411881 -0.0196161   0.279655
-25   3   0 -129.275  16.1751 -3.55265  178.376 -792.477  331.223 -792.477  3751.09 -1572.22  331.223 -1572.22  664.654
-12  -6   1 -61.6461 -33.9843  6.35246  3.70733  1.32204 0.260942  1.32204    4.069 0.818169 0.260942 0.818169  1.68121
-26   9   0 -134.616  45.6354 -3.08805  24.2777 -9.05147  3.88963 -9.05147  15.5239 -3.57055  3.88963 -3.57055   2.8264
-12  -3   0 -61.1231   -16.58 -3.55759  12.2037    5.606 -24.8156    5.606  12.2948 -50.5006 -24.8156 -50.5006  211.752
-27   7   0 -135.305  35.2602 -3.50052  20.8111 -0.67052 -1.19731 -0.67052  10.2275  8.60046 -1.19731  8.60046  12.3442
-20   0   0 -102.415  2.07585  -3.7575 3405.38  269.26 21.4123  269.26 225.848 14.3594 21.4123 14.3594 4.36049
-22   8   0 -112.966  43.5833 -3.50308   11.232  3.02879 -1.29141  3.02879  18.5309 -6.71938 -1.29141 -6.71938  4.82161
-28  -9   0 -143.003 -45.1373 -3.59066  7.90621 -6.24021  -1.9188 -6.24021  106.299 -1.73365  -1.9188 -1.73365  2.90628
-23   9   0  -117.88   47.944 -4.16848  2.21307  1.57565 -1.85104  1.57565  19.2732 -5.28993 -1.85104 -5.28993  10.7651
-19   7   0 -95.9355  38.4075 -2.72606  19.3555  17.8888 -3.61976  17.8888   20.325 -4.00214 -3.61976 -4.00214   1.1395
-15  -7   0 -77.3665 -37.6677  -2.2673  8.47358 0.816823 -8.11005 0.816823  1.52111 -0.65343 -8.11005 -0.65343  8.08886
-26   7   0 -133.517  37.7024 -3.78031   6.05791  -2.57125   1.28925  -2.57125   1.26204 -0.579817   1.28925 -0.579817   5.16887
-27   6   0 -136.467  34.4981  -3.8185  2.33721  1.91617  -2.4318  1.91617    6.147 -1.19679  -2.4318 -1.19679  4.12498
-21   5   0 -108.144  27.2938 -2.36351   95.1838   23.9413 -0.546754   23.9413   27.0744   6.20219 -0.546754   6.20219    2.0251
-17  -7   0 -88.2813 -38.2647   2.0412   0.933704  0.0469051   0.179648  0.0469051    1.34595 -0.0991528   0.179648 -0.0991528    0.29341
-24   9   0 -120.641   48.223 -4.48711  38.6384  32.6832 -9.62734  32.6832  33.6775 -10.2396 -9.62734 -10.2396  11.9198
-18   9   0 -91.9386  45.6596 -4.48735 13.6413  31.692 73.6426  31.692 78.1498 175.878 73.6426 175.878 415.957
-17   0   0  -88.0664 -0.663397  -4.59521  22.5567  32.7552 -36.7312  32.7552  58.8323  9.57845 -36.7312  9.57845  483.738
-24   0   0 -124.258 -1.05547 -2.56469    6.56403   0.483966   0.334833   0.483966   0.129896 -0.0730813   0.334833 -0.0730813   0.715007
-15  -5   0   -76.892  -28.3759 -0.686628   0.928087 -0.0335071   -0.06106 -0.0335071    1.34597   0.117372   -0.06106   0.117372      0.185
-20  -8   0 -103.231 -40.1641 -2.21535   1.26503   4.02143 -0.671505   4.02143    170.42  -10.2292 -0.671505  -10.2292   1.13102
-27   9   0 -136.249  45.8378 -3.22182  3.23471  1.36315 -1.30658  1.36315  4.27752 -0.73799 -1.30658 -0.73799  1.69809
-17   8   0 -89.6805  43.9605 -3.85604  20.8767 0.320529  3.57094 0.320529  2.01354 0.105579  3.57094 0.105579  1.98234
-23   8   0 -119.144  42.8851  -3.9914  101.193  121.239 -82.9018  121.239  147.239 -102.604 -82.9018 -102.604  77.6771
-27   2   0  -139.05   13.047 -4.40602  4.76522 -5.05306   12.863 -5.05306  6.79417 -17.3522   12.863 -17.3522  47.6024
-19  -6   0 -98.8747 -33.1497  1.82839  2.18449 0.302832 0.254357 0.302832  1.51165 0.455416 0.254357 0.455416 0.302896
-26   8   0 -133.382  42.0368 -2.28176   1.56529  0.621057 -0.354912  0.621057   1.11065 -0.177412 -0.354912 -0.177412  0.388206
-22   7   0 -113.945  38.4309 -3.96508  0.801018  0.734255 -0.297884  0.734255   1.98907  -1.84736 -0.297884  -1.84736   3.91573
-23   7   0 -116.618  37.2498 -4.81272  23.7545 -18.1417  34.3218 -18.1417  14.9979 -35.3463  34.3218 -35.3463  140.359
-25   6   0  -128.364   31.7707 -0.985641   1.50479  -0.12688 -0.024242  -0.12688   2.88766   0.44248 -0.024242   0.44248  0.313415
-23   3   0 -117.827  18.7962 -3.94826  27.2945 -90.1347 0.416574 -90.1347  301.614  -1.3045 0.416574  -1.3045  1.39082
-24   3   0 -123.068  17.5262 -4.01838  8.80687 -40.1172 -2.52085 -40.1172  207.253  10.1626 -2.52085  10.1626  2.72873
-26   3   0 -132.911  16.1751 -4.07499   1.35274 -0.872572  0.352853 -0.872572   3.96334  -1.93863  0.352853  -1.93863   2.90574
-20  -9   0  -103.77 -48.5255  2.54848    2.08614   0.327488 -0.0611705   0.327488    1.82636   0.230788 -0.0611705   0.230788   0.439319
-28   1   0 -141.314  5.27197 -4.11663  21.8632 -19.8226 0.754135 -19.8226  98.3502 -4.07535 0.754135 -4.07535  7.73576
-27   0   0  -135.16   2.0117 -3.53035 285.816 33.1373 29.4854 33.1373 6.86755 5.20655 29.4854 5.20655 5.66556
-10  -8   0 -50.9887 -43.4902  1.76393    1.31138 -0.0539569  -0.201426 -0.0539569   0.664524  0.0862033  -0.201426  0.0862033   0.215931
-26   0   0 -131.151 -1.97845 -2.99089   1.93137  0.268442 -0.101124  0.268442   1.32771 -0.372313 -0.101124 -0.372313   0.96284
-21   7   0 -109.409  36.8306 -4.15225    2.5245  -2.32115  0.120047  -2.32115   3.76741 -0.218488  0.120047 -0.218488   2.91912
-27  -1   0 -139.038 -7.45148 -2.82765    2.43268 0.00327043 -0.0229896 0.00327043    1.13718 -0.0832098 -0.0229896 -0.0832098   0.771426
-10  -7   0   -51.6149   -36.7732 -0.0104406   0.588082 -0.0963629  0.0371782 -0.0963629   0.538003  -0.127378  0.0371782  -0.127378   0.254524
-28  -1   0 -140.554 -7.27011  -2.6031    7.6706  0.264823 -0.838395  0.264823   2.40719 -0.497986 -0.838395 -0.497986  0.944337
-25  -2   0 -127.575 -11.4818 -3.99939   4.28946  -1.09276  0.168415  -1.09276   4.80706 0.0354867  0.168415 0.0354867   2.28635
-17  -5   0 -87.7968 -26.3582 -1.40744   2.62445   1.97323 -0.277053   1.97323    2.4911  0.114057 -0.277053  0.114057  0.247039
-28  -6   0 -142.702 -32.5471 -3.44299   4.1121 0.471322 0.736453 0.471322  3.44648 0.192867 0.736453 0.192867  1.48602
-20  -6   0  -101.318  -33.5029 -0.605152    3.4613  -2.01611 -0.821173  -2.01611   2.83644  0.564085 -0.821173  0.564085  0.335483
-20  -7   0 -103.536 -37.5829  0.54234     1.52494  0.00226627   -0.366458  0.00226627    0.601084 0.000131157   -0.366458 0.000131157    0.271901
-21  -7   0 -105.288 -37.4836 -2.61046    31.527  -1.76751  0.861815  -1.76751   1.43999 -0.149321  0.861815 -0.149321  0.418511
-26  -7   0 -133.002 -39.0662 -2.53354     2.62774   0.0709986    0.109696   0.0709986     2.98192 -0.00914556    0.109696 -0.00914556    0.449512
-26  -8   0 -133.038 -40.4297  -3.3089     1.64065 -0.00247018   0.0686229 -0.00247018     6.49052    -0.46775   0.0686229    -0.46775      0.8973
-21  -8   0     -106 -42.6337 -4.06395   3.95891 -0.518715   -1.1055 -0.518715  0.555342 0.0411041   -1.1055 0.0411041   2.95156
-10  -3   0 -52.5215 -17.4754 -2.76397  4.19989  6.82513 -38.1359  6.82513  12.7176 -68.2142 -38.1359 -68.2142   384.75
-28  -8   0 -142.901 -44.0667 -3.59579     5.3822 -0.0586858 -0.0427271 -0.0586858    3.78609  0.0649627 -0.0427271  0.0649627    1.55028
-23   7  -1 -118.905  37.1429 -5.10535  10.6861   1.5223  -57.436   1.5223 0.718827 -7.64906  -57.436 -7.64906  479.075
-19  -6  -1 -98.9466 -32.1118 -5.42523   11.315 -5.83973  63.4555 -5.83973   3.6681 -35.9223  63.4555 -35.9223  398.992
-24   9  -1 -122.705  46.3825 -5.43647   4.94474 -0.284832  -34.1968 -0.284832   1.42029  -3.66994  -34.1968  -3.66994   280.944
-17  -5  -1 -88.7352 -25.6924 -5.31642  25.7651 0.604344 -7.49173 0.604344  16.8489 -5.42096 -7.49173 -5.42096  20.7317
-20  -7  -1  -103.93 -36.0562 -5.28437    1.79379  -0.872042 0.00155609  -0.872042    1.98545    2.71568 0.00155609    2.71568    27.0511
-24   8  -1 -122.227  42.6686 -5.42973  6.76456  1.31801 -44.1285  1.31801 0.646113 -8.11919 -44.1285 -8.11919  319.159
-24   7  -1 -122.336  37.1354 -5.49612  6.07746  1.38846 -46.8694  1.38846  1.02075 -12.1277 -46.8694 -12.1277  388.543
-23   1  -1 -118.548  8.01005  -5.7042  1.25244 0.599047 -11.3822 0.599047 0.761948 -2.38067 -11.3822 -2.38067  233.306
-25   6  -1 -127.344  32.6623 -5.66015   1.07517 -0.464716   1.54854 -0.464716   1.01378  0.490764   1.54854  0.490764   17.0326
-10   2   0 -51.0802  12.4654 -1.24881   1.76765 -0.634208 -0.410197 -0.634208  0.982803  0.308582 -0.410197  0.308582   1.00147
-25   3  -1 -127.809  16.3789 -5.52344   11.127 -48.8166  17.5236 -48.8166  219.943 -80.1501  17.5236 -80.1501  33.8836
-24   1  -1 -122.442  6.72132 -5.89112  1.99453  1.88125 -18.4952  1.88125  2.75502 -16.4493 -18.4952 -16.4493   389.47
-25   9  -1 -127.549   47.602 -5.88325   1.26642 -0.596847  -10.0073 -0.596847   1.68256  -6.43387  -10.0073  -6.43387   232.009
-13   2   0 -68.1353  12.6187 -1.82355  2.93632  -2.5858  1.37319  -2.5858   7.4181 0.444002  1.37319 0.444002   2.3985
-23   6  -1 -117.722  32.2154 -5.46167 0.496472 0.550329 -2.29077 0.550329  4.26949 -16.9089 -2.29077 -16.9089  75.9468
-15  -9   0  -75.9226  -47.8954 -0.756846    469.48  -17.7747   15.7305  -17.7747   1.15664 -0.768433   15.7305 -0.768433   3.40621
-25   1  -1 -127.146  7.06107 -6.00817  0.84628 0.221519 -10.7314 0.221519  1.82761 -21.3716 -10.7314 -21.3716   582.68
-20   0  -1  -103.909 -0.341638  -5.68723  4.45832  1.61675 -22.8889  1.61675  1.09704 -12.4996 -22.8889 -12.4996  170.148
-26   9  -1 -133.468  45.8641 -5.75494  9.95988 -6.61592  29.7243 -6.61592  8.94777  -9.3507  29.7243  -9.3507  124.154
-25   8  -1 -127.419   42.167 -5.93318  1.42091 0.663587 -9.87399 0.663587   1.0666 -6.29136 -9.87399 -6.29136  118.569
-25   7  -1 -127.179  37.6336 -5.96383  2.44753 0.544486 -23.7125 0.544486 0.482127  -4.7542 -23.7125  -4.7542  298.096
-26   6  -1 -133.537  32.5097 -5.97881  0.82724 0.115266 0.725716 0.115266 0.455311  -1.4897 0.725716  -1.4897  18.1007
-21   0  -1 -107.068  1.51975 -5.81329 0.994568 0.770659 -5.80276 0.770659  1.02097 -7.59237 -5.80276 -7.59237  77.8328
-23   0  -1 -118.146  1.46707 -5.97443     0.5198 -0.0443817  -0.987922 -0.0443817   0.388047   -5.60991  -0.987922   -5.60991    134.889
-21  -9  -1 -108.291 -47.3316 -5.46918  16.8042  -3.6964 -46.9191  -3.6964  1.35639  11.3192 -46.9191  11.3192  146.426
-26   8  -1 -133.293  42.3762 -5.74313   1.12326    0.4719  0.622815    0.4719   1.13383 -0.674607  0.622815 -0.674607   9.26506
-26   7  -1 -132.573  38.2422 -6.20541  0.540334 -0.216159  -2.62277 -0.216159  0.468598    2.5713  -2.62277    2.5713   285.027
-21   7  -1 -108.171  35.9363 -5.31104   1.37066  0.409762   2.36855  0.409762   2.17446 -0.868275   2.36855 -0.868275   10.6378
-22   6  -1  -112.97   32.165 -5.67957   3.8601  -10.687  33.6016  -10.687  33.1311 -103.421  33.6016 -103.421  336.499
-21   6  -1  -108.91  32.8464 -5.83018  4.31566 -1.45392  10.0886 -1.45392  16.2606 -65.5759  10.0886 -65.5759  277.809
-24   3  -1 -121.017  17.9352 -5.33412  5.37994  7.64923 -9.82527  7.64923  15.8162 -20.9817 -9.82527 -20.9817  32.5036
-14  -6   0 -71.5457 -32.3118  2.06823   1.04493  0.670157 0.0395528  0.670157  0.966816 0.0302256 0.0395528 0.0302256  0.275456
-24   0  -1  -122.717 -0.360605  -6.04654  0.636129 -0.171467 -0.451102 -0.171467  0.185763  0.555405 -0.451102  0.555405   19.2295
-20  -1  -1 -104.091 -7.96789  -6.1083  2.70332  1.04633 -28.0943  1.04633  1.68598 -21.4482 -28.0943 -21.4482  444.344
-21  -9   0 -106.747 -47.9984 -2.66766   1.74736 -0.223465 -0.298984 -0.223465   0.51524  0.168869 -0.298984  0.168869  0.296563
-20  -2  -1 -102.438 -12.4413 -6.12966  4.94863  1.93337 -14.9401  1.93337 0.989992 -4.49774 -14.9401 -4.49774   185.88
-27   9  -1 -136.601   46.479 -5.86884  1.54113 0.884613 0.362439 0.884613  1.37107 0.664833 0.362439 0.664833  6.29506
-26   1  -1 -132.827  6.60142 -5.94781    1.63029   0.596246   -1.81737   0.596246    1.31445 -0.0189997   -1.81737 -0.0189997    15.3555
-28   9  -1 -141.134  46.7444 -6.40316   440.811  -22.9264 -0.548568  -22.9264   1.88825  -10.5308 -0.548568  -10.5308   441.753
-27   7  -1   -137.9  37.3862 -6.34735    1.06876 -0.0877163   -12.6058 -0.0877163   0.574137     3.4107   -12.6058     3.4107    274.358
-10  -5   1 -51.8444 -26.7958  5.65241    1.18817     0.1543    0.26626     0.1543   0.704156 0.00566321    0.26626 0.00566321    4.49358
-23   5  -1 -118.299  29.2667  -6.1828  1.63806 -7.33187  22.9871 -7.33187  52.3945  -163.72  22.9871  -163.72  548.952
-25   0  -1  -127.173 -0.353336  -6.20041  0.608295 0.0837027  -2.23455 0.0837027  0.197044  -1.46366  -2.23455  -1.46366   31.0556
-24  -1  -1 -123.244 -7.83629 -6.29478  1.37317 0.782463  -19.329 0.782463  1.14693 -17.3479  -19.329 -17.3479  462.165
-23  -2  -1 -118.611 -12.6157 -6.33409  4.81713 -0.18216  17.6192 -0.18216   5.6242 -60.3373  17.6192 -60.3373  818.001
-20  -3  -1 -102.134 -15.6155 -6.20513   1.43728 -0.775092  -13.2783 -0.775092   3.92425  -3.92415  -13.2783  -3.92415   186.712
-11   2   0 -58.8388  11.7224 -3.03752   1.02999 0.0797066  -14.9471 0.0797066   1.21979  -1.98703  -14.9471  -1.98703   311.853
-22  -9  -1 -111.467  -48.291 -5.99931  4.91431 -3.75171 -36.1796 -3.75171  3.67595  31.7212 -36.1796  31.7212  326.942
-13  -5   0 -65.6953 -29.7746 -2.32177   9.83807   13.7781   1.31911   13.7781   47.6591 -0.772036   1.31911 -0.772036   1.21687
-28   8  -1  -141.34  42.6068 -6.46143   259.416  -14.3002 -0.441751  -14.3002   1.29711  -7.99798 -0.441751  -7.99798   259.958
-29   8  -1 -146.515  41.8704 -6.52989    0.701795 -0.00975661     6.32801 -0.00975661    0.364133    -3.86123     6.32801    -3.86123     293.022
-27   6  -1 -137.842  32.8096 -6.26122  1.52106 0.296357 -3.69359 0.296357 0.587357 -2.55182 -3.69359 -2.55182  41.1551
-27   5  -1 -137.408  27.7122 -6.39045  1.71625 0.647558  -17.952 0.647558 0.801466 -10.9182  -17.952 -10.9182  318.198
-22   0  -1 -112.476  3.01915 -5.79461  0.450604 -0.119414    0.6186 -0.119414  0.492114  -4.03972    0.6186  -4.03972   58.6422
-26   3  -1 -132.963  16.4784 -5.91762  0.792253 -0.126543  -1.37136 -0.126543  0.897497   1.03531  -1.37136   1.03531   5.52487
-28   2  -1 -142.653   12.343 -6.36817   0.526018 -0.0271869  -0.213392 -0.0271869   0.561035  -0.887273  -0.213392  -0.887273    9.72029
-27   1  -1 -137.378  7.56638 -6.35208  1.91609 0.191836 -24.4844 0.191836  0.47444 -3.06585 -24.4844 -3.06585  447.518
-26   0  -1  -132.665 -0.344806  -6.33078  0.489273 0.0695681   -1.3544 0.0695681   0.17405 -0.373359   -1.3544 -0.373359   19.5542
-24  -2  -1 -122.939 -12.5641  -6.4467  1.19606 0.661882 -17.6357 0.661882  1.00101 -15.4977 -17.6357 -15.4977  408.468
-21  -8  -1  -108.06 -42.5239 -5.84047   1.62264 -0.393248  -2.32605 -0.393248  0.527802  0.791751  -2.32605  0.791751   8.79937
-28   7  -1 -141.822  36.8999 -6.53727    2.39369 -0.0540338   -15.6363 -0.0540338   0.663368   -3.35921   -15.6363   -3.35921    338.634
-28   6  -1 -141.393  32.6646 -6.54619  2.99698 0.279988 -19.0864 0.279988 0.869075 -9.67219 -19.0864 -9.67219  690.691
-29   2  -1 -147.819  12.1778 -6.46396  0.503249 0.0566453 -0.262851 0.0566453  0.595501 -0.717979 -0.262851 -0.717979   13.7676
-28   1  -1 -142.726  7.09221 -6.48295   0.69495 0.0368672  -2.47781 0.0368672  0.489365  0.776347  -2.47781  0.776347    35.999
-25  -1  -1 -127.521 -7.14248 -6.46681  1.19895 0.406311  -17.551 0.406311 0.997767 -13.0864  -17.551 -13.0864  451.781
-26  -1  -1  -132.31 -7.14383  -6.5505   0.476102 -0.0705593   -1.01307 -0.0705593   0.615739   -6.59068   -1.01307   -6.59068    401.553
-17  -4   0 -88.4609 -23.7728 0.496575  0.917092  0.311368 -0.176009  0.311368  0.864667 -0.238065 -0.176009 -0.238065  0.294338
-25  -2  -1 -127.599 -12.0301 -5.95812   1.13672 -0.239376 -0.126406 -0.239376  0.905867 -0.338746 -0.126406 -0.338746   2.47266
-24  -3  -1 -122.996  -17.201 -6.57899    1.05298 -0.0314845   -9.68224 -0.0314845   0.567092   -5.95505   -9.68224   -5.95505    407.367
-20  -5  -1 -103.849 -28.6689 -6.64319  54.1075 -7.09911 -62.8026 -7.09911  1.29785  7.00988 -62.8026  7.00988  340.758
-20  -6  -1 -102.789 -32.2733 -5.83865  1.19644 -0.99943 -3.23666 -0.99943  2.25105  4.94593 -3.23666  4.94593  16.6359
-10  -8   1 -50.8312 -43.7072  5.88197   9.13922   -2.0262    1.9788   -2.0262   1.23611 -0.609846    1.9788 -0.609846   3.37484
-22  -8  -1 -110.384 -42.5008 -6.50202  40.5333   1.3731 -29.0097   1.3731  1.28432   13.981 -29.0097   13.981  248.912
-23  -9  -1 -117.176 -47.9688 -6.35084  3.27058 0.349658 -9.21222 0.349658 0.664428 0.681598 -9.21222 0.681598  106.371
-29   7  -1   -147.2   37.418 -6.61289  0.852846 -0.242627 -0.519823 -0.242627   1.37196  -16.3866 -0.519823  -16.3866   361.098
-28   2   0 -141.472  13.7017 -4.05002   1.2962  3.06448 -6.41084  3.06448  48.4455 -114.946 -6.41084 -114.946  275.956
-29   6  -1 -148.306  30.9005 -6.65359  0.875622  0.266236   10.1469  0.266236   1.33358 -0.344967   10.1469 -0.344967   379.545
-24   6  -1 -122.028  32.2575  -5.7042  1.10013 0.593032 -10.3991 0.593032  1.14616 -11.2719 -10.3991 -11.2719   177.36
-27   2  -1 -137.698  12.6048 -6.26395   0.440906 -0.0749132   0.120906 -0.0749132   0.364319   -0.22932   0.120906   -0.22932    7.69791
-24   5  -1 -123.011  28.4063 -6.25603  0.498981 -0.401944    2.8217 -0.401944   8.84415  -47.8916    2.8217  -47.8916   279.574
-29   5  -1 -147.588   27.488 -6.67557   0.521928 -0.0589595     5.3924 -0.0589595   0.614927   -1.51778     5.3924   -1.51778    446.566
-26   6   0 -132.362  33.0532 -1.79214   0.632705   0.496546 -0.0440669   0.496546    1.41713   0.318436 -0.0440669   0.318436   0.235811
-26   2  -1 -133.913  12.7495 -6.25193   1.60391 -0.154746  -6.03733 -0.154746  0.479694   1.01617  -6.03733   1.01617   32.1424
-25   5  -1 -127.833   27.846 -6.27686  0.93267 -2.82989  12.0958 -2.82989  19.4903  -87.123  12.0958  -87.123  406.619
-12  -1   1 -61.3285 -8.21301  5.31385  18.1086  1.74862    4.458  1.74862   4.1277 0.745165    4.458 0.745165  30.0111
-26   5  -1 -132.264  27.4096 -6.31453  0.748761  0.301109 -0.348901  0.301109   3.44963  -19.4914 -0.348901  -19.4914   132.651
-11  -9   0 -56.8112  -49.493  1.10394  283.164 -135.198 -46.3491 -135.198  123.171  55.0838 -46.3491  55.0838  60.3738
-28   5  -1  -142.29  27.0248 -6.59478   1.22723 0.0797769  -2.80419 0.0797769  0.552359 -0.332381  -2.80419 -0.332381   24.8517
-28   4  -1 -142.084  23.5311 -6.62025  0.556999 0.0117296 -0.658836 0.0117296  0.687096   0.57261 -0.658836   0.57261   26.3268
-27   4  -1 -137.597  23.3987 -6.60378  0.625327 -0.276734  0.421431 -0.276734  0.621219 -0.452524  0.421431 -0.452524   49.9936
-29   4  -1 -147.981  21.7624 -6.66281   0.544044 -0.0632668  -0.419161 -0.0632668   0.418462   0.404964  -0.419161   0.404964    37.0025
-27   3  -1 -137.582    17.78 -6.49528 0.803495 0.756017  1.52565 0.756017  1.34928  2.88371  1.52565  2.88371  12.5653
-28   3  -1 -143.104  18.0309 -6.61167  0.71244 -0.38871 -1.29511 -0.38871 0.808635  2.64907 -1.29511  2.64907  26.7755
-29   3  -1 -147.749  17.5033 -6.63573   0.61854 -0.127811  -1.90446 -0.127811  0.486175    1.9233  -1.90446    1.9233   80.3711
-29   1  -1  -147.73  7.36533 -6.60277  0.507474 0.0538942  -1.60334 0.0538942   1.22122  -18.8353  -1.60334  -18.8353   488.156
-27   0  -1  -138.137 -0.882803  -6.53058  0.815098 0.0529181   -3.9986 0.0529181  0.182047  -1.63827   -3.9986  -1.63827   56.7341
-27  -1  -1 -138.303 -7.39057 -6.45381   0.528857  0.0451879   0.471009  0.0451879   0.609188 -0.0589878   0.471009 -0.0589878    5.42219
-21  -3  -1 -106.098 -16.2171 -6.46763  2.35879 0.185377 -27.7368 0.185377   2.6262  3.23837 -27.7368  3.23837  411.673
-26  -3  -1 -133.053 -17.6037 -6.64637  1.40687 0.508844 -14.1452 0.508844 0.629614 -6.74326 -14.1452 -6.74326  377.037
-25  -4  -1 -128.673 -23.4114 -6.62688  0.734172 -0.447478   3.03638 -0.447478   1.07508   3.24434   3.03638   3.24434   375.352
-24  -4  -1   -121.9 -23.2301 -6.65744  0.76292 0.265226 -5.48297 0.265226 0.721736 -6.62923 -5.48297 -6.62923  472.269
-21  -4  -1 -107.884 -23.1581 -6.68528  1.60241 0.117918  -11.851 0.117918 0.478172 -5.63277  -11.851 -5.63277  393.983
-22  -7  -1 -110.444  -39.066 -6.65349  55.9938 -21.9645  -347.97 -21.9645  11.7292  143.669  -347.97  143.669  2625.72
-24  -9  -1 -122.821 -47.7725 -6.45584  0.924804 -0.660726  -6.93137 -0.660726   0.96851   7.53536  -6.93137   7.53536    159.21
-26   4  -1  -133.64  24.4914 -6.71753  7.22699   -18.62  82.2847   -18.62  79.1097 -262.604  82.2847 -262.604  1127.36
-22   6   0 -113.082  34.6624 -4.92141 0.837481  -2.5475  10.8434  -2.5475  34.8454 -59.5575  10.8434 -59.5575  548.495
-22  -3  -1 -112.113  -17.062 -6.70784  2.29673 -1.75981 -12.8862 -1.75981   2.5455   10.985 -12.8862   10.985  144.608
-18   8   0 -91.2143  43.2892 -1.21395   1.96933  -1.95686  0.240007  -1.95686   2.96352 -0.546693  0.240007 -0.546693  0.390607
-22  -4  -1 -112.345 -21.3666 -6.80777  1.31397 -1.17281  17.8667 -1.17281  7.14797   -45.01  17.8667   -45.01  457.487
-23  -4  -1 -117.884 -23.7178 -6.71945  0.848531 0.0281199   1.04546 0.0281199   4.13935    43.909   1.04546    43.909   538.045
-26  -4  -1 -132.982 -22.6476 -6.70682  1.28927 0.420365 -19.9318 0.420365 0.917326 -10.3209 -19.9318 -10.3209  566.137
-21  -5  -1 -106.374   -27.28 -6.77975  1.99185 0.512733 -27.0875 0.512733 0.931643 -13.2983 -27.0875 -13.2983  647.518
-21  -6  -1 -106.801 -33.5861 -6.41365  24.7155 -22.7104 -101.492 -22.7104  21.7764   94.709 -101.492   94.709  433.436
-21  -7  -1 -107.727 -37.7952 -6.03375  10.8199 -2.91429 -30.9676 -2.91429  1.27484  8.45172 -30.9676  8.45172  93.2552
-25  -7  -1 -127.773 -37.0951 -6.67931  0.470683 -0.142812  -2.87885 -0.142812  0.492042  0.760414  -2.87885  0.760414   329.889
-24  -7  -1 -123.148 -37.8303 -6.61121  0.365359 0.0948498 -0.443131 0.0948498  0.637474  0.204488 -0.443131  0.204488   169.558
-24  -8  -1 -122.987 -42.5326 -6.55444  1.16229 0.112586 -1.32887 0.112586 0.568775  5.06973 -1.32887  5.06973  157.797
-23  -3  -1 -117.317 -17.0388   -6.577   0.373003 -0.0713411    1.91518 -0.0713411    1.38262   -15.1328    1.91518   -15.1328    243.103
-25  -8  -1 -128.118 -42.7612  -6.6396  0.950866 0.0154097  -11.8524 0.0154097  0.671748  0.968728  -11.8524  0.968728   578.738
-25  -9  -1 -127.839 -47.5085 -6.59569  0.696354 -0.133647  -4.03125 -0.133647  0.609543   3.98129  -4.03125   3.98129    142.91
-27  -2  -1 -137.943 -12.8443 -6.76717  1.80356 0.760174 -25.6668 0.760174 0.986817  -15.191 -25.6668  -15.191  529.272
-25  -3  -1 -127.006 -16.9936 -6.61426  0.79349 0.127194 -4.83337 0.127194 0.690248 -4.15181 -4.83337 -4.15181  303.448
-27  -3  -1 -137.881 -17.5949 -6.84825  1.81898 0.297175 -25.3537 0.297175   0.5738 -5.38491 -25.3537 -5.38491  493.157
-23  -5  -1 -118.785 -26.9142 -6.79758   6.96625 -0.980499   54.2762 -0.980499  0.795901  -7.62642   54.2762  -7.62642   455.008
-25  -5  -1 -128.242 -27.9464 -6.63066   1.36173  0.259318 -0.929944  0.259318   0.66332 -0.322713 -0.929944 -0.322713   30.7473
-26  -5  -1 -133.102 -27.7652 -6.79245  1.12091 0.212386 -14.6101 0.212386 0.508466 -5.92732 -14.6101 -5.92732  424.719
-24  -5  -1  -122.17  -27.226 -6.79641  0.823828 -0.761343   1.32051 -0.761343   1.30169  -4.02892   1.32051  -4.02892    69.956
-27   8   0 -135.626  44.0441 -4.12371    7.08188    2.05086  -0.195469    2.05086    1.51162 -0.0368926  -0.195469 -0.0368926    1.15621
-26  -6  -1 -132.907 -32.5915 -6.80592    1.07664 -0.0554124   -15.8534 -0.0554124   0.429685    1.12306   -15.8534    1.12306    423.076
-19   0  -1  -96.525  1.40515 -5.17366  4.34837 0.293021 -14.9469 0.293021 0.349045 -4.87628 -14.9469 -4.87628  126.753
-24  -6  -1 -122.246 -32.8994 -6.69378  5.79076  3.73421 -1.34523  3.73421  3.27255 -1.75379 -1.34523 -1.75379  44.7659
-27   8  -1 -136.879  43.7038 -5.78957   0.65238 -0.106164  -1.04312 -0.106164    1.0762  -1.50539  -1.04312  -1.50539    8.0177
-25  -6  -1 -126.946 -32.8334 -6.67902  0.722046 0.0747127  -4.28166 0.0747127  0.402769  -1.62045  -4.28166  -1.62045   221.189
-23  -8  -1 -119.101 -41.9679 -6.55687  214.846  73.4904 -189.066  73.4904  25.8478 -60.9175 -189.066 -60.9175   257.33
-27  -4  -1 -137.739 -22.4142 -6.91447  1.48813   0.2081 -21.7714   0.2081 0.531227 -4.72035 -21.7714 -4.72035  471.227
-27  -5  -1 -137.641 -27.5416 -6.96192 0.872405 0.122282 -13.6293 0.122282 0.554364 -4.63328 -13.6293 -4.63328  491.647
-26  -2  -1 -133.729 -12.7612 -6.60039  0.632321 -0.190228   1.02096 -0.190228  0.564541  -6.41405   1.02096  -6.41405   342.093
-23  -6  -1 -116.696 -33.9092 -6.96539  13.0713 -22.0829  10.0329 -22.0829  45.6603  43.2337  10.0329  43.2337   668.15
-26  -7  -1 -132.977 -38.4512  -6.2559  0.850274 -0.117103 -0.314911 -0.117103  0.746389  0.718963 -0.314911  0.718963   3.02395
-25   0   0 -126.636  1.55235 -2.23596    1.18882  -0.608732 0.00585814  -0.608732   0.515955 -0.0951325 0.00585814 -0.0951325   0.639881
-26  -8  -1 -132.711 -42.1674 -6.58381   0.637453 0.00857199 -0.0776188 0.00857199   0.460537  -0.596205 -0.0776188  -0.596205    4.49664
-26  -9  -1  -132.65  -47.394 -6.72831   0.90641 -0.145545  -9.60087 -0.145545  0.629087    6.3821  -9.60087    6.3821   264.938
-29  -9  -1 -147.571 -47.5043 -6.92145   0.512894 -0.0324493   0.347875 -0.0324493   0.508401   0.135286   0.347875   0.135286    17.3566
-28   0  -1  -142.693 -0.429025   -6.8188  1.20637 0.376224 -8.62722 0.376224 0.325594 -4.94067 -8.62722 -4.94067  119.514
-29   0  -1  -147.668 -0.264073  -6.91601  0.583231 0.0630123  -1.60372 0.0630123  0.316354  -4.87451  -1.60372  -4.87451   123.408
-28  -1  -1 -142.732 -7.58477 -6.97462   1.61251 0.0245837  -10.8604 0.0245837  0.495151 -0.332733  -10.8604 -0.332733   108.956
-18   7   0 -94.5518  38.8049 -1.28546   10.7522  -2.02868   1.49655  -2.02868   2.97352 -0.678985   1.49655 -0.678985  0.761559
-27  -7  -1  -137.29 -37.4008 -6.97165  0.919271 -0.227399  -12.0531 -0.227399  0.569407   3.58127  -12.0531   3.58127   431.563
-27  -8  -1 -137.692 -42.5626 -6.93815   0.806235 -0.0346097   -11.9833 -0.0346097   0.542018    2.94454   -11.9833    2.94454    468.772
-29  -8  -1 -147.697 -42.6222 -7.01149  0.523138 0.0181378  0.656123 0.0181378  0.528261  0.612272  0.656123  0.612272   11.4776
-28  -8  -1  -143.15 -42.7067 -6.86895   0.592735 -0.0829678  -0.268757 -0.0829678    0.59313   0.782364  -0.268757   0.782364    6.79129
-28  -9  -1 -143.364  -47.248 -6.87747 0.481638 0.023904  1.96682 0.023904 0.629945  5.55381  1.96682  5.55381  198.423
-27  -6  -1 -137.582 -32.6261 -6.98066   0.79928 0.0392856  -11.4521 0.0392856  0.444998 -0.328662  -11.4521 -0.328662   429.822
-29  -7  -1 -147.807 -37.5324 -7.16744   0.500017 0.00305238   0.741967 0.00305238    0.53383   0.478111   0.741967   0.478111    24.9364
-28  -7  -1 -142.961 -37.5027 -7.08749   1.16778 -0.265027  -16.8856 -0.265027  0.626896   7.45005  -16.8856   7.45005   440.836
-27  -9  -1  -137.42 -47.5304   -6.896   1.13729 -0.319443  -17.8789 -0.319443  0.691214   9.23453  -17.8789   9.23453   521.851
-29  -1  -1 -147.589 -7.45952  -7.1597 0.890397 0.336835 -13.8545 0.336835  0.77766 -11.8688 -13.8545 -11.8688  487.988
-28  -2  -1 -142.842 -12.3963 -7.06891  3.60736  0.83081  -32.946  0.83081 0.723703 -8.99815  -32.946 -8.99815  359.522
-29  -2  -1 -147.575 -12.3379 -7.24772 0.806148 0.202292  -11.979 0.202292 0.584951 -7.05673  -11.979 -7.05673  464.546
-28  -3  -1 -142.776 -17.5581 -7.16376  3.45303 0.467902 -33.8595 0.467902 0.557346 -5.46961 -33.8595 -5.46961  390.856
-28  -6  -1 -143.079 -32.3435 -7.05727   0.614838 -0.0877562  -0.761405 -0.0877562   0.551254   0.337919  -0.761405   0.337919    8.26544
-29  -6  -1  -147.59  -32.516 -7.29484   0.534214 -0.0553848   -3.38004 -0.0553848   0.601945    7.90143   -3.38004    7.90143    468.253
-29  -3  -1 -147.664 -17.7105 -7.32591    0.5346 0.0684657  -6.30667 0.0684657  0.549672  -5.43115  -6.30667  -5.43115   442.433
-17  -7   1 -88.2069  -37.563  5.42192   5.61554 -0.820132   0.53204 -0.820132   7.26902   1.99507   0.53204   1.99507   12.0199
-10  -9   0 -52.1024 -46.9439 -0.76651  0.674609 -0.386254  0.036047 -0.386254  0.852819  -0.21726  0.036047  -0.21726  0.334253
-28  -4  -1 -143.105 -22.4681  -7.2381   4.08597 0.0182674  -38.9283 0.0182674  0.489505 -0.341399  -38.9283 -0.341399   429.516
-29  -4  -1 -147.641 -22.3438 -7.37379  0.509799 0.0223205 -0.480104 0.0223205  0.499813  -1.33344 -0.480104  -1.33344   204.629
-28  -5  -1 -142.999 -27.4649 -7.20141   4.18575 -0.395859  -43.1366 -0.395859  0.567934   4.61836  -43.1366   4.61836   510.663
-29  -5  -1 -147.259 -27.4781 -7.35478   0.491229 0.00279632  -0.862645 0.00279632    0.45555    2.60983  -0.862645    2.60983    267.466
