-28 -30   2 -144.402   -154.2  10.2022  773.551 -1268.37  1874.18 -1268.37  3405.25 -5111.75  1874.18 -5111.75   7715.8
-26 -31   1 -134.123 -156.233  6.69944  10.5813 -3.58367 -6.79068 -3.58367  11.2659 -9.91158 -6.79068 -9.91158  25.6615
-27 -33   1 -136.502 -167.822     7.04  39.3501 -47.7143 -2.78682 -47.7143  60.8018  3.20399 -2.78682  3.20399 0.932559
-27 -31   1 -137.701 -156.327  7.21475   0.762678  0.0957927   0.696186  0.0957927   0.587535 0.00818584   0.696186 0.00818584   0.977833
-29 -32   1 -147.205 -163.192  7.33654  21.9885 -18.8505  13.0057 -18.8505  50.9661 -9.17714  13.0057 -9.17714  8.31554
-29 -30   1 -146.326 -153.687  7.32864  9.67129 0.502532  1.88597 0.502532 0.876898  0.16436  1.88597  0.16436  2.43895
-27 -30   1 -138.861 -152.892  6.40658    1.71573 -0.0389726    -1.1271 -0.0389726   0.595034   0.040406    -1.1271   0.040406    2.84011
-28 -30   1 -141.199 -153.189  6.42354   2.5608  2.84316 -2.74417  2.84316  8.87671 -10.9018 -2.74417 -10.9018  15.0239
-28 -31   1 -142.377 -157.477   7.5233  0.489559 0.0901798 0.0754348 0.0901798  0.729564 -0.286198 0.0754348 -0.286198   1.02431
-28 -32   1 -142.305 -161.624  6.33587  2.07994  5.98984 0.362838  5.98984  22.7236 0.397558 0.362838 0.397558  1.44614
-27 -31   0 -137.937 -158.417  2.55411   29.9891 -0.255873  -27.7452 -0.255873   8.65436  -4.94121  -27.7452  -4.94121    29.571
-29 -32   0 -145.673 -162.752  3.63483 22.5902 32.2388 9.48621 32.2388 321.185 78.1433 9.48621 78.1433 19.5166
-28 -30   0  -143.85 -152.467  2.73126   1.53691  -0.40389  0.267403  -0.40389  0.843711 -0.589941  0.267403 -0.589941   1.33538
-26 -35   0 -131.538 -176.274  1.35445   5.92867   -3.7766  0.309739   -3.7766    12.115 -0.883909  0.309739 -0.883909  0.180256
-27 -33   0 -136.793 -168.845   2.4522  44.9335 -50.9656  12.6374 -50.9656  86.0085 -19.5797  12.6374 -19.5797  4.65992
-18 -30   0 -94.0879 -151.977  -2.6781  61.0512 -3.82999 -7.79049 -3.82999  0.62569 0.745291 -7.79049 0.745291  1.69547
-29 -31   0 -146.123 -157.257  1.49192  3.96623  2.30252 0.162273  2.30252  3.08921 0.575578 0.162273 0.575578 0.374091
-29 -30   0 -146.944 -151.437  1.62048  0.987048  0.289822 -0.523941  0.289822   1.05336 -0.265036 -0.523941 -0.265036  0.403729
-23 -35   0  -117.185  -178.011 -0.416302   36.9156   7.25525   -2.1526   7.25525   2.52614 -0.621202   -2.1526 -0.621202  0.325727
-28 -32   0 -142.502 -161.137 -1.03989   2.83395  -2.02429 -0.523321  -2.02429   3.06379   0.84185 -0.523321   0.84185  0.346544
-29 -32  -1 -147.834 -161.953 -6.65319  68.9107 -99.3169 -1.82688 -99.3169  144.262  10.4387 -1.82688  10.4387  131.516
-28 -32  -1 -142.538 -160.517 -6.77786    3.12614    1.83108  -0.139603    1.83108    2.23521 0.00682396  -0.139603 0.00682396    1.10311
-18 -32  -1 -94.4106 -160.355  -7.8861  55.1657 -55.7459 -89.1946 -55.7459  68.0891  116.518 -89.1946  116.518  282.171
-29 -31   1 -146.829 -157.837  6.64622    1.08302  -0.352675   0.213903  -0.352675   0.555012 -0.0334419   0.213903 -0.0334419    0.67269
-29 -31  -1  -147.01 -156.766 -6.87386   0.84906  0.369691   0.09604  0.369691   1.69433 0.0824291   0.09604 0.0824291   1.01371
-18 -31  -1 -94.2918 -156.803 -8.14595  164.585  13.4804 -27.7313  13.4804  1.53805 -1.32521 -27.7313 -1.32521  17.2724
-27 -33  -1  -136.76 -166.314 -7.01319   2.19612  0.621781   1.62223  0.621781   1.24507 -0.534874   1.62223 -0.534874   2.75247
-29 -30  -1 -147.229 -153.143 -7.97597  0.76761 0.454727 0.452196 0.454727  1.21879 0.431861 0.452196 0.431861  1.25467
-18 -30  -1 -94.1585 -152.277 -6.59979  166.693 -8.74979  7.23416 -8.74979  1.42786 -1.67167  7.23416 -1.67167  2.74546
-28 -31  -1 -143.151 -158.421 -7.80846    1.4573  0.607797 0.0536196  0.607797  0.727744  0.427487 0.0536196  0.427487   1.28036
-27 -32  -1 -138.879 -163.072 -7.11697  1.72596 0.603462   0.6058 0.603462 0.804454 0.508356   0.6058 0.508356  1.22109
-23 -30  -1 -117.217  -153.81 -8.39489 1454.69 1631.04 269.391 1631.04 2696.76 396.025 269.391 396.025 64.0051
-28 -31   0 -142.536 -158.528 0.155924  0.737496  0.365088 -0.298598  0.365088  0.916374 -0.365787 -0.298598 -0.365787  0.366578
-19 -31  -1  -98.459 -157.876 -8.23318 6.90292 11.8509 10.3465 11.8509 21.2977 18.8407 10.3465 18.8407 20.9098
-20 -31  -1  -101.66 -157.151 -9.08175  4.49011 0.994526  6.13551 0.994526  1.30676  4.76029  6.13551  4.76029  56.4572
-21 -32  -1 -109.031 -163.162 -7.93335 23.0005 15.4187 28.7705 15.4187 28.2284 31.5386 28.7705 31.5386 46.8045
