-11 -15   1 -56.2442 -77.4218  5.22288   2.27483 -0.408021  -1.24049 -0.408021  0.553556  0.568167  -1.24049  0.568167   32.8178
-28 -29   0 -142.927 -149.329  2.54651 0.650263 0.148175  0.76002 0.148175  15.2556  4.74494  0.76002  4.74494  4.69137
-12 -12   0 -62.0121 -62.6235 0.971226   77.8628   3.09326   3.74287   3.09326   1.96999 -0.240302   3.74287 -0.240302   16.0642
-17 -10   0 -88.0852 -51.7104 -1.04217   36.1464 -0.943127   9.13739 -0.943127   3.29165  0.305656   9.13739  0.305656   4.33521
-19 -18   0 -96.5573  -94.685 -1.49598  1236.25  299.549  10.8591  299.549  311.097 -6.06495  10.8591 -6.06495  1.73945
-11 -12   0  -59.0161  -62.5692 -0.703745   8.41921 -0.240186   1.01769 -0.240186  0.484268 -0.152879   1.01769 -0.152879   1.76024
-13 -17   0 -67.8215 -87.9172 -1.82917 0.444289 -0.15489 -0.80246 -0.15489 0.367423 0.751152 -0.80246 0.751152  16.7146
-15 -10   0  -75.8045  -52.6619 -0.949709   196.214  -3.26471   4.46438  -3.26471   0.44622 -0.204864   4.46438 -0.204864   1.90887
-11 -10   0  -58.2775  -52.7421 -0.608407    1.50373  -0.627318  -0.197602  -0.627318   0.830804 -0.0943582  -0.197602 -0.0943582    2.28504
-17 -11   0  -85.886 -58.0671 -2.05874  597.039 -22.1612 -16.6547 -22.1612  1.47617 0.604198 -16.6547 0.604198  1.72447
-11 -17   0 -58.0078 -87.5521 -1.91127  0.794922  0.701139 -0.276169  0.701139    1.8226  0.685583 -0.276169  0.685583   6.34075
-15 -12   0 -76.1317 -62.6755 -1.02212   527.558   -18.455   10.0337   -18.455   1.17729 -0.310131   10.0337 -0.310131   1.36105
-14 -17   0 -73.2883 -87.1865 -2.21323  0.518856   0.11736 -0.165577   0.11736   1.20826   1.88607 -0.165577   1.88607   8.37367
-29 -11   0 -145.186 -57.2959 -2.16978  46.3984  1.82307  -2.2269  1.82307  5.47863 0.763397  -2.2269 0.763397  3.21721
-10 -11   0 -51.3504 -57.5288 -1.70386  0.682081 -0.132441 0.0265487 -0.132441  0.442601   -0.2332 0.0265487   -0.2332   2.76964
-19 -17   0 -97.3133 -86.1672 -2.36173   0.319122 -0.0443998  0.0322026 -0.0443998    1.96627  0.0348837  0.0322026  0.0348837    4.04693
-10 -12   0 -52.0727 -63.4927 -1.98829  0.468153   0.15071 -0.229698   0.15071  0.532668  0.181171 -0.229698  0.181171   1.69637
-23 -15   0 -115.108 -79.8118 -3.22259   210.54 -139.589 -64.6576 -139.589  148.141  72.2005 -64.6576  72.2005  114.123
-10 -18   0 -51.6848 -90.7015 -2.19198  2.16901  -1.8231 0.563789  -1.8231  4.45918 -1.05691 0.563789 -1.05691  1.81587
-10 -10   0 -52.5433 -51.1112 -1.59501  1.14741 0.613863  1.04442 0.613863  1.34268 0.422474  1.04442 0.422474  1.63428
-18 -29   0 -93.5842 -147.187 0.534711  54.7762 -5.73873 -1.08693 -5.73873 0.914926 0.105045 -1.08693 0.105045 0.169378
-16 -22   0  -82.8818  -113.091 0.0864941   4.46964  -2.22783 -0.631444  -2.22783   3.06731  0.651843 -0.631444  0.651843  0.264479
-20 -11   0 -104.068 -56.2511 -1.11313   2.47194  0.509488 -0.496784  0.509488   1.11713 -0.751818 -0.496784 -0.751818  0.996198
-20 -12   0 -103.526 -62.7913 -2.30261  2.41209  2.25607 -3.20794  2.25607  3.26367 -4.15598 -3.20794 -4.15598  7.49982
-10 -16   0 -52.8412 -82.0601 -1.87986   0.626647   0.115091   0.103652   0.115091   0.848122 -0.0912286   0.103652 -0.0912286    0.33235
-20 -17   0 -102.739   -86.62 -2.51802   0.47499 -0.111176 -0.435859 -0.111176  0.882487  0.148136 -0.435859  0.148136   2.98365
-29 -29   0 -148.001 -148.898 0.805515  0.929034  -0.59907 -0.357722  -0.59907   2.49918  0.272045 -0.357722  0.272045  0.265286
-13 -16   0 -67.2876 -81.0363 -2.62096    0.537824   0.0102867 -0.00736226   0.0102867     1.61518   -0.188369 -0.00736226   -0.188369     0.54003
-16 -16   0 -82.4964 -81.5963 -2.30084  0.499338  0.255178 -0.019251  0.255178    7.8908 -0.356612 -0.019251 -0.356612  0.896085
-15 -16   0 -77.6241 -81.3366 -2.76286   0.58776 -0.202053  0.024804 -0.202053   1.85284  0.173163  0.024804  0.173163  0.694001
-14 -16   0  -72.316 -81.1956 -3.17044   0.517516   -0.20513 -0.0306241   -0.20513    1.51219 -0.0507357 -0.0306241 -0.0507357   0.907416
-17 -16   0  -87.526 -81.4375 -2.44117   0.469273   0.224568 -0.0427355   0.224568    5.60653  -0.267948 -0.0427355  -0.267948   0.907751
-20 -10   0 -104.193 -53.9303  2.04741    3.67193 -0.0684398   0.159405 -0.0684398    2.94165  -0.352348   0.159405  -0.352348   0.575214
-11 -13   0  -58.064 -69.1587 -2.02831  0.564816  0.180562 0.0111944  0.180562   0.78403  -0.31177 0.0111944  -0.31177   0.64759
-11 -14   0 -57.7481 -71.8607 -2.26792   0.612547 0.00225061   0.143558 0.00225061   0.680853  0.0416405   0.143558  0.0416405   0.225005
-16 -15   0 -82.9451  -77.202 -3.21582   0.577411 -0.0190749   0.261493 -0.0190749    0.85621  -0.203558   0.261493  -0.203558    0.47617
-17 -17   0 -87.6462 -86.7388  -2.2379   1.71479  0.613708  -2.56571  0.613708   1.77613 -0.710927  -2.56571 -0.710927   9.75503
-15 -15   0 -77.2226 -78.4297 -3.16327  0.465854 0.0448532 -0.173829 0.0448532   1.12761  0.506719 -0.173829  0.506719  0.976725
-29 -15   0 -145.096 -77.1484 -3.49702  132.007 -1.04808 -3.16367 -1.04808  5.77223 -2.07495 -3.16367 -2.07495  6.78748
-18 -16   0 -92.4978 -81.1695 -2.54876   0.531056   0.199832 0.00867832   0.199832    3.47347  0.0893493 0.00867832  0.0893493     0.7564
-10 -15   0 -52.7469  -78.246 -1.27341  0.592013  0.193595  0.132275  0.193595  0.664576 0.0972822  0.132275 0.0972822  0.204802
-19 -16   0  -97.527 -81.2599 -2.51863   0.450845 -0.0747593 -0.0026521 -0.0747593    1.92984  -0.108669 -0.0026521  -0.108669    0.90246
-20 -19   0 -102.352 -95.1755 -1.53022  42.2702  18.5752 0.461716  18.5752   83.389 -1.28896 0.461716 -1.28896 0.353139
-18 -27   0 -93.5675 -137.107 -3.82049   0.44428 -0.388819  0.101311 -0.388819   41.8491   3.95816  0.101311   3.95816   3.68371
-11 -15   0 -56.9815 -78.1104 -1.29786   0.657348  0.0650406 -0.0764845  0.0650406   0.659639 -0.0624145 -0.0764845 -0.0624145   0.171134
-14 -13   0 -72.3963 -68.0018 -2.17875  0.466881  0.291941 -0.141448  0.291941   3.57665  -2.31177 -0.141448  -2.31177   2.00339
-16 -13   0 -82.6053 -68.3358 -3.94892  0.470871  0.111205 -0.653305  0.111205   2.61266  -5.91834 -0.653305  -5.91834   18.3695
-16 -14   0 -82.5097 -72.7446 -4.04832  0.557728 0.0929603  0.254968 0.0929603  0.451011  0.209409  0.254968  0.209409  0.530908
-15 -14   0 -77.5237 -72.5558 -4.75687    0.48151 -0.0503466   0.495312 -0.0503466   0.516054   -2.54938   0.495312   -2.54938    105.278
-16 -17   0 -82.0674 -87.0306 -2.39253    0.6648  0.177232 -0.627202  0.177232   1.39227  0.456719 -0.627202  0.456719   4.50671
-12 -15   0 -63.5713   -78.49 -2.97697   0.733124 -0.0614093   0.339804 -0.0614093   0.494663  0.0267309   0.339804  0.0267309   0.535786
-14 -15   0 -72.5806 -78.3206 -2.67384   0.478074 -0.0879047  -0.114377 -0.0879047   0.871592   0.160457  -0.114377   0.160457   0.586954
-17 -15   0 -87.3189 -76.9208 -1.52845     0.58722  -0.0337503    0.015541  -0.0337503    0.824597 -0.00195743    0.015541 -0.00195743     0.24117
-18 -15   0 -92.0493  -77.333 -3.32099  0.877643  -0.24021 -0.337667  -0.24021  0.486112  0.110952 -0.337667  0.110952  0.571368
-23 -18   0 -117.431 -90.4007 -3.81222  2.05972 -1.38819 0.717972 -1.38819   10.379 -1.33412 0.717972 -1.33412  2.26145
-16 -23   0  -83.2078  -115.918 -0.409598    1.32104 -0.0831799  -0.170058 -0.0831799    1.82048  0.0539606  -0.170058  0.0539606   0.118233
-29 -10   0 -149.262 -51.9292  -4.9621  230.607 -13.0615  156.374 -13.0615  1.67959 -18.4631  156.374 -18.4631  750.811
-23 -10   0 -118.259 -54.1759 -3.39547  105.826   37.679  -0.2015   37.679  132.612 -2.10296  -0.2015 -2.10296  1.13742
-11 -11   0  -58.9614  -57.6868 -0.433876   43.2182  -2.47095   7.06047  -2.47095  0.637333 -0.290912   7.06047 -0.290912   2.74424
-21 -10   0 -106.654 -52.3038  -1.0107   4.05201   2.02313  -1.02264   2.02313   1.56796 -0.502284  -1.02264 -0.502284   0.53303
-28 -11   0 -143.473 -57.1191 -2.44092    1.84432  -0.193504   0.283077  -0.193504   0.923211 -0.0343414   0.283077 -0.0343414   0.888347
-21 -11   0 -107.591  -58.568  -3.2725  0.661262 -0.138309 -0.344715 -0.138309  0.607294  0.135519 -0.344715  0.135519  0.948069
-22 -11   0 -111.038 -59.1303 -3.91697    2.5567  0.925491 -0.508162  0.925491   3.64318  0.814768 -0.508162  0.814768   2.13506
-23 -11   0 -116.598 -59.8963 -4.87354 11.5164 20.4933 34.4942 20.4933 178.684 49.2289 34.4942 49.2289 246.186
-23 -12   0 -118.348 -61.6001 -4.82841  5.75597 -5.66868  9.82673 -5.66868  6.81193 -10.3671  9.82673 -10.3671  108.695
-22 -12   0 -110.557 -61.9731 -4.00404  7.76819  1.17958 -2.28071  1.17958 0.864016 -1.56181 -2.28071 -1.56181    4.071
-21 -12   0 -106.637 -62.1777 -3.01325  0.837525 0.0386106   -0.4504 0.0386106  0.740035 -0.799405   -0.4504 -0.799405   1.71318
-23 -13   0 -115.058 -66.0267 -2.88917  115.719  3.32175 0.876908  3.32175  7.17006 -2.68457 0.876908 -2.68457  1.69793
-21 -13   0 -106.892 -66.3029 -4.52391 0.853985 0.539545 -2.25327 0.539545  3.56145 -4.89172 -2.25327 -4.89172  15.1525
-12 -13   0 -62.6871  -68.668 -1.88434  0.803797  0.604216 -0.136339  0.604216   1.48504 -0.229311 -0.136339 -0.229311  0.268975
-17 -13   0 -87.6162 -67.6469 -3.64488   0.521317   0.105492 -0.0705973   0.105492    2.46515   -3.67544 -0.0705973   -3.67544    7.16467
-19 -13   0 -97.8227 -67.4693  -2.8806    0.78031 -0.0823766   0.262107 -0.0823766   0.819843  -0.342629   0.262107  -0.342629    1.19273
-20 -13   0 -101.949 -67.2785 -2.92263   1.09295  0.342237  -0.71229  0.342237   1.06049 -0.417483  -0.71229 -0.417483   1.29551
-13 -14   0 -67.5303 -72.7396 -3.77738   0.499241 -0.0052889 -0.0944146 -0.0052889   0.523357   0.185204 -0.0944146   0.185204   0.304936
-25 -14   0 -127.573  -72.409 -2.58793   2.92782   -1.0033 -0.819585   -1.0033   4.03467  0.295608 -0.819585  0.295608   1.28471
-12 -14   0 -62.1914 -71.7371 -1.60683    0.536213 -0.00209703  -0.0153837 -0.00209703    0.707698  -0.0330706  -0.0153837  -0.0330706    0.240015
-26 -14   0 -131.972 -72.5925   -4.789 0.804999 0.118439 0.241044 0.118439 0.784841 -2.14493 0.241044 -2.14493  38.0112
-17 -14   0   -87.17 -73.1597 -2.75313   0.596871 -0.0350979 -0.0971887 -0.0350979   0.490904   0.171006 -0.0971887   0.171006   0.232675
-27 -14   0 -136.957 -73.4438 -3.83763     1.10929    0.983507   -0.174925    0.983507     1.76987 -0.00488873   -0.174925 -0.00488873    0.350954
-14 -14   0 -72.6728 -71.7008 -4.29589   0.615368 -0.0131966   0.637061 -0.0131966    1.01007   -1.88458   0.637061   -1.88458    7.94953
-20 -14   0 -101.312 -72.5738   -4.164  3.13641 0.243135 0.287174 0.243135 0.339915 0.196866 0.287174 0.196866  1.16281
-28 -15   0 -143.974 -77.1464  -3.0251  3.95805 0.699215 0.050962 0.699215  2.25863  0.11237 0.050962  0.11237  1.28696
-20 -15   0 -102.116 -77.8321 -4.30836   0.501203 -0.0648357  -0.066901 -0.0648357   0.928623   0.744007  -0.066901   0.744007    1.94009
-25 -15   0 -127.384 -77.1139 -2.53967   1.85651  0.480916 -0.175238  0.480916   2.37784 -0.392885 -0.175238 -0.392885    1.4948
-27 -15   0 -138.355 -78.0367 -4.92258   1.11361 -0.461028    7.8751 -0.461028   2.26899  -6.96354    7.8751  -6.96354   290.758
-26 -15   0 -131.781 -77.7313 -4.87096  1.28405 -1.16361 -11.3794 -1.16361  2.72914  8.86563 -11.3794  8.86563  222.792
-19 -15   0 -98.2139 -77.1512 -4.22032   0.63679 0.0187745  0.493474 0.0187745  0.724563  0.784542  0.493474  0.784542    4.9585
-21 -15   0 -106.989 -78.6135 -4.27867  0.849544 -0.722517  -0.33573 -0.722517   1.83554  0.715371  -0.33573  0.715371   1.04664
-22 -15   0 -112.686 -79.5097 -3.46812  0.689365 -0.133062  0.431019 -0.133062   6.03511  0.574843  0.431019  0.574843   1.31513
-23 -16   0 -115.253 -80.7969 -3.64684   24.5178  -5.61446 -0.511785  -5.61446   6.68087  -3.52529 -0.511785  -3.52529   5.15946
-25 -16   0 -128.585 -84.4874 -4.71187  12.0655  8.84319 -3.71439  8.84319  19.1384  1.48024 -3.71439  1.48024   27.533
-22 -16   0 -111.677  -82.946 -1.96655  0.991514  0.415007 -0.148177  0.415007   0.76946   0.15346 -0.148177   0.15346  0.328466
-22 -17   0 -111.256 -85.8302 -1.62026   3.48186   1.01715 -0.699577   1.01715   3.18586 -0.391071 -0.699577 -0.391071  0.400373
-21 -17   0 -108.607 -87.6328 -1.76385   1.45511 -0.229539  0.336399 -0.229539   0.56497 -0.265316  0.336399 -0.265316   0.44432
-23 -17   0 -117.526 -89.2462 -3.37265   2.80275 -0.297361 -0.190959 -0.297361   4.98357  -0.24468 -0.190959  -0.24468   1.66434
-26 -17   0 -133.885 -88.5589 -4.66185   3.23903 -0.288435    2.6305 -0.288435   6.29949   6.75026    2.6305   6.75026   33.6689
-25 -17   0 -127.059 -88.0277 -4.76302   2.57102  0.245057  -1.20092  0.245057   0.71626 -0.427365  -1.20092 -0.427365   22.6317
-28 -17   0 -141.915 -89.3589 -4.73901  2.79908 -1.09912  1.78132 -1.09912  8.27457  5.78954  1.78132  5.78954  57.3713
-27 -17   0 -136.583 -89.1722 -4.69153  1.37909 -0.67235 -1.35188 -0.67235  7.93902  12.5424 -1.35188  12.5424  38.3544
-27 -18   0 -136.829 -91.6703 -4.75465  2.75404 0.157117 -3.37241 0.157117 0.698231 -2.71616 -3.37241 -2.71616  41.6172
-20 -18   0 -102.887 -93.9389 -1.53636    4.2752   1.40822 -0.321049   1.40822  0.985583  0.160644 -0.321049  0.160644  0.462795
-25 -18   0 -126.828 -93.3414 -4.27231  3.73255 0.912029  0.67333 0.912029 0.575678 0.844723  0.67333 0.844723   3.4517
-25 -19   0 -126.517 -95.2928 -3.46429  37.0318 -2.51354 -3.49006 -2.51354   12.033  2.65732 -3.49006  2.65732  7.65283
-19 -26   0 -98.5832 -134.304  -4.3322  26.8757  -28.433 -9.96202  -28.433  2437.63  804.794 -9.96202  804.794  271.475
-27 -19   0 -137.864 -99.0977 -4.74554  2.62313 -2.00791  1.41999 -2.00791  8.43063 -2.04386  1.41999 -2.04386  44.3624
-28 -20   0 -143.261 -101.916 -4.65671  25.8997   8.7145 -4.00468   8.7145   27.456  5.12541 -4.00468  5.12541  32.4833
-27 -20   0 -138.118 -101.871 -4.74014  4.68889 0.584212  3.07598 0.584212   1.0469 0.600864  3.07598 0.600864  40.3769
-20 -15  -1 -103.773 -75.4121 -5.01749  1.40105 0.634717 -1.10026 0.634717  13.4866  31.6388 -1.10026  31.6388  1361.13
-18 -13  -1 -93.0742 -69.2242  -5.0597 0.975797 0.561474 -13.0709 0.561474  6.25816 -6.55964 -13.0709 -6.55964  694.329
-19 -13  -1 -95.7075 -69.2454 -5.05224 0.836284 0.333889 -6.74718 0.333889  4.38905 -20.9118 -6.74718 -20.9118  768.995
-18 -13   0 -92.5323 -67.8344 -3.42722  0.537975 -0.316948  0.288693 -0.316948   2.89167  -3.07168  0.288693  -3.07168   5.07276
-13 -13   0 -67.5741 -67.9373 -2.49735   0.47294 -0.271007  0.133191 -0.271007   3.05063   -1.3987  0.133191   -1.3987   1.05768
-19 -14  -1 -97.5938 -72.2865 -5.07071   0.455937 -0.0826483  -0.184287 -0.0826483    1.19695    8.59931  -0.184287    8.59931    445.011
-17 -13  -1 -88.0835 -69.2467 -5.10116 0.672206  0.95933  6.87077  0.95933  8.85446  11.8169  6.87077  11.8169  149.717
-20 -13  -1 -103.506 -68.7316  -5.1021  2.04849  1.62128 -18.9882  1.62128  3.64709 -15.8317 -18.9882 -15.8317  398.904
-20 -14  -1 -102.346 -72.5372 -5.07701  0.572822 -0.253423  -5.80054 -0.253423  0.705213   7.37072  -5.80054   7.37072   376.823
-21 -15  -1 -107.834 -76.4279 -5.06512  1.25036 -1.25843 -14.6738 -1.25843  2.43842  21.4826 -14.6738  21.4826  447.375
-21 -14  -1 -107.273 -72.8668 -5.20117   1.02424 -0.500263  -15.2021 -0.500263   1.03323   16.0924  -15.2021   16.0924   466.518
-21 -16  -1 -108.811 -83.2841 -5.12073   3.43356 0.0153789  -4.78451 0.0153789   1.05772  -4.96069  -4.78451  -4.96069   138.472
-21 -13  -1 -107.784 -67.5573 -5.30285 0.831583 0.188141 -6.37646 0.188141 0.650624 -2.46358 -6.37646 -2.46358  152.047
-22 -15  -1 -112.777 -77.5117 -5.22284  2.36654 -1.76771 -28.0717 -1.76771   2.0708  25.0604 -28.0717  25.0604  432.217
-22 -13  -1 -112.684  -67.378 -5.43594   0.488606 -0.0215345  -0.199929 -0.0215345   0.580622  -0.929949  -0.199929  -0.929949    91.9507
-22 -14  -1 -112.584 -72.5765 -5.40867   1.08018 -0.313591  -15.6903 -0.313591  0.595751   8.58013  -15.6903   8.58013    393.12
-22 -16  -1 -112.978 -81.9832 -5.16449   1.0845 0.651882 -3.20369 0.651882 0.887142 -4.90528 -3.20369 -4.90528  115.245
-22 -17  -1 -111.626   -86.17 -5.21308  3.95565  2.54852 -2.51702  2.54852  3.89054   0.6294 -2.51702   0.6294  50.8734
-23 -17  -1 -118.689  -86.386 -5.39025   1.49269  0.356547  -6.06495  0.356547  0.427076 -0.482204  -6.06495 -0.482204   94.9429
-21 -17  -1 -108.664 -88.6633  -5.2337    36.4331  -0.261449    -2.6477  -0.261449   0.956534 -0.0985273    -2.6477 -0.0985273    30.9844
-24 -19  -1 -122.583 -95.9162 -5.60867  96.5652 -1.59562  36.3865 -1.59562  1.86619  5.27271  36.3865  5.27271  188.209
-18 -14  -1  -93.567 -71.5469  -5.0424  0.989285 -0.446959  -10.0418 -0.446959   1.11496   6.90524  -10.0418   6.90524   578.774
-28 -18   0 -141.908 -91.3785 -4.77852  2.51877 0.368389 -1.39267 0.368389  1.52271 -4.83145 -1.39267 -4.83145  48.3895
-21 -10  -1 -108.535 -52.5438 -5.31144  15.6857 -1.43691 -59.8405 -1.43691  0.61075  5.31418 -59.8405  5.31418  258.703
-18 -17   0 -92.9424 -86.5613 -2.36173   0.730767 -0.0653553   0.259616 -0.0653553    2.30333   0.678779   0.259616   0.678779    5.27311
-21 -11  -1 -108.761 -58.0839 -5.30191    2.35309 -0.0155582   -3.58954 -0.0155582   0.608865  -0.422691   -3.58954  -0.422691    35.9352
-21 -12  -1 -108.879 -64.0403 -5.28757   1.88518 -0.120687  -3.51525 -0.120687   1.03182    4.0251  -3.51525    4.0251   60.2177
-22 -13   0 -114.567 -66.2202 -4.04157  7.15833 -1.70834  2.07864 -1.70834  7.55641  -2.6399  2.07864  -2.6399  2.07231
-23 -15  -1 -117.426 -77.7475 -5.52516   2.22213 -0.480933  -28.1969 -0.480933  0.662754   8.45628  -28.1969   8.45628   460.405
-26 -16   0 -131.071 -83.8904 -4.78135  2.15291  3.12748 0.560782  3.12748  17.2159 0.750582 0.560782 0.750582  37.1712
-23 -16  -1 -117.726 -82.0912 -5.39803   2.28373 -0.981757  -20.6319 -0.981757   1.03418   10.7553  -20.6319   10.7553   241.449
-22 -12  -1 -112.053 -63.6208 -5.47964  0.898353 -0.127864  -4.90346 -0.127864   1.24681   4.81914  -4.90346   4.81914   65.6354
-23 -12  -1 -117.754 -62.2742 -5.46559  0.710324 -0.347736   1.04604 -0.347736  0.830619   -1.7657   1.04604   -1.7657   23.1316
-23 -13  -1 -117.355 -67.6033 -5.60732   1.22275 -0.239803  -18.3139 -0.239803  0.622601   4.50435  -18.3139   4.50435   469.193
-24 -17  -1 -122.825 -86.8691 -5.59631    1.09656 -0.0988316   -13.2977 -0.0988316   0.514049     1.9717   -13.2977     1.9717    263.173
-28 -10   0  -143.49 -54.7782 -2.40487  2.99025  1.36669 0.145451  1.36669  43.1423  1.07273 0.145451  1.07273  2.30703
-21 -18   0 -108.775  -92.225 -2.43695   11.0344  0.167562 -0.140884  0.167562  0.619807 0.0288196 -0.140884 0.0288196  0.504985
-24 -18  -1 -123.222 -92.2084 -5.61379    1.23594 -0.0926641    -3.9453 -0.0926641   0.429925   -2.04671    -3.9453   -2.04671    200.454
-24 -16  -1 -122.338 -82.8944 -5.73356  2.42015 -1.37469 -27.4284 -1.37469  1.45663  18.3838 -27.4284  18.3838   385.19
-10 -14   0 -52.3845 -71.3625 -3.14184   0.610352 -0.0952557 -0.0297671 -0.0952557   0.693058  0.0846724 -0.0297671  0.0846724   0.641851
-25 -17  -1  -127.48 -87.4388 -5.76725 0.685967 -0.11336 -1.35272 -0.11336 0.614765  1.17442 -1.35272  1.17442   16.928
-22 -11  -1 -111.888 -58.4083 -5.51222  0.947868 0.0065716  -1.51461 0.0065716   1.06313  0.870469  -1.51461  0.870469   13.4351
-15 -11   0  -75.961 -57.8288 -1.02946  478.049  -16.923  11.6448  -16.923  1.09011 -0.29909  11.6448 -0.29909  1.88452
-24 -11  -1 -123.475 -58.4222 -5.91995    1.0936 0.0619367  -5.95151 0.0619367  0.579355   1.13129  -5.95151   1.13129   132.556
-23 -11  -1 -115.999  -58.444 -5.71142 4.79618 2.02336 7.32489 2.02336 1.75217 5.55324 7.32489 5.55324 24.6729
-24 -13  -1 -122.373 -67.6456 -5.91909   1.27667 -0.161634  -14.7984 -0.161634  0.521855   1.53978  -14.7984   1.53978   279.903
-25 -14  -1 -127.613 -72.6371 -5.68039 0.524222 0.143652   1.9137 0.143652 0.595877 0.862345   1.9137 0.862345  25.6911
-25 -16  -1 -127.451 -82.9785 -5.91144   0.498877 -0.0558573  -0.169848 -0.0558573    0.56746    1.46522  -0.169848    1.46522    26.0768
-26 -17  -1 -132.837 -87.8398 -5.93674   0.561827 -0.0120523   0.462902 -0.0120523   0.750419   0.865091   0.462902   0.865091    9.52502
-26 -18  -1 -132.706    -92.4 -5.82277   0.710164  -0.102214    1.10241  -0.102214   0.423818 0.00143082    1.10241 0.00143082    12.4937
-22 -10  -1 -112.288 -52.2648 -5.90324   1.55182 -0.363776   -9.9455 -0.363776  0.581728   2.08566   -9.9455   2.08566   91.0139
-25 -12  -1 -127.198 -62.9824 -6.10776 0.567308 0.208112 -2.97035 0.208112 0.787705 -3.38525 -2.97035 -3.38525  116.423
-26 -14  -1 -131.983 -73.2668 -5.74812  0.618347 0.0843489 0.0815253 0.0843489  0.862189  0.219043 0.0815253  0.219043   5.07193
-26 -16  -1 -132.335 -82.5723 -6.08948     0.628304 -0.000816422     -1.69954 -0.000816422      0.45054     0.648856     -1.69954     0.648856      18.9747
-20 -18  -1 -103.338 -94.3619 -5.85723   12.595  24.2366 0.966792  24.2366  56.4282  5.32185 0.966792  5.32185  9.07789
-19 -18  -1 -96.5649 -94.7737 -5.82518  635.381   910.58 -31.3023   910.58  3241.84 -144.502 -31.3023 -144.502  10.2143
-17 -12   0 -86.0976  -63.109 -2.64995  104.531  -2.8151  7.69109  -2.8151  0.65098 -0.41039  7.69109 -0.41039  9.61226
-23 -10  -1 -116.922 -52.6912 -6.15958  0.513333 -0.130339  0.490867 -0.130339  0.544143  0.878288  0.490867  0.878288   32.9751
-25 -11  -1 -127.381 -58.0241 -6.09361  0.532085 -0.201797  -3.98469 -0.201797  0.550773   3.40629  -3.98469   3.40629   140.458
-26 -13  -1 -132.639  -67.493 -6.03817   0.515905 -0.0586085   0.155993 -0.0586085   0.788898    1.74011   0.155993    1.74011    10.6517
-26 -15  -1 -132.785 -78.4849 -5.78668   0.546916 -0.0147669   -0.42469 -0.0147669   0.596184   0.129086   -0.42469   0.129086    7.13618
-19 -14   0 -97.9874 -72.7219 -4.33499    0.72631 -0.0818379   0.301227 -0.0818379   0.343139   -0.36883   0.301227   -0.36883    3.24257
-27 -18  -1 -137.607 -92.7923 -5.77694  0.816646  0.175489  -1.03794  0.175489  0.574915 -0.309642  -1.03794 -0.309642   8.00831
-17 -26  -1 -87.9538 -131.639 -5.95482  6.42117 0.378435 -1.47807 0.378435 0.965559  0.61565 -1.47807  0.61565  8.73043
-25 -18  -1 -127.804 -92.1445 -5.72101  0.875365 0.0851481  -2.01314 0.0851481  0.390448  -0.43498  -2.01314  -0.43498   19.0942
-24 -10  -1 -122.253 -52.0597 -6.25478   0.613942 -0.0803861   -4.00922 -0.0803861   0.986382    7.97498   -4.00922    7.97498    152.351
-26 -11  -1 -132.895 -57.6667 -6.25744  0.838805 -0.180979  -7.45395 -0.180979  0.644056   7.03566  -7.45395   7.03566   189.142
-26 -12  -1 -132.748 -62.6213 -6.24681  0.572963 0.0367472  -3.93718 0.0367472  0.683795  -3.07791  -3.93718  -3.07791   101.929
-27 -16  -1 -137.711 -82.5319 -6.38129   0.544684 -0.0452696   -2.22702 -0.0452696   0.463829   0.429662   -2.22702   0.429662    68.5237
-27 -17  -1 -137.407 -87.6887 -5.92708   0.51648  -0.12622 -0.541378  -0.12622   1.04722   1.09373 -0.541378   1.09373   6.28283
-21 -18  -1 -108.793 -92.5037 -5.44414   76.4424   -1.8573  -1.06053   -1.8573  0.776709 -0.587557  -1.06053 -0.587557   7.55004
-27 -14  -1 -137.765 -72.6747 -5.77978  0.483308  0.189927 0.0333881  0.189927  0.542656 -0.116204 0.0333881 -0.116204   4.32784
-27 -15  -1 -137.457 -78.2584 -5.91548  0.509256 0.0892496 -0.243088 0.0892496   1.05716 -0.110303 -0.243088 -0.110303   4.81016
-28 -18  -1 -142.958 -92.3412 -6.08367   0.842971 0.00621008   -1.25558 0.00621008   0.554044  -0.310518   -1.25558  -0.310518    7.62405
-18 -14   0  -92.275 -72.9864 -4.29864  0.461332 0.0344681 -0.159402 0.0344681  0.333004  0.141192 -0.159402  0.141192   0.75461
-25 -10  -1 -127.878 -52.5985 -6.38119  0.714596 -0.619611  -9.90589 -0.619611   2.48572   26.6225  -9.90589   26.6225   361.008
-27 -12  -1 -137.696 -62.7608 -6.44308 0.702859 0.173448 -5.57644 0.173448 0.659943 -4.88834 -5.57644 -4.88834  140.499
-28 -14  -1  -143.07 -72.3829 -6.10224   0.557367 -0.0172542  -0.195022 -0.0172542   0.524726  -0.631977  -0.195022  -0.631977    10.6695
-11 -16   0 -57.5283 -81.4454 -2.20559   0.599084  -0.059959 -0.0807943  -0.059959    1.29528 -0.0300623 -0.0807943 -0.0300623   0.436779
-29 -14  -1 -147.284 -72.5636 -6.52472   0.724162 -0.0363955   -5.69224 -0.0363955   0.516646   0.368769   -5.69224   0.368769    114.721
-10 -17   0 -52.4151 -86.4249 -2.15951   1.22334 -0.893558  0.481369 -0.893558   1.66508 -0.180057  0.481369 -0.180057   1.35614
-28 -15  -1 -142.371 -78.1405 -6.15973  0.575621  0.147267 -0.654867  0.147267   0.58256 -0.221323 -0.654867 -0.221323   7.45236
-27 -11  -1 -137.839 -57.6634 -6.45082   1.40735 -0.747937  -16.5131 -0.747937   1.18491   15.4028  -16.5131   15.4028   332.738
-28 -11  -1 -143.296 -57.5876 -6.52137  0.536854  0.096416 -0.304819  0.096416  0.546253 -0.279174 -0.304819 -0.279174   15.4859
-28 -13  -1 -142.954 -67.5697 -6.53642  0.571245 -0.188065  -1.84339 -0.188065  0.858124   6.08282  -1.84339   6.08282   88.6583
-28 -14   0 -143.963 -71.9098 -3.36428   3.24725 -0.382241 -0.258642 -0.382241   1.28643 -0.217223 -0.258642 -0.217223    2.3341
-29 -15  -1 -147.457 -77.6657 -6.59214  0.528747 0.0800575  -2.95183 0.0800575  0.553424  -2.37732  -2.95183  -2.37732   107.755
-28 -16  -1 -142.618  -82.621 -6.58615  0.559993 0.0445522  -2.98924 0.0445522  0.457397    0.2062  -2.98924    0.2062   96.3545
-29 -16  -1 -147.686 -82.4327  -6.6681   0.471045 0.00380746  -0.393507 0.00380746   0.501919   -1.87862  -0.393507   -1.87862    110.787
-28 -17  -1 -142.397 -87.7828 -6.19075  0.688126 -0.203272 -0.835546 -0.203272  0.782863  0.868826 -0.835546  0.868826   6.09003
-18 -20  -1  -92.512 -102.506 -6.45817 4.28054 1.94188 4.11265 1.94188 1.29375 1.85967 4.11265 1.85967 46.2266
-28 -23  -1 -142.963 -117.239 -6.65005  0.795042 -0.243637   2.71464 -0.243637   0.71699  -3.07651   2.71464  -3.07651   95.8799
-25 -15  -1 -128.059 -77.4582 -5.70145   0.542836 -0.0953751    1.86122 -0.0953751   0.564666  -0.908758    1.86122  -0.908758    26.1732
-26 -10  -1 -132.521  -52.486 -6.53339  1.12442 -1.09852 -16.6774 -1.09852  2.23362  27.4362 -16.6774  27.4362  444.931
-29 -10  -1 -147.673 -52.4834   -6.814  0.575937 0.0643241  0.501069 0.0643241  0.526603  0.158893  0.501069  0.158893   28.2778
-29 -11  -1 -147.587 -57.5895 -6.75413  0.510472 0.0269457  0.209142 0.0269457   0.59884   7.67843  0.209142   7.67843   459.436
-28 -12  -1 -142.737 -62.5796 -6.63142  0.671953 0.0883213  -8.02923 0.0883213  0.486177  -2.24936  -8.02923  -2.24936   291.395
-29 -12  -1  -147.48 -62.5422 -6.69869   0.491433 -0.0213197   0.761732 -0.0213197   0.485171    2.40688   0.761732    2.40688    454.402
-29 -13  -1 -147.377 -67.5036 -6.64197   0.474722 -0.0145341  -0.678174 -0.0145341   0.629307    6.44832  -0.678174    6.44832    217.729
-29 -22  -1 -147.706 -112.519 -6.74046   0.542137 -0.0738757   -2.54666 -0.0738757   0.592197    3.14216   -2.54666    3.14216    111.293
-29 -23  -1 -147.709 -117.295 -6.72752 0.687922 0.154065 -3.81754 0.154065 0.541068 -3.04633 -3.81754 -3.04633  118.561
-24 -14  -1  -122.56   -72.73 -5.84016   1.16286 -0.382553  -17.8913 -0.382553  0.730953   9.55818  -17.8913   9.55818   450.301
-27 -10  -1 -137.462 -52.5092 -6.73103  0.773686 -0.695028   -11.505 -0.695028     1.626   21.0142   -11.505   21.0142   381.306
-13 -10   0  -68.023 -54.0319  1.70386 832.878 592.005 173.327 592.005 2655.96  517.84 173.327  517.84 123.793
-29 -18  -1 -146.944  -92.356   -6.816  0.528529 0.0372691  -2.42863 0.0372691  0.502973 -0.520444  -2.42863 -0.520444   62.7972
-29 -19  -1 -147.318 -97.4769 -6.91025   0.498778 -0.0174701   -1.51442 -0.0174701   0.502502   -1.11824   -1.51442   -1.11824    112.143
-29 -21  -1 -147.836 -107.484 -6.86104  0.576148 0.0822442   4.32784 0.0822442  0.580261   3.99407   4.32784   3.99407    183.41
-28 -22  -1 -143.071 -111.946 -6.74046 0.727058 0.374903  4.33116 0.374903  1.12662  6.37201  4.33116  6.37201  87.3145
-27 -23  -1 -137.064 -116.931 -6.76111   0.461341  -0.011067 -0.0214876  -0.011067   0.717109    2.72391 -0.0214876    2.72391     101.02
-26 -23  -1 -132.344  -117.11 -6.83268   0.496522 -0.0376633   -1.42525 -0.0376633   0.847476    0.43522   -1.42525    0.43522    116.848
-20 -16   0 -102.603  -80.973 -2.58968   0.594162 -0.0659187 -0.0916815 -0.0659187    2.72202  -0.228882 -0.0916815  -0.228882   0.793618
-28 -10  -1  -143.52  -52.779 -6.73052   0.569895 0.00342529   -1.14459 0.00342529   0.797343    8.91741   -1.14459    8.91741    332.621
-28 -19  -1  -142.51 -97.3308 -6.69801 0.456933 0.156016  -1.0718 0.156016 0.512876 -1.42363  -1.0718 -1.42363  24.9023
-16 -23  -1 -82.6536 -116.532 -6.71452    2.14428   -1.05621   0.872967   -1.05621    1.32551 -0.0116515   0.872967 -0.0116515    2.48498
-23 -14  -1 -117.552 -72.4902 -5.58678    1.04627 0.00576743   -15.3432 0.00576743   0.436165    1.06527   -15.3432    1.06527    382.747
-27 -24  -1 -138.527 -121.804 -6.89011 0.754168 -0.27339  3.45872 -0.27339   1.9784 -17.5351  3.45872 -17.5351  263.888
-28 -24  -1  -142.85 -122.347 -6.91668  0.532168 0.0533939 -0.716907 0.0533939   1.37886  -12.1895 -0.716907  -12.1895   179.878
-21 -16   0  -107.99 -81.9093  -2.1126  0.708545 -0.398889 0.0409968 -0.398889  0.879465  0.226292 0.0409968  0.226292  0.388091
-29 -20  -1 -147.534 -102.341 -6.94009   0.573304 -0.0651488    3.79172 -0.0651488   0.498716  -0.418874    3.79172  -0.418874    114.469
-25 -23  -1 -127.909 -117.525 -6.57254  0.866345 0.0433317  -1.19849 0.0433317  0.492489  0.125561  -1.19849  0.125561   12.1592
-26 -24  -1 -132.516  -121.05 -6.97819    1.8552 0.0549484   6.12385 0.0549484   2.50159   -17.128   6.12385   -17.128   208.725
-27 -13  -1 -137.779 -68.0636 -6.17576  0.511507 -0.135759 -0.820165 -0.135759  0.744437   2.02697 -0.820165   2.02697   13.1639
-29 -24  -1 -147.437 -122.212 -6.94197 0.603123 0.163595 -3.29323 0.163595  1.02884 -8.53116 -3.29323 -8.53116  138.619
-26 -19  -1 -132.844 -96.9639 -6.06833  0.502731  0.134085  0.175022  0.134085  0.804082 -0.210664  0.175022 -0.210664   5.40026
-28 -20  -1 -142.225 -102.239 -6.66682  0.465744  0.027069 -0.725754  0.027069  0.666937 -0.575329 -0.725754 -0.575329   6.18897
-27 -22  -1   -137.6 -112.469 -6.93925 0.629768 0.216246  3.36957 0.216246 0.893938  5.80337  3.36957  5.80337  85.5196
-25 -24  -1 -129.016 -120.549 -6.70931  18.9622  -2.8635  7.71998  -2.8635  3.62368 -7.56377  7.71998 -7.56377  38.2361
-25 -19  -1 -127.933 -96.5155 -5.85172  0.488267 0.0178088 0.0368691 0.0178088  0.646032 -0.835117 0.0368691 -0.835117   4.34014
-27 -19  -1 -137.963 -97.7027 -6.13465  0.842226 -0.248498 -0.523873 -0.248498  0.653276  0.817866 -0.523873  0.817866   4.25864
-27 -21  -1 -137.718 -107.743 -7.19005  0.532784 0.0651497   2.45279 0.0651497  0.456413   1.14532   2.45279   1.14532   76.0318
-26 -22  -1 -132.583 -112.932 -7.04727 0.599601 0.271768  1.74349 0.271768  1.15458  7.00406  1.74349  7.00406  79.6262
-26 -25  -1  -131.58 -127.169 -6.96028  299.717 -144.431 -41.2193 -144.431  208.376  27.0581 -41.2193  27.0581  10.6879
-28 -21  -1 -142.847 -107.397 -7.01885 0.743635 0.260061  6.42566 0.260061 0.756175  6.29143  6.42566  6.29143  161.565
-27 -20  -1 -137.986 -102.886 -6.11887  0.952124 0.0992321 0.0203822 0.0992321  0.735381 -0.710951 0.0203822 -0.710951   2.49047
-15 -13   0 -77.1077 -68.0704 -2.86814 0.679277 0.467525 -0.66806 0.467525  2.71698 -2.18891 -0.66806 -2.18891   2.4837
-29 -17  -1 -147.351  -87.733  -6.7666  0.466425 0.0709042  -1.37262 0.0709042  0.502859 -0.847727  -1.37262 -0.847727   76.7923
-15 -17   0 -77.5296 -86.7976  -2.1548   0.664406   0.174001 -0.0440226   0.174001    1.24575    1.02606 -0.0440226    1.02606    6.39712
-27 -25  -1 -138.349 -127.992 -7.36142  1.96848 -1.57794  6.36543 -1.57794   2.3914 -18.2646  6.36543 -18.2646  244.824
-12 -16   0 -62.7509 -81.4284  -2.6198  0.682792  0.496855 0.0995879  0.496855   1.76985  0.220724 0.0995879  0.220724   0.66311
-28 -25  -1 -143.545 -127.089 -7.22912  0.883337 -0.290507   1.30434 -0.290507   1.55664  -13.6386   1.30434  -13.6386   175.422
-29 -25  -1 -147.575 -127.119 -7.24699  0.518728 -0.384714   4.25194 -0.384714   1.43324  -14.0629   4.25194  -14.0629   205.496
-25 -20  -1 -127.713 -103.637 -6.99137 0.795365 0.150387 0.655065 0.150387  2.09996 -1.61855 0.655065 -1.61855  6.48761
-26 -20  -1 -133.501 -102.907  -6.8767   0.446745 -0.0144782    0.25823 -0.0144782   0.354357  -0.556561    0.25823  -0.556561    4.23374
-24 -15  -1  -122.68 -77.0296 -5.81463 0.868858 0.147119 -11.3241 0.147119 0.578763 -2.99249 -11.3241 -2.99249  298.959
-26 -21  -1 -133.171 -107.762 -7.39506 0.743513 0.207215  2.35453 0.207215  0.48854 0.338833  2.35453 0.338833   51.723
-25 -21  -1 -128.616  -107.59 -7.36363  0.907339 -0.488712  -1.31215 -0.488712  0.820883   1.22824  -1.31215   1.22824   10.5775
-25 -22  -1 -128.691 -113.364 -7.09341  1.00151 0.455737  4.82379 0.455737  2.68935  11.1722  4.82379  11.1722  74.1803
-29 -14   0   -145.1 -71.5387 -2.97373  166.442 -4.78974   7.1228 -4.78974  15.8172 -12.3634   7.1228 -12.3634   13.582
-27 -26  -1  -139.53 -131.151 -7.55896    24.395 -0.143377  -105.766 -0.143377   1.66457  -17.2859  -105.766  -17.2859    913.77
-29 -26  -1 -147.564 -131.593 -7.51667   0.807051 -0.0676374    3.30647 -0.0676374    1.17808   -12.0116    3.30647   -12.0116    305.886
-24 -20  -1 -122.709 -104.462 -7.66876  2.06148 -3.28984  28.4368 -3.28984  9.33164 -59.6974  28.4368 -59.6974  535.682
-25 -26  -1 -125.881  -134.53 -7.01834  5.73594 0.276986 -2.94345 0.276986  1.04135 0.733932 -2.94345 0.733932   8.3233
-26 -18   0 -133.955 -93.8299 -2.14454  14.8986 -1.89379 0.335447 -1.89379  1.31498 0.180796 0.335447 0.180796 0.274381
-18 -26  -1 -92.9041 -132.662 -6.74565  2.40406  2.05454 -3.90702  2.05454  5.49438 -1.61744 -3.90702 -1.61744  8.02317
-15 -26  -1 -79.3834 -132.447 -6.59443  107.343 -56.4211  11.2364 -56.4211   30.775 -6.56121  11.2364 -6.56121   3.4359
-24 -22  -1 -122.843 -112.038 -7.55838 1.78345 4.96833 13.6549 4.96833 19.0746 49.6592 13.6549 49.6592 139.406
-25 -13  -1  -127.05 -67.6841 -6.07223   0.528609 0.00299046   0.206892 0.00299046   0.525908    2.24993   0.206892    2.24993    61.2419
-28 -26  -1 -142.727 -132.413  -7.5907  0.636978 -0.169857   2.13389 -0.169857   2.00807  -23.3145   2.13389  -23.3145   358.984
-29 -27  -1 -148.229   -137.7 -7.73815  0.547663 -0.198467   3.27548 -0.198467   0.92779  -9.11038   3.27548  -9.11038   182.036
-23 -22  -1 -115.546 -110.889 -7.95814 26.6866 35.3416 191.048 35.3416 70.1163 374.547 191.048 374.547 2068.59
-25 -27  -1 -126.164 -135.509 -6.88827   5.52799 -0.370492  -1.48984 -0.370492   6.57363  0.029478  -1.48984  0.029478   2.49762
-26 -27  -1 -133.488 -138.273   -7.304   4.03008 -0.609332  -2.71745 -0.609332   7.98283  0.747138  -2.71745  0.747138   5.50953
-28 -27  -1 -143.115 -136.233 -7.83193  0.848089 -0.082375    1.9246 -0.082375    1.2655   -11.537    1.9246   -11.537   165.331
-29 -28  -1 -148.258  -142.49 -7.95105 0.803012 0.542831 -6.17812 0.542831  1.77483 -14.2543 -6.17812 -14.2543  203.167
-28 -29  -1 -143.613 -146.002 -8.08748 22.6217 11.3948 83.2327 11.3948 6.34527  45.129 83.2327  45.129 415.555
-29 -29  -1 -147.922 -147.992 -7.95621 0.632886 -0.18344 -0.87639 -0.18344 0.414244 0.167865 -0.87639 0.167865  4.45395
-18 -21  -1 -92.4003 -105.823 -6.89207  103.292  6.33945 -78.4145  6.33945  14.2929 -17.5295 -78.4145 -17.5295   72.665
-19 -22  -1 -96.8711 -112.694 -8.04344   20.69 27.8499 38.8595 27.8499 37.9859 54.1581 38.8595 54.1581 110.759
-18 -27  -1 -93.2922 -137.303 -6.18701 0.553585 -1.98147 0.250084 -1.98147   29.084 -4.14991 0.250084 -4.14991  2.42164
-28 -28  -1 -142.111 -142.808 -8.13297  1.59334 -1.11845  8.79291 -1.11845  1.25987 -5.18853  8.79291 -5.18853  281.583
-27 -28  -1 -138.976 -142.067 -8.25137  4.99579 -1.40521  22.5837 -1.40521  3.43193 -46.3382  22.5837 -46.3382  1281.91
-20 -19  -1 -102.659 -97.4748 -6.95263   41.9637  -3.42848  -4.82264  -3.42848   0.78361 -0.249418  -4.82264 -0.249418   3.09152
-13 -15   0 -67.4346 -77.7692 -1.74166   0.501816 -0.0507208  -0.016429 -0.0507208   0.543294 -0.0346339  -0.016429 -0.0346339   0.297397
-20 -20  -1 -103.022 -102.759 -7.33405  12.9134 -1.22241 -3.44192 -1.22241 0.694857 0.182536 -3.44192 0.182536  3.72863
-20 -21  -1 -102.871 -106.306 -7.97106  2.49561  1.25906 -1.87965  1.25906  1.43328 -1.81905 -1.87965 -1.81905  6.82372
-24 -12  -1 -122.711 -62.8518 -5.92517  0.848605 0.0461055  -7.43201 0.0461055   0.48311  -1.19447  -7.43201  -1.19447   135.096
-19 -27  -1  -97.081 -136.262 -7.45841   7.3314  13.9455 -1.05293  13.9455  27.7464 -1.26352 -1.05293 -1.26352  1.27954
-19 -26  -1 -97.5381 -133.567 -7.04719    3.0952  -4.25315 -0.706732  -4.25315    7.0415   1.64267 -0.706732   1.64267   1.87824
-26 -29  -1 -133.556 -145.747 -8.28115 16.7852  18.066 20.5399  18.066 21.4531 19.2217 20.5399 19.2217 34.2873
-18 -29  -1 -94.1355 -149.336 -7.89777  149.854  24.3904 -0.28482  24.3904   11.523  1.63603 -0.28482  1.63603  1.03773
-10 -13   0 -52.1153 -68.3333 -2.28973   0.688263  -0.262697 -0.0529247  -0.262697   0.570551  -0.150128 -0.0529247  -0.150128   0.953994
