-27  12   0 -136.226  64.8408 -3.70425  18.5884 -26.8081   2.2572 -26.8081  368.548  22.0905   2.2572  22.0905  22.8092
-13  12   0 -67.1001   60.411 -3.25223 7.70956 6.35779 1.10104 6.35779 19.1309 3.13311 1.10104 3.13311 2.17509
-20  12   0 -103.233  61.0504 -3.99132  448.659 -399.618  55.9642 -399.618  385.027  -53.537  55.9642  -53.537  15.3575
-10  13   0 -53.9182  65.2306 -4.19099   31.1073  -14.5907   5.20773  -14.5907   25.9913 -0.304264   5.20773 -0.304264   10.3918
-11  12   0 -59.0736  64.6656 -4.31762  3794.19 -2233.18 -1441.84 -2233.18  1336.74  842.613 -1441.84  842.613  558.009
-12  12   0 -62.2842   60.277 -2.87357    5.1681  -2.58217 -0.186376  -2.58217   45.6987    10.394 -0.186376    10.394   3.71018
-12  11   0 -62.4688   59.492  -3.4319  2.86738 -3.52346 0.548279 -3.52346  44.1167 -10.5256 0.548279 -10.5256  4.19822
-13  11   0 -67.2898  59.1853  -3.2397  3.27791 -1.79694 0.638897 -1.79694  5.80386  -1.6858 0.638897  -1.6858  1.42955
-12  11  -1 -61.9884  59.8368 -5.20972  2661.06 -1835.51 -7840.55 -1835.51  2369.39 -890.687 -7840.55 -890.687    64966
-13  11  -1 -66.8823  58.9025 -5.15028  2.51197 -3.94191    1.967 -3.94191   9.0853 -5.16059    1.967 -5.16059  261.984
-15  10  -1 -77.5388  53.8989 -5.78552  3.93398 -2.61142 -52.6608 -2.61142  4.51401  37.6772 -52.6608  37.6772  1134.05
-26  12  -1 -132.012  63.6039 -5.71747  1.36134 0.850621 -20.5801 0.850621   12.783 -52.4976 -20.5801 -52.4976  774.721
-27  12  -1 -137.047  64.5601  -5.8007  6.32545  -1.2615 -28.3233  -1.2615  21.7745 -6.84761 -28.3233 -6.84761  155.846
-27  10  -1 -136.801  51.3207 -6.09525  5.70488   4.7324 -16.6282   4.7324  6.82355  11.7699 -16.6282  11.7699  361.724
