-47   6   1 -238.12  30.976 5.78436  0.975654  0.443547 -0.529604  0.443547   2.75248  -1.24967 -0.529604  -1.24967   4.30453
-48   6   1 -242.261  31.1824  5.36497 1.13581 2.56067 3.03507 2.56067 7.18262 8.29845 3.03507 8.29845 21.2578
-49   6   1 -246.556  31.4418  5.73622  5.62228  -1.6139  7.44912  -1.6139  3.17809 -4.83213  7.44912 -4.83213  16.4985
-48   0   1 -240.668 -4.13306  5.32229  77.6001  22.4942 -62.9052  22.4942  22.4579 -50.0521 -62.9052 -50.0521  162.956
-46  -2   1 -234.068 -14.0242  6.43454 3.13212  1.6021 1.20165  1.6021 3.68674 1.35502 1.20165 1.35502 1.86806
-48  -2   1 -240.842 -14.2798  6.15464  16.5583  -4.2013 -4.82643  -4.2013  5.37578   2.7637 -4.82643   2.7637  3.37215
-39  -9   0  -195.25 -46.3894  3.87765   607.164   -24.651   7.02193   -24.651   2.80401 -0.239165   7.02193 -0.239165   6.34038
-36  -9   0 -182.508 -45.9455  2.94488   4.3507 0.150692  15.0298 0.150692  4.78831 -12.1766  15.0298 -12.1766   150.61
-33  -3   0  -167.07 -16.9146  3.46981   5.20144 -0.731768   8.86072 -0.731768  0.746073  -1.27273   8.86072  -1.27273   16.5141
-39   3   0 -195.369  19.5134  1.63338   51.359 -3.49003 0.314092 -3.49003  14.1547 -1.62804 0.314092 -1.62804  232.872
-48   4   0 -240.215   23.055  1.28827  53.5063 -21.0436  21.2575 -21.0436  44.2112  25.9263  21.2575  25.9263  393.627
-38  -7   0 -192.589 -39.0726  1.01316 1.58444 22.7341 2.86637 22.7341 506.665 59.7817 2.86637 59.7817 17.9955
-40  -8   0 -202.457 -41.5234  2.96745  0.385545  0.172304  -0.12495  0.172304   5.40711 -0.167504  -0.12495 -0.167504  0.897224
-33  -4   0 -165.966 -20.9702  1.43144  6.70432 -14.8874  11.5066 -14.8874  42.0142 -30.8325  11.5066 -30.8325  25.7568
-37  -8   0  -187.56 -43.2303   2.4857   0.486011   0.143125 -0.0184997   0.143125    6.62311    1.39552 -0.0184997    1.39552    1.40647
-37   4   0   -185.215    24.1176 0.00623151   38.8686  -6.52622  -3.34675  -6.52622   6.22581 0.0297133  -3.34675 0.0297133   2.35018
-37  -9   0  -187.618  -47.9266 -0.300239  12.3049 -2.53231  3.53007 -2.53231  2.39211 -2.38121  3.53007 -2.38121  3.08984
-32  -6   0  -161.189  -32.6701 -0.957126 0.720713 0.164515 -3.40619 0.164515 0.873457  3.89626 -3.40619  3.89626  68.9095
-36  -4   0 -184.639 -24.9701 -1.23024  29.0099  376.628 -31.3082  376.628  6597.71 -503.546 -31.3082 -503.546    52.86
-37  -7   0 -188.045 -39.2436 0.908651  3.02148  7.39837 -32.2611  7.39837  424.806 0.565708 -32.2611 0.565708  422.468
-37  -5   0 -187.756 -26.6411 -1.62745  2.44557 -2.32817 -4.16784 -2.32817  2.56333  4.80958 -4.16784  4.80958  14.7482
-37  -4   0 -187.719 -24.8779 -1.49842 0.988901  8.53922 -1.49799  8.53922  270.919  10.8342 -1.49799  10.8342  15.2706
-42  -2   0 -211.656 -11.3957  -1.8637   2.83272  0.314718 -0.788435  0.314718  0.626214 -0.479183 -0.788435 -0.479183   25.1507
-49  -8   0  -246.893  -42.1624 -0.159266   1.03228  0.020356 -0.105597  0.020356    0.5915 -0.144629 -0.105597 -0.144629  0.577241
-36  -5   0 -182.437 -25.1225 -1.62369 0.919083  14.1561 -1.19037  14.1561  521.336 -50.7883 -1.19037 -50.7883  10.2436
-48  -9   0  -242.888  -46.9091 -0.526475   0.417207  0.0750611 -0.0222487  0.0750611   0.525795  0.0063844 -0.0222487  0.0063844   0.455159
-49  -9   0  -246.737  -46.3999 -0.111951    1.28284   0.173791  0.0783506   0.173791    1.01058 -0.0940337  0.0783506 -0.0940337   0.412556
-47  -9   0  -238.662  -46.1901 -0.770747    1.38451   0.190917 -0.0091463   0.190917    1.59612 -0.0734583 -0.0091463 -0.0734583   0.540237
-39   8   0  -195.972   41.1542 -0.211141    1.3433  0.422048 0.0838941  0.422048   2.12065 -0.130021 0.0838941 -0.130021  0.410653
-34   6   0 -170.129  31.1953 -2.05907   303.536  -4.45666   12.4047  -4.45666  0.705542 -0.538506   12.4047 -0.538506     2.043
-44  -1   0 -220.713 -5.03237 -2.23673  4.54726   24.063 -0.50706   24.063  2068.07 -54.0874 -0.50706 -54.0874  11.6655
-46  -4   0 -234.593 -22.5018  -2.1969 9.75406 1.91132 1.96126 1.91132  2.5712 1.09358 1.96126 1.09358 2.72387
-46  -7   0 -233.069 -35.5802 -1.71199  0.584083  0.677755  -0.45544  0.677755    11.409 -0.568724  -0.45544 -0.568724  0.814014
-30   3   0 -154.054  17.8818  2.05575 88.2089 10.2044 20.7028 10.2044 16.9009 5.74445 20.7028 5.74445 241.273
-41  -2   0  -207.28 -10.6816 -1.80815 0.510425 0.493733 -0.22543 0.493733  2.61963  15.8248 -0.22543  15.8248  345.379
-38   7   0 -193.579  39.0883 -0.13182   1.30267 -0.361609 0.0283967 -0.361609   3.21869 -0.196901 0.0283967 -0.196901  0.408339
-46   3   0 -232.432  19.2764 -1.76999  0.573548  0.449809 -0.214062  0.449809   5.52222  -0.49458 -0.214062  -0.49458   1.31099
-43  -1   0 -217.225 -5.28464 -2.43292  0.95873  1.40433  1.57356  1.40433  8.40148 0.990305  1.57356 0.990305   13.062
-39  -3   0 -197.524  -18.473 -3.25767  1.43088  22.2265 -1.29586  22.2265  595.396 -16.1599 -1.29586 -16.1599  136.986
-41   8   0  -207.622   41.7386 -0.398822    0.32397  0.0612204  0.0274467  0.0612204    1.14682 -0.0419528  0.0274467 -0.0419528   0.293451
-39   7   0   -195.74   39.0974 -0.713481    6.20667     -0.581 -0.0264054     -0.581    3.84988  0.0990389 -0.0264054  0.0990389   0.425008
-44   5   0 -224.162   26.981 -1.39313   4.51423   0.66388  0.418298   0.66388  0.375499 0.0550521  0.418298 0.0550521   1.16581
-45   3   0 -228.501  19.3428 -1.46239   1.28877 -0.970198 0.0982339 -0.970198   5.51103  0.165128 0.0982339  0.165128  0.555735
-40  -2   0   -201.4 -12.7756 -2.37819   0.691953   0.264548   0.797299   0.264548   0.740545 -0.0218945   0.797299 -0.0218945    2.59371
-40  -3   0 -200.393  -17.238 -2.60874  1.85368 0.238271  0.55606 0.238271 0.582961 0.125751  0.55606 0.125751  2.50349
-39  -2   0 -199.948 -11.3228 -2.78743  1035.96 -22.4107  -17.751 -22.4107  1.95111  1.09375  -17.751  1.09375  2.92787
-35   4   0  -179.087   23.7322 -0.149083  0.758043 -0.441367  0.248235 -0.441367   1.45535 -0.179792  0.248235 -0.179792  0.647592
-41  -1   0 -207.464 -6.25335 -2.51798  0.489396 0.0474451 0.0695169 0.0474451   1.25544  0.281681 0.0695169  0.281681   2.23885
-39  -4   0 -197.631 -24.5544 -1.52633  0.77474  7.10461 -1.35168  7.10461  180.827 -24.8167 -1.35168 -24.8167  11.6296
-40  -1   0 -201.975 -6.64269 -2.20994  0.678762  0.521779 0.0200183  0.521779   3.57545    1.4499 0.0200183    1.4499    1.1938
-47  -5   0  -237.979  -26.7652 -0.718887   0.463006 -0.0101924  0.0867655 -0.0101924   0.501528 -0.0135441  0.0867655 -0.0135441   0.251284
-46  -5   0 -234.105 -28.1056 -2.98081   1.52097  0.298988 -0.335901  0.298988  0.419403  0.213535 -0.335901  0.213535   1.63118
-48  -7   0 -243.033 -38.3075    1.928 0.526586  0.04348  0.10573  0.04348  0.60153 0.116467  0.10573 0.116467 0.357901
-41  -8   0 -207.372 -41.2668  1.40667   0.694173   0.605945 -0.0649018   0.605945    39.2843 -0.0356525 -0.0649018 -0.0356525   0.247279
-31   5   0 -158.339  27.7446 -3.06945     1.84009   -0.963102   0.0643855   -0.963102    0.735412 -0.00344402   0.0643855 -0.00344402     1.89125
-32   5   0 -162.284  26.1463 -2.07946   0.664171   0.317718 -0.0639359   0.317718   0.816067  -0.122312 -0.0639359  -0.122312   0.476508
-48   5   0 -242.486  28.5159 -0.68094   0.401401  0.0885569 -0.0100934  0.0885569    1.60602  -0.203617 -0.0100934  -0.203617   0.282464
-45   5   0  -227.244   27.8349 -0.976205  0.608647 0.0249392 0.0762446 0.0249392  0.559017 0.0359819 0.0762446 0.0359819  0.293845
-33   4   0  -168.927   24.1573 -0.901629   0.687509  -0.348501   0.307398  -0.348501    2.26421 -0.0347343   0.307398 -0.0347343   0.536333
-31   4   0 -159.445  23.4798 -2.91951  8.04789 -1.21717  1.21409 -1.21717  1.64313 0.396589  1.21409 0.396589   2.6123
-49  -7   0 -246.692 -38.5196 0.488839    1.2919  0.435376 -0.629255  0.435376   1.49571  0.312626 -0.629255  0.312626  0.704782
-49   8   0 -248.314  41.0045 -2.28749   3.98622   7.53615 -0.102599   7.53615   289.919  -6.78814 -0.102599  -6.78814  0.450939
-49  -3   0 -247.015 -18.7329  -2.4574   1.02881 -0.280621 0.0285369 -0.280621   1.70817  0.230071 0.0285369  0.230071  0.567734
-47  -4   0  -237.979  -23.0706 -0.885236   0.424919 -0.0394395 -0.0231814 -0.0394395   0.719496 -0.0428165 -0.0231814 -0.0428165   0.208394
-45   8   0 -229.273  40.7838 -1.84099   2.44311  -1.14333 0.0432004  -1.14333   1.18764 -0.234494 0.0432004 -0.234494  0.402759
-47   4   0 -235.988     22.6 -2.48517   2.51144  0.633285 -0.530836  0.633285  0.776432 -0.211051 -0.530836 -0.211051  0.589968
-45  -2   0  -226.84 -12.5181 -3.39809 19.4602 41.3317 1.41848 41.3317 92.9564 2.35786 1.41848 2.35786  6.2143
-44   9   0 -221.814  47.6658 -1.15039    0.92717  -0.594422 -0.0854943  -0.594422    1.04487 -0.0574338 -0.0854943 -0.0574338   0.193436
-48   8   0 -242.095  40.7661  -2.6361   3.88421   20.8985 -0.659263   20.8985   483.667  -10.1705 -0.659263  -10.1705  0.718154
-38  -1   0 -190.756 -5.73765 -4.31532 12.2708 27.8634 52.4224 27.8634  92.813 182.188 52.4224 182.188 434.166
-32  -4   0  -163.829   -20.995 -0.837225  7.10215 -1.91634  2.20419 -1.91634  1.87476 -1.02698  2.20419 -1.02698  1.33308
-35  -5   0 -177.159  -25.324 -2.36753 0.656203  7.87651 0.124179  7.87651  240.014 -9.14291 0.124179 -9.14291  1.73832
-34  -5   0 -174.336 -25.4612 -3.28034  5.19974    19.31 0.144414    19.31  485.521 -16.3744 0.144414 -16.3744   1.2004
-36  -7   0   -183.255   -39.3444 -0.0987641  1.84523  6.21127 0.794718  6.21127   137.28  6.93177 0.794718  6.93177 0.650371
-37   9   0 -189.151  48.4485 -3.61613    2.5508  -1.01011 -0.349807  -1.01011   2.02458 -0.611657 -0.349807 -0.611657    1.3552
-32   7   0 -161.789   37.603 -2.43818  2.75385 -2.70989 0.271461 -2.70989  3.62096 0.357294 0.271461 0.357294 0.703014
-34  -4   0 -173.452 -21.9506 -3.62656    11.6922    0.86998    2.28683    0.86998    0.35389 0.00831478    2.28683 0.00831478    1.16785
-42  -6   0 -212.939 -32.5653 -3.62085   583.508  -19.0782  -0.22191  -19.0782   1.20854 0.0107812  -0.22191 0.0107812    1.7241
-42  -7   0 -213.064 -35.6403 -3.84287  1301.73 -193.541  2.07161 -193.541  40.6509 0.675704  2.07161 0.675704  1.42616
-39   4   0 -197.699   23.102 -3.08944   1.41779    1.9763  0.104584    1.9763   3.43891 -0.301068  0.104584 -0.301068   1.27675
-36  -2   0 -181.573 -12.0804 -2.25748  3.47407  1.30856  1.41524  1.30856  2.46661 -1.54505  1.41524 -1.54505  3.60747
-48  -8   0  -242.436   -42.199 -0.879328    0.767425   -0.133375   0.0567359   -0.133375     0.60412 -0.00409155   0.0567359 -0.00409155    0.182041
-42   9   0  -211.751   48.2379 -0.980426  0.753216  0.192096 0.0945719  0.192096   11.1736 -0.261372 0.0945719 -0.261372  0.202568
-41   9   0  -206.997   48.0952 -0.630723    0.95468    2.24657 0.00373824    2.24657    48.4472   -1.11358 0.00373824   -1.11358   0.207659
-35   5   0 -178.494  26.1276 -1.10405  0.388778  0.375053 0.0377106  0.375053   2.09323 0.0954393 0.0377106 0.0954393  0.371596
-40   9   0  -202.326   47.9211 -0.784106    1.25844     6.1051 -0.0949797     6.1051    169.423   -4.07201 -0.0949797   -4.07201   0.270811
-38   9   0 -193.125   47.758 -1.33064   2.47678  -2.10454  0.301737  -2.10454   5.48287 -0.279681  0.301737 -0.279681  0.197892
-40   8   0 -202.888  41.3844 -0.27553   0.949864    0.23034 -0.0302732    0.23034    1.43788  0.0971274 -0.0302732  0.0971274   0.216351
-44   8   0 -222.249  41.7294 -1.72423   0.727034   0.114385 -0.0281024   0.114385    0.67719 -0.0757335 -0.0281024 -0.0757335   0.214233
-42   7   0 -213.087  39.0024 -1.65958   0.59028 -0.188101 -0.282639 -0.188101   1.83956 -0.147296 -0.282639 -0.147296  0.413996
-49   7   0 -247.368  39.0834  -1.5785    0.410603   0.0651495 -0.00656458   0.0651495     3.82175    0.161548 -0.00656458    0.161548    0.229176
-47   7   0 -237.819  38.7845 -1.57041   0.576346   0.330274 -0.0274493   0.330274    14.5868 -0.0409747 -0.0274493 -0.0409747   0.224341
-43   7   0  -216.884   36.5243 -0.376246  0.986769 -0.166834  0.175231 -0.166834  0.566445 0.0207752  0.175231 0.0207752  0.186807
-49   6   0  -247.273   32.1955 -0.534639   0.82305 -0.122318 0.0517738 -0.122318  0.794094 0.0751665 0.0517738 0.0751665  0.202769
-47   6   0  -237.842   32.3644 -0.637119   0.848609   0.148474 -0.0232519   0.148474   0.820647  0.0663727 -0.0232519  0.0663727   0.207808
-45   6   0   -227.96    32.057 -0.661864    0.457193    0.188123  -0.0563794    0.188123    0.853305 -0.00158521  -0.0563794 -0.00158521    0.187116
-43   6   0  -218.079    33.498 -0.980233    1.3053  -1.36881  0.424117  -1.36881   3.49054 -0.896898  0.424117 -0.896898  0.418438
-37   5   0 -187.882  28.3777 -2.73179    3.46203    2.72328  -0.572223    2.72328    3.48709 -0.0363974  -0.572223 -0.0363974   0.697345
-36   5   0 -182.243  25.9678 -1.28764    0.64094  -0.134515  0.0629657  -0.134515    1.59196 -0.0974946  0.0629657 -0.0974946   0.211498
-47   5   0 -237.587  27.5818 -0.61096   0.536993    0.12255 0.00078256    0.12255   0.700349  -0.127218 0.00078256  -0.127218   0.238693
-34   4   0 -172.238  23.4256 -1.17718   0.659075   0.139074 0.00107184   0.139074     1.1955  0.0773274 0.00107184  0.0773274   0.324098
-32   4   0 -162.012  23.4387 -2.63006  0.779726  0.259299 -0.204233  0.259299   1.24558 -0.175557 -0.204233 -0.175557  0.733016
-46   4   0 -232.603  22.4811 -1.44804   0.471919 -0.0923618 -0.0361763 -0.0923618   0.428576  0.0333497 -0.0361763  0.0333497   0.379049
-45   4   0 -227.576  22.3283 -1.30435    0.508764    0.139475  -0.0122849    0.139475    0.467086 -0.00746327  -0.0122849 -0.00746327    0.338995
-30   4   0  -152.64  21.2356 -4.04506  17.6646 -21.5951 0.730205 -21.5951  27.9027 0.295929 0.730205 0.295929  2.35177
-36   2   0 -181.736  12.4767 -4.43915 0.631842 -0.32678  0.70093 -0.32678  1.71329 -1.11493  0.70093 -1.11493  14.1778
-32   2   0 -161.634   12.786 -4.46334  0.895041 -0.154608   1.24842 -0.154608   2.67486  -2.95917   1.24842  -2.95917   9.91579
-31   2   0 -156.643  12.3883 -4.68917    1.1372  0.645682 -0.619157  0.645682   3.10979  -7.03336 -0.619157  -7.03336   35.8958
-34   2   0 -172.655  12.9339 -4.20281  0.604017 -0.420945 -0.214437 -0.420945   1.51885 -0.722475 -0.214437 -0.722475   21.3966
-47   2   0   -236.2  10.4192 -3.85669  49.2045 -17.7467  2.59745 -17.7467  132.948 -3.81627  2.59745 -3.81627  3.64313
-44   2   0 -223.579  10.4268 -4.55007   2.4234 0.295344 0.620758 0.295344  13.8723 -4.14637 0.620758 -4.14637  23.0426
-44  -6   0   -224.258   -33.1174 -0.0770902  36.1973 -8.42544 -41.0727 -8.42544   2.8741  10.6366 -41.0727  10.6366  49.7587
-33   1   0 -169.231  8.00843 -3.69035  95.6552  1.44418 -3.49214  1.44418  225.088 -4.10668 -3.49214 -4.10668   1.9127
-48   1   0 -240.313  5.91525 -4.07227   21.493 -4.23898 -4.16896 -4.23898  3.14362  1.93778 -4.16896  1.93778  5.09317
-38   1   0 -191.352  5.65329 -3.61371   2.19556 -0.723627 -0.133728 -0.723627   7.69485   1.66814 -0.133728   1.66814   1.96356
-30   1   0 -154.546  5.54661 -3.52108  127.218   26.263  2.89252   26.263  59.1101 -2.39678  2.89252 -2.39678  2.05742
-46   1   0 -232.578  8.39015 -3.88657  0.674585 -0.548664 -0.274119 -0.548664   1.34511  0.653546 -0.274119  0.653546   2.02462
-37   1   0 -189.158   5.7671 -4.13368   3.63976  -3.54468 -0.866218  -3.54468   4.52861  0.766991 -0.866218  0.766991   2.66607
-40   1   0 -202.052  6.31415 -4.22843  0.855487 -0.181392    0.1967 -0.181392   1.56864  0.156254    0.1967  0.156254   3.68916
-41   1   0  -207.97  5.65797 -4.19837  0.714424  0.236958 -0.104189  0.236958   4.41481  0.623615 -0.104189  0.623615   3.78391
-42   1   0 -212.972   7.0785 -4.27415 0.901972 0.389843 0.333607 0.389843 0.885288  0.14815 0.333607  0.14815  4.79986
-45   1   0 -228.173  8.12475 -4.14728  0.326873 0.0243359  0.223136 0.0243359  0.869408 0.0206829  0.223136 0.0206829   2.95135
-47   1   0 -238.068  6.26377 -3.70726     0.523861  0.000421554     0.189212  0.000421554      2.08186 -0.000182366     0.189212 -0.000182366      1.70083
-45   0   0 -227.193  4.13965   -4.196   0.85038 0.0434431   1.24652 0.0434431   1.56831   2.60707   1.24652   2.60707   10.6641
-44   0   0 -222.367  2.74793 -4.22905 0.612187 0.389124  1.04324 0.389124  1.39816   3.9466  1.04324   3.9466  13.2627
-33   0   0 -166.912  2.52525 -4.79775  164.723 -31.5621  23.5088 -31.5621  171.456   10.784  23.5088   10.784  56.8113
-31   0   0 -159.932  2.22631 -4.83809  475.206 -133.601  144.171 -133.601  104.052 -71.5969  144.171 -71.5969  105.797
-43   0   0  -218.18  2.17782 -4.43476 0.866487  1.40667   1.8224  1.40667  6.28191  7.35203   1.8224  7.35203  16.2626
-42   0   0   -212.2  2.53587 -4.35534   0.566498 -0.0852105   0.269106 -0.0852105   0.282943  -0.271088   0.269106  -0.271088    4.60581
-32   0   0 -161.228   1.7591 -4.78623  14.2769 -29.4975  8.34387 -29.4975  62.5431 -19.8035  8.34387 -19.8035  48.0079
-34   0   0 -172.572 0.997373 -3.39948   1.31411  0.092508 0.0144744  0.092508   1.57442    0.2997 0.0144744    0.2997  0.972592
-40   0   0 -202.218   3.2615 -4.28958    0.477418 -0.00605966  -0.0809492 -0.00605966    0.193961   -0.333514  -0.0809492   -0.333514     5.19737
-46   0   0 -232.444 0.594574  -4.1836   0.641729  0.0558553   0.265583  0.0558553   0.110447 -0.0877728   0.265583 -0.0877728    3.09921
-39   0   0 -196.385 0.417913 -3.42506  0.692776 0.0623632  -0.29057 0.0623632  0.211927 0.0466197  -0.29057 0.0466197   0.87549
-48   0   0 -242.195 -1.42484 -1.99773   0.762415  -0.256101 -0.0404644  -0.256101   0.370587   0.132221 -0.0404644   0.132221   0.330553
-35   0   0  -178.068 -0.417226  -3.37809   0.917479  0.0446987 0.00938608  0.0446987   0.761113  0.0925973 0.00938608  0.0925973   0.989497
-38   0   0 -192.283   1.7672 -2.58324   0.484089 -0.0342578 -0.0627087 -0.0342578   0.190881  0.0316685 -0.0627087  0.0316685   0.616315
-36   0   0 -182.087 -2.51981 -3.92477   0.923282  -0.713801 -0.0158114  -0.713801    1.37368 -0.0571346 -0.0158114 -0.0571346    2.82109
-49   0   0 -245.718 -4.21754 -1.97058   9.87545  -4.60699  -1.46789  -4.60699   8.93611 -0.664889  -1.46789 -0.664889   1.23208
-37   0   0 -188.195 0.656557 -2.87375 0.916223 0.211701 0.156277 0.211701 0.201225 0.115957 0.156277 0.115957 0.798745
-36  -1   0 -182.805 -6.85755 -2.80428    1.48766 -0.0672535   -1.63725 -0.0672535    1.41692   0.289672   -1.63725   0.289672    2.51179
-46   8   0 -231.746  40.3918 -2.09122  0.550664   7.93441 -0.258351   7.93441   216.195  -4.95874 -0.258351  -4.95874  0.466762
-31  -1   0 -155.198 -8.48886 -4.68085  73.4378  3.66222 -11.1741  3.66222   20.152 -1.35313 -11.1741 -1.35313  19.3496
-47  -1   0  -237.698   -7.2174 -0.597945   0.962375  -0.070998  0.0716248  -0.070998   0.552068 0.00548559  0.0716248 0.00548559   0.160395
-33  -1   0 -165.553 -8.37783 -3.70652   7.63106   1.13222 -0.651932   1.13222   4.48251   1.29867 -0.651932   1.29867   1.78088
-35  -1   0 -178.628 -7.54317 -3.89523  275.396 -70.2659 -8.21718 -70.2659  18.4252  1.98953 -8.21718  1.98953  2.80105
-30  -1   0  -154.17 -8.31875 -4.70284  6.89705  -0.2845 0.559639  -0.2845  4.66667 -2.38354 0.559639 -2.38354  26.6996
-32  -1   0 -163.962 -9.06158 -2.87315   3.1801 0.682149 0.498815 0.682149  3.92445 0.697333 0.498815 0.697333 0.601899
-46  -1   0 -233.577 -7.75978 -4.03254   28.4994  -6.10796   4.11367  -6.10796   1.80297 -0.663256   4.11367 -0.663256   3.98435
-48  -1   0 -242.636  -7.2202 -1.81255   0.715602  0.0534904 -0.0851008  0.0534904   0.571491  -0.106255 -0.0851008  -0.106255   0.268734
-31   7   0 -159.766  39.0725 -3.91751   51.9007   9.41452 -0.403017   9.41452   9.12575 -0.227603 -0.403017 -0.227603  0.858949
-35  -2   0 -179.565 -11.6599 -3.91522  111.203 -26.1805 -3.09622 -26.1805  7.01012 0.883387 -3.09622 0.883387  2.79028
-37  -2   0 -185.766  -11.722 -3.78421   10.956 -1.78387 -2.56904 -1.78387  1.66411 0.553353 -2.56904 0.553353  2.14512
-34  -2   0 -171.454 -13.1594 -1.03232    1.8372  -1.17765 -0.201413  -1.17765   1.91432  0.270592 -0.201413  0.270592   0.31551
-31  -2   0 -157.583 -13.9336 -4.42834   0.564909 -0.0750132   0.538133 -0.0750132    1.62577   0.253056   0.538133   0.253056    7.59989
-32  -2   0 -163.707 -12.9881 -2.37292  1.01961  0.18651 0.272181  0.18651 0.481512 0.171566 0.272181 0.171566 0.480672
-47  -2   0 -237.679 -12.2896  1.18063   0.514945 -0.0906072 -0.0224036 -0.0906072     0.5062 -0.0905547 -0.0224036 -0.0905547   0.164377
-48  -3   0 -242.353 -17.5711 -1.63718   0.733165  -0.399888  -0.165132  -0.399888    0.82262 -0.0376504  -0.165132 -0.0376504    0.41229
-30  -3   0 -154.393 -15.2219 -4.79816  8.06965 -2.39117  -2.9638 -2.39117  24.1915 -2.90355  -2.9638 -2.90355  50.2436
-46  -3   0  -233.147  -16.7599 -0.483109  0.995583  -0.25167 0.0395449  -0.25167  0.874314 0.0674983 0.0395449 0.0674983  0.116415
-32  -3   0  -163.12 -16.9397 -1.11497   2.72681  0.169056  0.181297  0.169056  0.504609 0.0894828  0.181297 0.0894828  0.359821
-37  -3   0  -187.14 -18.8916 -3.73063   1.91292   23.8299 -0.134918   23.8299   518.745  -23.5195 -0.134918  -23.5195    4.6133
-36  -3   0 -182.276 -19.0637 -4.00317  0.725304    3.3583 -0.276706    3.3583    47.927  -3.71666 -0.276706  -3.71666   2.68123
-35  -3   0 -178.042 -19.2635 -4.09834   0.96468   5.52498 -0.318694   5.52498   117.899  -6.39812 -0.318694  -6.39812   2.85691
-32  -5   0 -161.826 -26.2506 -1.72534    0.55148 -0.0794301  -0.442983 -0.0794301    1.60531   0.440994  -0.442983   0.440994    1.80441
-31  -3   0 -157.462 -17.5644 -4.24415   12.2561  -1.00499  0.385102  -1.00499  0.550029 0.0944867  0.385102 0.0944867     5.869
-43   1   0 -216.179  7.41941 -4.22366  0.966443  0.705356 0.0523602  0.705356   1.23266 -0.272089 0.0523602 -0.272089   3.42363
-48  -4   0 -242.499 -22.5407 -1.45904    0.436471     0.10233 -0.00842827     0.10233     0.53316    0.052966 -0.00842827    0.052966    0.200398
-31  -4   0  -157.82 -22.6114 -4.00617    11.2917   -0.67983    5.59607   -0.67983   0.556508 -0.0566783    5.59607 -0.0566783    5.08025
-42  -5   0 -212.751 -27.2343 -3.31685    457.358   -11.7913   -6.21965   -11.7913   0.810525 -0.0124221   -6.21965 -0.0124221    1.15934
-48  -5   0 -242.266  -27.911 -1.24757   0.697618  0.0698882  0.0266121  0.0698882    0.61504 -0.0189303  0.0266121 -0.0189303   0.186252
-31  -5   0 -157.963 -27.5039 -2.97318    6.42397   0.306231   0.819293   0.306231    0.54137 -0.0107128   0.819293 -0.0107128   0.797731
-45  -6   0 -227.181 -33.5617 -1.54102    1.06556  -0.465808  -0.106116  -0.465808    1.31393 -0.0899605  -0.106116 -0.0899605   0.294824
-31  -6   0 -157.999 -32.4837 -3.08327    119.054   -4.03603    1.80072   -4.03603   0.648876 -0.0242424    1.80072 -0.0242424   0.751233
-44   1   0  -223.49  8.47877 -4.45928    1.07384 0.00294465   0.632361 0.00294465    1.35386  0.0251346   0.632361  0.0251346    7.65766
-47  -7   0 -238.088 -37.0219  -2.5261  1.29696 0.382245  0.19086 0.382245 0.799349 0.205555  0.19086 0.205555 0.320269
-33  -7   0 -166.759 -37.5974 -2.19791  0.495176 0.0661396 0.0179629 0.0661396   3.88088 -0.856264 0.0179629 -0.856264  0.815344
-35  -7   0 -177.784 -38.8326 -2.21581  0.757231 -0.201711 0.0923922 -0.201711   1.36999  0.230575 0.0923922  0.230575  0.223216
-34  -7   0 -172.061 -37.6397 -1.85456   0.39622 0.0192331 0.0273897 0.0192331   14.3979 -0.134327 0.0273897 -0.134327  0.796892
-32  -7   0 -162.166 -37.9537 -2.71738    0.52971  -0.185221 -0.0376491  -0.185221    1.97349  -0.219512 -0.0376491  -0.219512   0.541472
-42  -8   0   -212.395   -41.8365 -0.0667156    1.17854  -0.646841 -0.0544991  -0.646841    1.31697 -0.0993898 -0.0544991 -0.0993898   0.173747
-33  -8   0  -166.634  -41.2073 -0.698179    0.65309 -0.0177204  0.0149635 -0.0177204   0.825623   -0.21199  0.0149635   -0.21199   0.257683
-32  -8   0 -162.051 -42.8204 -1.72123   1.15332   0.23022 0.0481114   0.23022  0.679649 0.0182201 0.0481114 0.0182201  0.257165
-31  -9   0  -155.64  -46.063 -3.69879  142.247   7.5714 0.606693   7.5714  51.4201 -3.70008 0.606693 -3.70008  2.53604
-35  -9   0  -178.553  -47.7248 -0.551858     157.33   -5.65126   -0.36952   -5.65126   0.766386 -0.0670224   -0.36952 -0.0670224   0.174302
-33  -9   0 -166.583  -48.747 -1.48608   0.553274 -0.0867885  0.0723124 -0.0867885   0.927023    0.14913  0.0723124    0.14913   0.218235
-32  -9   0 -162.093 -47.7259 -1.58039    1.28918 -0.0175887  0.0810005 -0.0175887   0.432819  0.0143212  0.0810005  0.0143212   0.250038
-49   7  -1  -247.15  39.1627 -5.16763 0.508771 0.729218 0.807111 0.729218    23.82  57.4835 0.807111  57.4835  325.781
-48  -7   1 -242.833  -38.524  5.26748 5.76973 3.55004 22.4162 3.55004 2.74187 12.9243 22.4162 12.9243 107.272
-48   7  -1 -242.663  38.9041 -5.11934 0.992957  7.81861  2.32309  7.81861  142.451  62.2545  2.32309  62.2545  199.238
-47   7  -1 -237.293  38.7764 -5.14274  0.417888 0.0297127   2.47748 0.0297127    15.905   27.4483   2.47748   27.4483   217.175
-46   7  -1 -232.799   38.675 -5.13763  0.50931  0.55088 0.115963  0.55088  18.2124  58.0408 0.115963  58.0408  367.759
-40   4   0 -201.191  24.2046 -1.84966   1.84326  0.557472 -0.144195  0.557472   3.94012   0.20251 -0.144195   0.20251  0.831607
-45   7  -1 -227.262  38.4489 -5.16647 0.747318  1.15859  3.76177  1.15859  12.2575  28.6891  3.76177  28.6891  137.801
-49  -4   0 -247.094 -22.2101 -1.74463    0.574162  -0.0214153  -0.0289272  -0.0214153     0.66147 -0.00355938  -0.0289272 -0.00355938    0.311839
-44   8  -1 -223.949  42.7532 -5.38132   1.58226 -0.286249    -6.856 -0.286249  0.595799   2.41638    -6.856   2.41638   49.3053
-49   8  -1 -247.339  40.8203 -5.60065 0.591266  2.11354  1.68398  2.11354  41.3504  19.3958  1.68398  19.3958  42.0692
-34  -3   0  -173.131  -16.0569 -0.310255    3.27403 -0.0310709  -0.344713 -0.0310709   0.918426 -0.0707025  -0.344713 -0.0707025   0.297653
-48   8  -1 -242.291  40.6742 -5.63953  1.12897  17.4689 -0.55891  17.4689  460.178 -22.9937 -0.55891 -22.9937  33.7141
-45   8  -1 -227.106  40.5173 -5.63003   0.52076 -0.414151 -0.576972 -0.414151   1.40908   1.33345 -0.576972   1.33345   31.1909
-44  -3   0 -221.762  -16.653 -3.99045  3.69461  1.97905 -5.52532  1.97905  3.23718 -5.34739 -5.52532 -5.34739  13.8604
-44   7  -1 -223.969  38.2732  -5.1654   1.95704 -0.221185    8.4998 -0.221185   5.50052  -12.7422    8.4998  -12.7422   111.625
-47   8  -1  -237.49  40.5008 -5.62532   1.03253   16.2145 -0.943061   16.2145   476.583  -32.0211 -0.943061  -32.0211   26.2917
-47   3   0 -235.285  19.5964 -2.45182   24.3535   7.01314 -0.457062   7.01314   12.8743   2.65917 -0.457062   2.65917    4.5526
-44   9  -1 -223.345  47.6789 -5.58504  0.440948 -0.283373   -1.1089 -0.283373  0.675565  0.254079   -1.1089  0.254079   20.3962
-39   9  -1 -197.594  47.8428  -5.6023   0.515858   0.218597 0.00556559   0.218597    5.74219  -0.324846 0.00556559  -0.324846    10.7895
-38   9  -1 -192.489  47.0951 -5.59866    0.7445  0.805542 -0.621343  0.805542   3.03278   -3.6652 -0.621343   -3.6652   16.6553
-44   6  -1 -221.846  31.9771 -5.93627   0.455308 -0.0783988  -0.552729 -0.0783988   0.768954   -1.50176  -0.552729   -1.50176    14.3184
-45   6  -1 -228.252  31.7912 -5.88192   0.618442 -0.0898089    1.79072 -0.0898089    1.06462   -2.67048    1.79072   -2.67048    26.9032
-42   8   0  -211.872   41.4485 -0.952532   0.593327  -0.216153 -0.0685066  -0.216153    1.30441  0.0496129 -0.0685066  0.0496129   0.298623
-47   6  -1  -237.65  31.1844 -5.93287  0.630169  0.362022 -0.987874  0.362022    4.8135  -16.8699 -0.987874  -16.8699   73.6947
-43   9  -1 -217.405  48.6278 -5.68304  0.46487 0.293766  0.19474 0.293766   6.8872  2.73813  0.19474  2.73813  13.6115
-40   7   0  -203.126   39.2056 -0.129719   0.755878  -0.291469 -0.0436644  -0.291469    3.31212  0.0287937 -0.0436644  0.0287937   0.356393
-40   5   0 -201.394  26.3879 -2.12486   1.40135  0.288896 0.0175594  0.288896   1.32497 -0.155924 0.0175594 -0.155924  0.535074
-34   9  -1 -173.282  47.7488 -6.25259  0.452217 -0.122908  -1.13364 -0.122908  0.657977  -4.18157  -1.13364  -4.18157   371.726
-38  -4   0 -192.798 -24.7098 -1.57495  1.33977  19.4546 -2.14606  19.4546  411.924 -41.0096 -2.14606 -41.0096  19.1094
-42   9  -1 -212.373  48.3166  -5.5755   0.479259   0.214469 -0.0688459   0.214469    2.95387  -0.421077 -0.0688459  -0.421077    9.13477
-41   9  -1 -207.521  48.0809 -5.64506   0.437395  0.0502645 -0.0176639  0.0502645    1.85138  -0.800696 -0.0176639  -0.800696    7.94883
-49  -1   0 -245.481 -5.39668 -1.37401 12.3409 8.66845 -2.2587 8.66845 32.2697 1.57981 -2.2587 1.57981 1.80583
-37  -1   0 -187.332 -6.21278 -4.57185  1.09837  1.09098 0.888016  1.09098  2.17991  2.69445 0.888016  2.69445  8.72146
-43   8  -1 -217.661  41.6566  -5.5736 0.678617 0.150415 0.299465 0.150415 0.551964 0.204921 0.299465 0.204921  8.94864
-32   8  -1 -162.327  40.1902 -6.25553 0.989488  2.69143  11.3942  2.69143  98.9406 -2.70171  11.3942 -2.70171   736.85
-38  -8   0 -191.174 -43.0393  2.08497  19.9622  168.587 -16.0352  168.587  1877.82 -204.061 -16.0352 -204.061  127.927
-41   8  -1 -207.737  43.2409 -6.23434 0.683602 0.131979  2.22091 0.131979  1.03426 -8.95358  2.22091 -8.95358  586.467
-48   7   0  -242.61  38.9425 -1.56677  0.448866  0.263745 0.0053562  0.263745   6.29603 0.0966651 0.0053562 0.0966651  0.240182
-42   8  -1 -211.948  41.6567 -5.83955   0.518888 -0.0985586   0.645645 -0.0985586   0.821473   0.614666   0.645645   0.614666     6.2708
-43   7  -1 -217.511   36.191 -5.63377    1.1491 -0.660686   1.54571 -0.660686  0.972697 -0.930381   1.54571 -0.930381   9.71507
-47  -8   0 -238.726 -41.5921 0.749205    2.18194  -0.207576   0.982639  -0.207576   0.693099 -0.0965635   0.982639 -0.0965635   0.795659
-42   6  -1 -212.294   30.929 -6.21525    0.36433 -0.0601725  -0.951557 -0.0601725   0.702457     2.1409  -0.951557     2.1409    352.953
-43   6  -1 -218.038  33.0568 -5.65431  0.687301 -0.221633  0.374249 -0.221633  0.781397  -1.30007  0.374249  -1.30007   7.32691
-32   9  -1 -162.029  48.1435 -6.23602 0.574012 0.238249 -5.51392 0.238249 0.387496 -2.97449 -5.51392 -2.97449  221.823
-30   9  -1 -153.674  47.6107 -6.25424  1.05613 0.455438  2.68971 0.455438  0.60311 0.882912  2.68971 0.882912  319.516
-35   9  -1 -177.397  48.6447 -6.24652 0.550814 0.316044   -4.766 0.316044 0.792401 -8.26939   -4.766 -8.26939  330.027
-37   9  -1 -188.365  47.4884 -6.00874   1.04392 -0.298754   4.25303 -0.298754    1.0974  -1.17187   4.25303  -1.17187   33.5277
-49   5   0  -247.462   28.1755 -0.325148    0.52874   0.138659 -0.0223384   0.138659    1.75417  -0.166992 -0.0223384  -0.166992    0.21745
-31   9  -1 -156.244  46.8424 -6.25728   1.37139 -0.669696   7.73524 -0.669696  0.840871  -6.89375   7.73524  -6.89375   379.539
-34   8  -1 -173.014  43.0128 -6.28415  0.406882  0.354121   1.19483  0.354121  0.985239 -0.434519   1.19483 -0.434519   231.945
-46  -6   0 -234.135 -31.6747 -1.52562   0.836796  0.0100919 -0.0284591  0.0100919   0.882091  0.0362874 -0.0284591  0.0362874    0.19608
-36   8  -1 -183.549  41.9238 -6.34022  1.30146 0.534254 -6.81065 0.534254  1.53762 -6.72666 -6.81065 -6.72666  870.757
-35   8  -1 -177.462  41.6328 -6.30081  0.524544 -0.164212  -5.86777 -0.164212   0.61579    1.4172  -5.86777    1.4172   350.096
-38   8  -1 -192.905  42.1653 -6.07965   0.618971    -0.2295    1.27673    -0.2295   0.557294 -0.0631692    1.27673 -0.0631692    12.2115
-39   8  -1 -197.137  41.8751 -6.27265 0.517516 0.285727 -3.52538 0.285727 0.973453 -12.1369 -3.52538 -12.1369   349.41
-40   8  -1  -202.38  41.5498 -6.02886    1.0294  -0.57506   1.55678  -0.57506   1.92143 -0.635864   1.55678 -0.635864   9.84769
-31   8  -1 -156.649  43.6258 -6.30972 0.523352 0.376806  1.86373 0.376806 0.993155 -4.11254  1.86373 -4.11254  262.515
-41   7  -1 -206.833  36.7404 -6.25366  0.590842 0.0231501   4.52647 0.0231501   1.29281   -7.9736   4.52647   -7.9736   539.923
-35   7  -1 -177.912  37.4405 -6.31535  0.877576 -0.339591  -4.25031 -0.339591  0.647657  0.469775  -4.25031  0.469775   392.271
-32   7  -1 -162.433  37.2103 -6.29415  0.403157 0.0446234  -1.48209 0.0446234  0.711547  -10.1786  -1.48209  -10.1786   396.541
-33   7  -1 -167.782  36.9058 -6.29188  0.557013 -0.162892 -0.555304 -0.162892  0.679697  -6.21166 -0.555304  -6.21166   397.157
-34   7  -1 -172.212  36.3021 -6.30985  0.570377 0.0487041    2.1825 0.0487041  0.789435  -2.59539    2.1825  -2.59539   546.494
-42   7  -1 -212.851  37.8906 -6.02865    0.54153 -0.0208582    1.02033 -0.0208582   0.755745   -1.90621    1.02033   -1.90621    12.1965
-34   6  -1 -172.208  32.3026 -6.33747 0.548937  0.13769  1.41738  0.13769 0.484171 -2.28912  1.41738 -2.28912  354.893
-42  -4   0 -212.586 -22.3673  -3.6846  70.2921 -2.03919 -2.72947 -2.03919 0.487827 0.246528 -2.72947 0.246528  1.28652
-33   6  -1 -167.163   32.276 -6.06989 0.894965 0.503541 -1.41015 0.503541  1.19887 -1.21095 -1.41015 -1.21095  8.64854
-46  -2   0 -233.443 -12.6424 -0.59187   1.36642  0.672632 0.0911742  0.672632    1.0096  0.239194 0.0911742  0.239194  0.153067
-41   6  -1 -207.303  31.8492 -6.29554  0.606524 -0.156724   6.21696 -0.156724  0.552669  -2.55795   6.21696  -2.55795   405.554
-49   6  -1 -247.364   31.483 -6.00337  0.614018 -0.293059  0.333994 -0.293059    4.2814  -16.5601  0.333994  -16.5601   81.6604
-37   8  -1 -188.086  42.1066 -6.30283  0.617624 -0.359336    7.3363 -0.359336   1.40489  -17.8182    7.3363  -17.8182    476.26
-30   8  -1 -152.754  41.5258  -6.3352   0.804327 -0.0168842    9.92499 -0.0168842   0.484223   -3.57139    9.92499   -3.57139    423.523
-36   7  -1 -181.836  37.0017 -6.37194  0.442575   0.20872   -1.1904   0.20872  0.446439 -0.526534   -1.1904 -0.526534   234.794
-39   7  -1 -197.238  37.5058 -6.36554  0.452386 -0.127222  -1.14883 -0.127222  0.580568  -2.99381  -1.14883  -2.99381   355.018
-37   7  -1 -187.306  37.2911 -6.38702   0.531632 -0.0796375  -0.962513 -0.0796375    0.69355   -5.47412  -0.962513   -5.47412    476.269
-38   7  -1 -192.214  37.5761 -6.38628  0.764057 -0.338034   1.05199 -0.338034  0.630896  -4.52267   1.05199  -4.52267   326.934
-31   6  -1  -157.7 31.8508 -6.1769  0.656645 0.0713954 -0.531158 0.0713954  0.659931 -0.231262 -0.531158 -0.231262   7.96246
-32   6  -1 -162.007  32.2884 -6.38391  0.566391 0.0861558   3.86091 0.0861558  0.457746  -1.88172   3.86091  -1.88172   374.801
-36   6  -1 -182.521  31.9077 -6.36227  0.625677 -0.164658  -3.67115 -0.164658  0.496852   2.69202  -3.67115   2.69202    384.33
-40   6  -1  -202.58  31.7663 -6.38883   0.524299 -0.0593186    3.54073 -0.0593186   0.720115   -7.90056    3.54073   -7.90056    498.888
-31   5  -1 -157.777  26.6579 -6.38604 0.510464 0.213348 -2.52386 0.213348  1.06232 -6.46973 -2.52386 -6.46973  437.252
-32   5  -1 -162.938  27.3364 -6.39515   0.531428 -0.0578676    2.64736 -0.0578676   0.655549   -7.24985    2.64736   -7.24985    508.279
-44   4   0  -224.357   23.5321 -0.924817   4.91277 -0.868727 0.0994569 -0.868727   1.14359   0.33965 0.0994569   0.33965  0.543652
-33   5  -1 -167.367  26.5201 -6.40565    0.529723 -0.00357663    -2.51127 -0.00357663     1.20056    -14.9823    -2.51127    -14.9823     490.733
-45  -7   0 -228.072 -36.0361 -2.45683   0.967658  -0.382809 -0.0123525  -0.382809     2.3016   0.137172 -0.0123525   0.137172    0.71461
-41  -7   0  -207.76 -38.6834 -3.80128   2435.22  -40.1939   63.2266  -40.1939   3.13733 -0.630368   63.2266 -0.630368   8.88464
-30   6  -1 -153.021  32.3009 -6.37447   1.22803 -0.348408    19.078 -0.348408   1.20469  -11.3912    19.078  -11.3912   706.258
-39   6  -1 -197.509  32.3408   -6.429  0.612044 -0.148579   1.17945 -0.148579  0.634169  -7.71145   1.17945  -7.71145   408.544
-35   5  -1 -177.493  26.7365 -6.44004 0.507198  0.15301 -3.29319  0.15301  2.13174 -25.3275 -3.29319 -25.3275   482.03
-43   8   0  -216.966   41.3628 -0.895763  0.599553 0.0585511 0.0210467 0.0585511   0.71661  0.136922 0.0210467  0.136922  0.222377
-30   5  -1 -152.452  26.8268 -6.45398    1.82809 -0.0905917    23.8435 -0.0905917   0.522717   -1.99098    23.8435   -1.99098    431.728
-31   4  -1 -157.428  22.1934 -6.52125 0.621048 0.285928  -6.2259 0.285928  1.16716  -17.609  -6.2259  -17.609  463.783
-32   4  -1  -162.53  22.7696 -6.46703  0.530714 0.0267009 -0.680598 0.0267009  0.598686  -1.71429 -0.680598  -1.71429   16.8675
-31   2  -1 -157.344  12.4649 -6.26653   0.524386 -0.0374581  -0.297137 -0.0374581   0.768138   0.414983  -0.297137   0.414983    4.70484
-30   2  -1 -152.875  12.0738 -6.35768 0.532266 0.026337  0.43829 0.026337 0.681147  0.40914  0.43829  0.40914  6.15142
-30   1  -1 -152.542  7.37322 -6.52211    0.53249 -0.0725782    1.16655 -0.0725782   0.509332    1.03263    1.16655    1.03263    27.8378
-32   1  -1 -162.287  7.56448 -6.49093  0.655718 0.0824433  -8.83861 0.0824433  0.630517  -6.82077  -8.83861  -6.82077   444.309
-36   5  -1 -182.588  26.9713  -6.3625  0.552394  0.121756 -0.296814  0.121756  0.503692  0.421258 -0.296814  0.421258   10.0418
-48   6  -1 -242.339  30.7945 -6.11525 0.556708 0.682358 -4.18686 0.682358  6.07163 -45.4296 -4.18686 -45.4296   446.89
-37   5  -1 -187.567   27.506 -6.46562   0.553721 0.00565427   0.133594 0.00565427   0.605954   -1.03331   0.133594   -1.03331    8.12799
-38   5  -1 -192.482  27.2482 -6.59763  0.466649 -0.156459   2.26723 -0.156459   2.10914  -26.8495   2.26723  -26.8495   443.602
-30   4  -1 -152.844  21.6569 -6.45833   0.509199 -0.0948702   0.467967 -0.0948702   0.493509  0.0410917   0.467967  0.0410917    9.52789
-40   7  -1 -202.054  36.5362 -6.33838   1.02514 -0.129578   13.0256 -0.129578  0.600642  -3.19213   13.0256  -3.19213   562.881
-33   4  -1 -167.466  22.3609  -6.6378 0.514044 0.267168 -5.60298 0.267168  1.67013 -21.4207 -5.60298 -21.4207  441.654
-30   3  -1  -153.07  17.6015 -6.61802  0.485535  0.020351   0.19005  0.020351  0.410509 -0.654493   0.19005 -0.654493   16.8825
-33   2  -1 -167.616  12.5971 -6.45805  0.592299  0.028522 -0.135388  0.028522  0.595911  0.324526 -0.135388  0.324526   4.56609
-43  -6  -1  -217.38 -33.4742 -6.38232   1.04792 -0.437717  0.479443 -0.437717  0.542142 -0.041594  0.479443 -0.041594   4.60209
-39   5  -1 -197.584  27.1789 -6.63083 0.515916 0.330477 -5.07805 0.330477  2.05572 -25.9195 -5.07805 -25.9195  409.328
-40   5  -1  -202.36  26.9669 -6.54813  0.517016 0.0569504 -0.753318 0.0569504  0.581799  -0.26164 -0.753318  -0.26164   9.96096
-33   5   0  -168.18  27.2205 -1.66793  0.586376 -0.244058 0.0967879 -0.244058  0.420907 0.0323651 0.0967879 0.0323651   0.62516
-41   5  -1  -207.57  27.0132 -6.60164   0.48129 -0.331609   3.14681 -0.331609    6.0521  -49.7876   3.14681  -49.7876   448.153
-34   4  -1 -172.447  22.5599 -6.63024   0.528023 0.00380313  -0.585986 0.00380313   0.619846   -2.74214  -0.585986   -2.74214    31.8381
-39  -1   0 -199.789 -7.53122  -3.0413    8.27874   -0.49562   0.591026   -0.49562   0.661892 0.00465905   0.591026 0.00465905    2.15712
-39   1   0 -199.532  5.90774  -4.5805   7.97528   1.38147   1.24233   1.38147    3.1729 -0.728431   1.24233 -0.728431   11.4253
-31   3  -1 -157.715  17.4049 -6.68537  0.546834 0.0933436  -4.36995 0.0933436  0.565537  -4.66986  -4.36995  -4.66986   462.239
-33  -6   0 -165.852 -31.5624  -1.1633  44.3722 -15.8973 -127.999 -15.8973  6.27331  47.7082 -127.999  47.7082  447.379
-32   3  -1  -162.59  17.6051 -6.70334   0.511899 -0.0205141  -0.389552 -0.0205141   0.585249    -1.3878  -0.389552    -1.3878    31.6105
-33   1  -1 -167.735  7.46269 -6.52229  0.565151 -0.031027  0.668141 -0.031027  0.680904  -1.11863  0.668141  -1.11863   20.3932
-36  -7  -1 -181.685  -37.924 -6.05216  5.08296 -12.4036  3.39336 -12.4036  35.1439 -8.30542  3.39336 -8.30542  4.38907
-42   5  -1 -212.545  27.0863 -6.58929    0.502222 -0.00326764   -0.186495 -0.00326764     11.1605    -71.0974   -0.186495    -71.0974     477.092
-43   5  -1 -217.498  27.0067 -6.58137 0.506942 0.684585 -4.58425 0.684585  10.7905 -67.4426 -4.58425 -67.4426  449.972
-42  -1   0 -211.564 -6.22684  -2.3101   1.08191 -0.357708  -1.28922 -0.357708   1.22846  0.933994  -1.28922  0.933994   5.86367
-44   5  -1 -222.427  27.1778 -6.54595  0.500074 -0.681874   3.60127 -0.681874   14.1809  -76.7145   3.60127  -76.7145   430.854
-36   4  -1 -182.511  22.2866 -6.78005 0.587163 0.239027 -4.38972 0.239027  1.03668 -12.2017 -4.38972 -12.2017  246.155
-33   3  -1 -167.579  17.5346 -6.75565   0.502899 -0.0336313  -0.344191 -0.0336313   0.523292    -1.1472  -0.344191    -1.1472    31.2031
-42  -3   0 -212.431 -18.3301  -3.8302  791.662 -31.5357 -10.5545 -31.5357  2.05146 0.445509 -10.5545 0.445509  1.59255
-34   3  -1 -172.289  17.4827 -6.82004  0.541384 0.0126035 -0.820708 0.0126035  0.497132 -0.991386 -0.820708 -0.991386   47.5249
-38   2  -1  -192.88  12.7338 -6.86863  0.513528 -0.018737  0.278668 -0.018737  0.440976  0.879432  0.278668  0.879432   28.8238
-37   2  -1  -187.96  13.0232 -6.82758  0.584654  0.192721 -0.313906  0.192721  0.657178  0.343025 -0.313906  0.343025   18.1249
-41   1  -1 -207.382  6.58104 -6.27197   0.605528 0.00709247  0.0957625 0.00709247   0.951387   0.827819  0.0957625   0.827819    3.39476
-42   1  -1 -212.404   6.9004 -6.03889  0.650221 0.0349611  0.342166 0.0349611   0.69798  0.187303  0.342166  0.187303    2.0744
-43   1  -1 -217.527  7.16684 -6.41889  0.470757 0.0469176 -0.539118 0.0469176  0.695344  0.145833 -0.539118  0.145833   3.96586
-31   1  -1 -157.744  6.93639 -6.45581  0.685363 -0.177562    3.1157 -0.177562  0.644359  -1.59909    3.1157  -1.59909   40.3632
-34   1  -1 -172.689  7.52553 -6.64054 0.508409 0.172739 -2.02189 0.172739 0.989326 -8.68795 -2.02189 -8.68795  157.366
-46   8  -1 -232.524  40.3131 -5.62341  0.878644   11.8136 -0.273982   11.8136   326.236  -8.17199 -0.273982  -8.17199   24.2905
-32  -9  -1 -162.051 -48.3254 -6.14694    0.527079   0.0278882 -0.00386892   0.0278882    0.511946    0.476297 -0.00386892    0.476297     2.33728
-31  -9  -1 -157.339 -47.5904 -6.70857   0.484805 -0.0187342  -0.415919 -0.0187342   0.512423  -0.575187  -0.415919  -0.575187      30.24
-33  -9  -1 -167.274 -47.8383 -6.30911  0.406978 0.0233112  -0.12645 0.0233112  0.547154  0.531142  -0.12645  0.531142   2.43159
-45   5  -1 -227.377  27.1352 -6.60451 0.566466  1.05042 -5.16344  1.05042  18.3038 -90.5042 -5.16344 -90.5042  461.137
-37   4  -1 -187.614  22.2897 -6.86148 0.544242 0.157391 -5.24781 0.157391 0.862218 -13.6065 -5.24781 -13.6065  443.608
-39   2  -1 -197.386  12.6342 -6.92796   0.542991 -0.0550107   -1.52335 -0.0550107   0.623345     4.1452   -1.52335     4.1452    110.826
-40   2  -1 -202.549  12.5984 -6.93788  0.465203 0.0365591  0.426715 0.0365591  0.491438  0.696052  0.426715  0.696052   28.8562
-32   2  -1 -162.091  12.3878 -6.45229  0.534539 0.0423106 -0.249102 0.0423106   0.66188  0.377578 -0.249102  0.377578   6.18729
-44   1  -1 -222.794  7.93856  -6.1039  0.617299  0.105214  0.346323  0.105214  0.798881 -0.168402  0.346323 -0.168402    3.2193
-44   0  -1 -222.644  4.17954 -6.02557 3.50207 11.0647 1.15915 11.0647 40.7525 4.87342 1.15915 4.87342 4.31061
-42  -5  -1 -212.763  -27.386  -5.9758   482.322  -20.6132   12.9045  -20.6132   1.39964 -0.755531   12.9045 -0.755531   2.74039
-32  -5  -1 -163.163 -25.9282 -6.08105   2.83375   15.3131 -0.612482   15.3131     142.9  -4.51332 -0.612482  -4.51332    2.1055
-34  -8  -1 -170.228 -41.8375 -6.91338   47.5856 -0.755351   -13.327 -0.755351   1.55928   13.7206   -13.327   13.7206   199.843
-31  -8  -1 -157.591 -42.3348 -6.85242 0.501954 0.130091  1.85793 0.130091 0.978608  11.2743  1.85793  11.2743  264.973
-41   0   0 -207.548  3.80608 -4.28148  0.588673 0.0605738  0.041709 0.0605738  0.642824 -0.271093  0.041709 -0.271093   4.98937
-32  -8  -1 -162.096 -42.8203 -6.06362    0.5441 0.0745866 0.0943049 0.0745866   0.77885  0.216262 0.0943049  0.216262   1.74712
-34   5  -1 -172.539  26.8122 -6.29573  0.533767 0.0376245 -0.277457 0.0376245  0.444088   0.57012 -0.277457   0.57012   9.89077
-49  -8  -1 -247.402 -43.0187 -7.02422 0.547557 0.077026 -2.31191 0.077026 0.522793   1.2736 -2.31191   1.2736  443.217
-49  -9  -1 -248.227 -47.3789 -6.96099    0.902 0.257779  8.45516 0.257779  1.03955  16.4138  8.45516  16.4138  522.893
-45  -9  -1  -226.29 -48.1642 -6.99971  0.298036 0.0835796  0.529652 0.0835796  0.614389   8.17441  0.529652   8.17441   251.136
-42  -9  -1  -213.54 -47.7952 -6.38003  117.502 -4.36656 -3.16152 -4.36656 0.631797 0.810698 -3.16152 0.810698  4.90506
-46   5  -1 -232.593  27.5716  -6.6149 0.756888  2.05077 -10.3931  2.05077  17.8938 -86.5455 -10.3931 -86.5455    430.5
-46   7   0 -232.564  38.6074 -1.36079   0.559657     1.2248 -0.0414742     1.2248     38.428  -0.876932 -0.0414742  -0.876932   0.262553
-39   4  -1 -197.404  22.1551 -6.87304  0.503453 0.0169437 -0.814716 0.0169437  0.506767 -0.166324 -0.814716 -0.166324    10.761
-37   2   0 -186.637  13.1377 -4.38989  19.3054  2.23138  103.507  2.23138  2.41766 -8.26699  103.507 -8.26699  953.475
-40   4  -1 -202.556  22.2322 -6.96756   0.480631 -0.0197568  -0.125874 -0.0197568   0.477885  -0.439619  -0.125874  -0.439619    27.2505
-41   4  -1 -207.523  22.3603 -7.00003  0.478546 0.0253081  0.141136 0.0253081  0.439756 -0.308968  0.141136 -0.308968   22.4666
-38   3  -1 -192.576  17.4508 -7.02287   0.495094 -0.0576424    -2.0059 -0.0576424    0.54173    3.52685    -2.0059    3.52685    255.409
-35  -8   0  -178.272  -41.8306 -0.683546   6.15903 -0.264012  0.288785 -0.264012  0.543031 0.0636458  0.288785 0.0636458  0.199122
-41   2  -1 -207.397  12.6501 -6.96819   0.452087 -0.0803846   -1.16473 -0.0803846   0.480616    0.66186   -1.16473    0.66186    37.5063
-42   2  -1 -212.207  12.7807 -7.04435   0.516707 -0.0535085   -2.62592 -0.0535085    1.05016    15.5709   -2.62592    15.5709    393.129
-31  -7   0 -158.457 -36.9787 -2.92012   4.41585   -1.2264  0.269304   -1.2264   1.35179 -0.112359  0.269304 -0.112359  0.633733
-45   1  -1 -227.511  7.48752 -6.13367   0.397605 -0.0292488   0.055037 -0.0292488   0.473641  0.0425398   0.055037  0.0425398    2.68938
-48   1  -1 -242.702  7.14414 -6.75121  0.566597 -0.102133 -0.217553 -0.102133   0.77293  0.773658 -0.217553  0.773658   15.5791
-49   1  -1 -246.802   7.1062 -6.94465    1.07445 -0.0701076   -5.22703 -0.0701076   0.532605    1.27141   -5.22703    1.27141    52.0255
-30   0  -1   -152.591 -0.0177106   -6.84506 0.514097 0.117279 -2.21238 0.117279 0.454072 -6.36675 -2.21238 -6.36675  122.528
-42  -4  -1 -212.593 -22.6959 -5.49419  366.459 -14.1713 -10.3691 -14.1713 0.927914 0.218033 -10.3691 0.218033  3.45284
-37   6  -1 -187.797  32.0354 -6.41451  0.65105  0.20906 -3.74536  0.20906 0.785044 -4.65837 -3.74536 -4.65837  498.254
-48  -4  -1 -241.835 -22.8893   -6.659   1.15612  0.364744 -0.931376  0.364744  0.804109  0.266648 -0.931376  0.266648   3.44344
-47  -6  -1 -236.539  -31.708 -6.73661  0.635346  0.263603  -0.87593  0.263603    1.3239 -0.359551  -0.87593 -0.359551   4.14251
-31  -6  -1 -157.501 -32.4783 -6.43456    2.36981 -0.0566747    1.58307 -0.0566747   0.474475 -0.0485167    1.58307 -0.0485167    3.20414
-47  -7  -1 -238.225 -37.1773 -6.36693   2.07338  0.374625 -0.353162  0.374625   1.48736 -0.253139 -0.353162 -0.253139   2.20056
-31  -7  -1 -157.852 -37.3767 -6.44968   1.18881  -0.20305  0.900158  -0.20305  0.719127 -0.444613  0.900158 -0.444613   3.16198
-43   7   1 -218.791  35.4267  5.15433  198.994 -190.296 -142.359 -190.296  262.888   58.478 -142.359   58.478  379.511
-43  -7  -1 -216.466 -36.5697 -6.64528  110.189 -149.981  35.5005 -149.981  210.279 -57.6121  35.5005 -57.6121  27.9412
-32  -7  -1 -162.174 -38.1622 -6.23684  0.542979  0.104692 -0.150799  0.104692   3.37196 -0.970314 -0.150799 -0.970314   2.64675
-46  -7  -1 -232.759 -38.3014 -7.10917  0.504451 -0.309888   3.35597 -0.309888  0.924217   -5.4049   3.35597   -5.4049   339.286
-40  -4   0 -200.367 -22.5916 -1.82571   19.8624 -0.654612  -2.88441 -0.654612  0.368855  0.693356  -2.88441  0.693356   7.75742
-42  -8  -1 -212.753  -42.325 -5.91319    1.35094  -0.552457   0.182791  -0.552457   0.884418 -0.0396913   0.182791 -0.0396913    2.48958
-43  -8  -1 -217.084 -42.5624 -6.45629     1.05312    -1.24315 -0.00174978    -1.24315     3.19959  -0.0650435 -0.00174978  -0.0650435     1.66593
-45  -8  -1 -228.066 -43.1138  -7.0797  5.61744  -10.635 -37.7678  -10.635  22.2683  77.8576 -37.7678  77.8576  418.251
-35   4  -1 -177.518  22.1549 -6.73837  0.501536 0.0445582   -1.6636 0.0445582   1.47341  -20.9358   -1.6636  -20.9358   429.045
-46  -8  -1 -231.151 -44.2653 -7.09602  20.5412    -42.1 -29.9155    -42.1  90.9498   52.306 -29.9155   52.306  830.249
-47  -3   0  -237.771  -16.3779 -0.932565   0.281304 -0.0125819  0.0216228 -0.0125819   0.802088   0.121002  0.0216228   0.121002   0.148976
-44  -9  -1 -223.357 -47.2741 -7.03529 0.817694 0.479366  8.03252 0.479366  1.22188  17.0376  8.03252  17.0376  437.686
-30  -2   0 -154.408  -13.527 -4.60409    7.33212   0.102585    3.42646   0.102585   0.528145 -0.0362105    3.42646 -0.0362105    15.3768
-46  -9  -1 -233.343  -47.189 -7.06253   0.717091 -0.0969705   0.205717 -0.0969705   0.378492  -0.500869   0.205717  -0.500869    352.157
-47  -9  -1 -238.147 -48.6017 -7.11252  1.42949 -1.31759 -14.4871 -1.31759  2.16327  16.1924 -14.4871  16.1924  415.083
-48  -9  -1  -243.33 -46.6766 -7.00687  1.19625 0.735466  5.58321 0.735466  1.24554 -4.45581  5.58321 -4.45581  332.498
-32   6   0   -163.892    31.8222 -0.0251677    1.70784 -0.0323323    0.15812 -0.0323323   0.804046  0.0391592    0.15812  0.0391592   0.243299
-42   4  -1 -212.443  22.4227 -7.04935  0.499114 0.0229776 -0.982213 0.0229776  0.501501  -1.17368 -0.982213  -1.17368   39.7743
-43   4  -1 -217.414  22.4695 -7.11219 0.559608  0.15328 -3.53023  0.15328  1.13252 -12.3556 -3.53023 -12.3556  223.977
-38   4  -1 -192.424  22.4098  -6.8979  0.497911 0.0865796  -2.29635 0.0865796   1.41539  -20.4761  -2.29635  -20.4761   430.923
-44   4  -1 -222.497  22.4515 -7.13425  0.484014 0.0733258 -0.657805 0.0733258   0.97456  -8.88378 -0.657805  -8.88378   161.111
-39   3  -1 -197.462  17.4372 -7.06283   0.501485 -0.0402577    -2.6903 -0.0402577   0.536216    3.83711    -2.6903    3.83711    268.475
-40   3  -1 -202.534   17.634 -7.09586  0.490768 0.0229457  0.057764 0.0229457  0.531291   1.71121  0.057764   1.71121   73.6619
-41   3  -1 -207.462  17.6602 -7.12939   0.496635 0.00958024  -0.785177 0.00958024   0.545391    2.39779  -0.785177    2.39779    81.5734
-42   3  -1 -212.572  17.5605 -7.10607   0.494685 0.00192941  -0.317019 0.00192941   0.577381   0.919712  -0.317019   0.919712     17.398
-43   2  -1 -218.059  12.9068 -7.07432    0.48066 -0.0658299  -0.548667 -0.0658299   0.416842    1.55984  -0.548667    1.55984    49.3384
-44   2  -1 -222.647  12.3176 -6.90972   0.483466 -0.0351097   0.236684 -0.0351097   0.514526   0.802287   0.236684   0.802287     4.2954
-35   3  -1  -177.51  17.5928 -6.89604  0.514659 0.0442385  -1.13425 0.0442385  0.592444 -0.671702  -1.13425 -0.671702   148.813
-37  -3  -1  -186.69  -18.978 -6.12083    2.245  16.4032 -1.22172  16.4032  235.111 -9.53652 -1.22172 -9.53652  1.79861
-47  -5  -1 -237.895 -26.6765 -7.16055 0.760104 0.415822  5.95787 0.415822 0.590038   6.8028  5.95787   6.8028  234.412
-31  -5  -1  -157.39   -27.58 -6.41797    2.52983  0.0323727     1.5441  0.0323727   0.503405 -0.0604262     1.5441 -0.0604262    2.88324
-48  -5  -1 -242.649 -27.3756 -6.80401    0.45513 -0.0514124  -0.324784 -0.0514124    0.69071  0.0993834  -0.324784  0.0993834    3.41489
-42  -7  -1 -212.874 -35.9484 -6.43611   16.7638   7.78151  0.852015   7.78151   4.61807 -0.441652  0.852015 -0.441652   5.59852
-49  -5  -1 -247.901 -26.8735 -7.22189   0.717044 -0.0960363   -3.89661 -0.0960363   0.582249    2.15187   -3.89661    2.15187    532.255
-34   5   0 -172.464  25.7732 -1.41959   0.583865 -0.0118939   0.105959 -0.0118939     1.5968 -0.0581851   0.105959 -0.0581851   0.262024
-33  -2   0 -167.007 -12.4678 -1.13084 0.592135 0.424574  0.11296 0.424574  1.61926 0.218701  0.11296 0.218701 0.255729
-46  -6  -1 -232.497 -32.1642 -6.88112  0.96356 0.775631  1.97946 0.775631  1.29385  1.40976  1.97946  1.40976  8.29148
-45  -6  -1  -228.07  -33.158 -6.63995   0.933654 -0.0752034  -0.154781 -0.0752034    1.54727    1.31873  -0.154781    1.31873    3.21532
-44  -6  -1 -223.915 -32.4503 -7.20545  5.99196 -7.26509 -3.59101 -7.26509  10.0154  14.2678 -3.59101  14.2678  371.578
-48  -6  -1 -243.351 -32.0716 -7.20512   0.505296 -0.0870105   -1.27001 -0.0870105   0.751651   -1.73651   -1.27001   -1.73651    471.179
-33  -8  -1 -167.379 -42.7695 -6.19145   0.345354 -0.0349959 -0.0606594 -0.0349959   0.792027  0.0760305 -0.0606594  0.0760305    1.59472
-49  -6  -1 -247.658 -32.4195 -7.17239   0.530243 -0.0203966    4.40907 -0.0203966   0.638969    5.11503    4.40907    5.11503    448.834
-48  -7  -1 -242.549 -36.8876 -7.03887 0.473708 0.315287  5.58277 0.315287  1.25295  13.7912  5.58277  13.7912  336.359
-49  -7  -1  -246.75 -37.7519 -7.05236 0.704833 0.258297  1.12425 0.258297 0.867556  2.18066  1.12425  2.18066   42.687
-33  -7  -1 -167.163 -38.3084 -6.44444  0.689193 -0.476574  0.222124 -0.476574   3.54182  -2.33755  0.222124  -2.33755    4.5339
-30  -9  -1 -152.523  -47.606 -6.84689  0.43115 0.105046 0.296465 0.105046 0.521652 0.370762 0.296465 0.370762  9.56939
-38   8   0  -193.963   40.8987 -0.615778    1.43446   0.208133 -0.0665717   0.208133    3.17652  0.0398298 -0.0665717  0.0398298   0.199367
-41  -8  -1 -207.844 -41.2983 -6.08211  0.458605 -0.806661  -0.13141 -0.806661   9.38913   1.44268  -0.13141   1.44268   2.03265
-47   5  -1 -237.528  27.4227 -6.69708   0.486527 -0.0932195   0.261032 -0.0932195   0.637066   -1.08578   0.261032   -1.08578    8.09254
-45   4  -1 -227.653  22.4143 -7.11386   0.481372 -0.0224929   0.606321 -0.0224929   0.634018   -1.37784   0.606321   -1.37784    12.7368
-43   3  -1 -217.589  17.5058 -7.13487   0.475721 -0.0136046  -0.196302 -0.0136046   0.580887   0.880389  -0.196302   0.880389    16.5079
-44   3  -1  -222.43  17.5484 -7.17913   0.494158 0.00218229  -0.524072 0.00218229   0.552269   0.777147  -0.524072   0.777147    19.4973
-35   2  -1 -177.276  12.4366 -6.64601    0.434535 -0.00178892  -0.0677332 -0.00178892    0.561253    0.426905  -0.0677332    0.426905     7.20019
-49   2  -1 -247.423  12.3103 -7.17111   0.478648 -0.0405636   -1.54649 -0.0405636    1.73895    23.2395   -1.54649    23.2395    425.638
-40   1  -1   -202.2  6.63895 -6.03038   0.61072 0.0237755 -0.130298 0.0237755  0.794417  0.393232 -0.130298  0.393232   2.42364
-48   2  -1 -242.745  12.4844 -7.00006  0.543845 0.0555759 -0.105415 0.0555759  0.404902 -0.222693 -0.105415 -0.222693   9.02528
-46   2  -1 -232.639  12.2524 -7.00096 0.506172 0.026419 0.155832 0.026419 0.489034 0.857797 0.155832 0.857797  10.2087
-47   2  -1 -236.914  12.1425 -6.83159   0.629785 -0.0303528  -0.605038 -0.0303528   0.380233   0.395538  -0.605038   0.395538    5.51666
-45   2  -1 -227.588  12.1214 -7.03596    0.49517  0.0134149 -0.0653326  0.0134149   0.585919    1.54901 -0.0653326    1.54901    13.6472
-39  -5   0 -196.842 -28.3324 -1.46152   2.62807 -0.642131  -13.9483 -0.642131   1.68377   8.88503  -13.9483   8.88503   105.138
-38   1  -1 -192.347  8.27411 -6.56109  0.572977 0.0770338 -0.806405 0.0770338   1.18539  0.851172 -0.806405  0.851172   6.06585
-49   0  -1 -246.664  0.82827 -6.95499   1.00487  0.022191  -1.95554  0.022191  0.146706 -0.166687  -1.95554 -0.166687   19.0177
-36   4   0  -182.139   23.5126 -0.876927  0.663969  0.139115 0.0065228  0.139115   1.37973   0.10119 0.0065228   0.10119  0.294871
-30  -1  -1 -152.818 -7.66494 -6.71909   0.647708 -0.0156475   0.670319 -0.0156475   0.613903    0.28114   0.670319    0.28114    2.57967
-49  -1  -1 -247.317 -7.29072 -7.12995   1.13574 -0.129593  -4.40215 -0.129593   0.51389 0.0455916  -4.40215 0.0455916   45.1971
-42  -3  -1 -212.468  -18.947 -6.34803  1059.62 -37.3312   5.7955 -37.3312  3.58044 0.925756   5.7955 0.925756  2.58674
-36  -8   0 -182.819 -43.4189  2.54695   2.5768 -2.26775 -5.99128 -2.26775  5.47254  6.80208 -5.99128  6.80208  21.2842
-48  -3  -1 -242.272 -17.6097 -6.82981  0.577996  0.222028 -0.963041  0.222028  0.715382  -1.17001 -0.963041  -1.17001   4.90977
-31  -4  -1 -157.385 -22.4678 -6.34052    3.66708  -0.183636     1.6021  -0.183636   0.487541 -0.0536026     1.6021 -0.0536026    2.60745
-49  -4  -1 -247.655 -22.1274 -7.06749  0.854273 0.0702988  -2.12861 0.0702988  0.600672 -0.275462  -2.12861 -0.275462   11.4684
-41   7   0 -207.542  39.1306 -0.12294  0.270689  0.116178  0.136771  0.116178   5.05996 -0.620014  0.136771 -0.620014  0.774876
-45   7   0 -227.309  38.3837 -1.09695   0.578799   0.511023 -0.0133403   0.511023    7.80909  -0.107876 -0.0133403  -0.107876   0.213033
-30  -6  -1 -152.679 -32.5307 -7.19445  1.60447 0.463445  22.1691 0.463445 0.636007  8.65722  22.1691  8.65722  413.599
-35  -7  -1 -178.078 -38.2394 -6.35494   0.736989  -0.498293   0.245037  -0.498293    1.45039 -0.0772178   0.245037 -0.0772178     2.1837
-30  -8  -1 -152.356 -42.4111 -6.87789   0.389703 -0.0532783 -0.0528898 -0.0532783   0.582768   0.775799 -0.0528898   0.775799    7.19556
-35  -9  -1 -178.576 -47.5748 -6.16068  431.295 -14.8798 -2.23203 -14.8798  0.95315  0.21406 -2.23203  0.21406  2.95932
-46   4  -1 -232.176  22.5838 -7.03721    0.584927 -0.00157698   -0.890181 -0.00157698    0.615638    -1.17288   -0.890181    -1.17288      7.3811
-33   7   0 -167.244  35.7453 -1.21212   1.36841  0.112081 -0.646719  0.112081   5.36466 -0.393894 -0.646719 -0.393894   0.76236
-45   3  -1 -227.501  17.4692 -7.23648   0.453662 0.00604576  0.0841746 0.00604576   0.495192   0.489415  0.0841746   0.489415    28.2433
-46  -3   1 -233.162 -15.7737  6.31835  2.68654 -1.20344  1.48973 -1.20344  3.99143 -1.67618  1.48973 -1.67618  2.48431
-43  -5  -1 -219.444 -28.4044 -6.13242      129 -28.9424 -89.6009 -28.9424  8.33174  20.9283 -89.6009  20.9283  76.9892
-46   3  -1 -232.567  17.4974 -7.27889  0.456703 0.0254683  0.440392 0.0254683  0.500393  0.854281  0.440392  0.854281   31.4991
-47  -3   1 -238.254 -16.2003  6.52782   0.568152  -0.236151 -0.0702567  -0.236151     2.1055    -1.0313 -0.0702567    -1.0313    1.79808
-47   3  -1 -237.374  17.5008  -7.2179    0.513748 -0.00711714   -0.431957 -0.00711714    0.603014     1.05299   -0.431957     1.05299     8.49751
-48  -3   1 -240.596 -16.5078  5.55342   9.5357  4.24406 -5.41225  4.24406  3.62023 -2.41978 -5.41225 -2.41978  6.46535
-47  -6   0 -236.867 -32.4637 -1.67161   0.568234  -0.381196 -0.0859701  -0.381196    0.79421  0.0367716 -0.0859701  0.0367716   0.241147
-35   6  -1  -177.78   32.532 -6.31271    0.62585 -0.0276962  -0.512214 -0.0276962   0.465377    1.13998  -0.512214    1.13998    458.353
-48   3  -1 -242.654  17.6156 -7.30923    0.472047 -0.00401871    0.225717 -0.00401871    0.521606    0.751369    0.225717    0.751369     14.2167
-37   1  -1 -188.043  7.09068 -6.29149   0.476604 -0.0900198    0.29191 -0.0900198    0.64885   0.347311    0.29191   0.347311    2.18883
-43   9   0  -216.423   48.4453 -0.589268   0.828906    4.77492 0.00799951    4.77492    145.706   -3.64539 0.00799951   -3.64539   0.268176
-48   0  -1 -243.205  1.36656 -6.53278   1.04875 0.0344893  -1.07423 0.0344893  0.147072 -0.134792  -1.07423 -0.134792   3.99137
-30  -2  -1 -152.903 -13.0006 -6.70023   0.752778 -0.0398133   0.874453 -0.0398133   0.484099  0.0991485   0.874453  0.0991485    2.51987
-49  -2  -1 -247.539 -12.4841 -7.15556   2.08983 0.0863461  -10.7397 0.0863461  0.525546  -1.43123  -10.7397  -1.43123   91.2486
-49  -3  -1 -247.715 -17.6371  -7.1826   2.04594 -0.301713  -11.6724 -0.301713  0.557426   2.10379  -11.6724   2.10379   112.145
-31  -3  -1 -157.143 -17.4519 -6.43115   2.68854 -0.138939   1.10451 -0.138939  0.462499 -0.042364   1.10451 -0.042364   2.18623
-30  -3  -1 -152.546 -17.4044 -7.15578   0.552311 -0.0289362   0.773579 -0.0289362   0.503546  -0.632691   0.773579  -0.632691    6.96174
-32  -4  -1 -163.362 -21.0306 -6.46207   2.40537 -0.912515   1.27055 -0.912515   3.53549  -1.01431   1.27055  -1.01431   2.19674
-47  -4  -1 -236.998  -23.692 -7.28907  1.4989 1.07938 23.2738 1.07938 2.28721 28.6161 23.2738 28.6161 615.048
-40  -9   1 -201.284 -45.6957  6.51203   2.65634 -0.578396  0.138393 -0.578396   1.10512  0.587252  0.138393  0.587252   3.88914
-33   2   0 -167.658  12.7941 -4.23664  0.979948  0.715856 0.0467613  0.715856   1.65645  0.168631 0.0467613  0.168631    12.252
-40   9  -1 -202.522  48.0203 -5.66733   0.460311 -0.0419965 -0.0949166 -0.0419965    4.61469   0.279048 -0.0949166   0.279048    7.93817
-46   6  -1 -232.741  30.7358 -6.02705   0.419016 -0.0122797   0.293894 -0.0122797    5.17161   -33.5122   0.293894   -33.5122    416.029
-36   2  -1  -182.25  12.5651 -6.67802  0.511679 0.0100568 -0.666669 0.0100568  0.528269  0.227594 -0.666669  0.227594   9.89855
-30  -4  -1 -152.335 -22.2832 -7.27299    1.66094 -0.0455264    22.7023 -0.0455264   0.462038   -1.07377    22.7023   -1.07377    457.571
-35   2   0 -176.952  12.5173 -4.34264  0.340306  0.124945  0.346888  0.124945   1.15698 -0.428889  0.346888 -0.428889   14.4829
-35   1  -1   -177.2  7.76851 -6.66391 0.621375 0.263888 -3.39947 0.263888  1.01897 -7.08601 -3.39947 -7.08601  101.694
-30  -5  -1 -152.626  -27.731 -7.25006   1.87427 0.0984829   24.9762 0.0984829  0.573107    3.0659   24.9762    3.0659   457.712
-42  -9   0  -213.498  -47.6536 -0.409425    108.848   -4.14258  -0.475643   -4.14258   0.575708 -0.0429275  -0.475643 -0.0429275   0.123155
-36   1  -1 -182.268  7.32433 -6.82544 0.616168 0.142228 -1.68933 0.142228  2.43357 -17.4085 -1.68933 -17.4085   155.63
-30  -7  -1 -152.403 -37.5375 -7.11717 0.835605 0.216759  8.79226 0.216759 0.526765  4.53498  8.79226  4.53498  194.932
-35  -8  -1   -178.4 -42.2779 -6.22791   518.594  -14.7634  -3.05466  -14.7634  0.940018 0.0636361  -3.05466 0.0636361   2.48866
-48   5  -1 -242.481  27.5786 -6.93707  1.33396  4.37018 -16.0042  4.37018  22.4629 -81.6218 -16.0042 -81.6218  303.601
-34  -7  -1 -172.367 -37.6116 -6.28697  0.70149  1.36107 -0.46285  1.36107  12.0005 -1.92919 -0.46285 -1.92919  3.41069
-49   5  -1 -247.282  27.7839 -7.01389 0.541946 0.786759 -2.46264 0.786759  20.6447 -67.4234 -2.46264 -67.4234  226.536
-39  -8   0 -197.863 -41.7247  3.05798    0.642554     1.18017 -0.00792189     1.18017     7.92365    0.195094 -0.00792189    0.195094    0.898788
-46   6   0   -231.45   31.7497 0.0457674   0.741838  -0.181701 -0.0221032  -0.181701    0.69969 -0.0576973 -0.0221032 -0.0576973   0.201873
-44   6   0 -221.459  32.9063 -1.63986  0.551525 -0.271981 0.0579342 -0.271981  0.850654 -0.225319 0.0579342 -0.225319  0.324272
-47   4  -1 -237.536  22.5466 -7.36314 0.601838 0.236943 -2.88733 0.236943 0.639119 -4.22838 -2.88733 -4.22838  88.0922
-49   3  -1 -247.523  17.1947 -7.31907   0.479677 -0.0568054  -0.075683 -0.0568054   0.577655   0.863141  -0.075683   0.863141    20.6242
-47  -1   1 -238.815 -6.49789  5.19064 112.061  36.332 90.0754  36.332 13.7025  11.805 90.0754  11.805 266.254
-30  -8   0 -154.811 -44.7944 -4.91827  188.876 -114.371  31.9839 -114.371  246.243 -147.665  31.9839 -147.665  877.344
-47   1  -1 -236.998  8.35417 -6.13025  0.675374 -0.154787 -0.701474 -0.154787   1.04349  0.944676 -0.701474  0.944676     4.982
-39   1  -1 -198.119  6.77735   -6.591   0.809502 -0.0771127    1.09371 -0.0771127   0.566738   0.317186    1.09371   0.317186    5.74902
-48   4  -1 -242.225  22.4247 -7.51139   0.585958 -0.0787629   -7.44885 -0.0787629   0.518934    4.60378   -7.44885    4.60378     436.08
-47   0   1 -239.331 -3.99843   5.2733   9.26913 -0.767094   2.28982 -0.767094   2.02668 -0.494611   2.28982 -0.494611   29.9111
-49   4  -1 -247.807  22.5267 -7.36331  0.677208 0.0476202   1.54598 0.0476202   0.64857  0.401725   1.54598  0.401725    13.431
-48   6   0 -242.497  31.5295  1.39272   0.416054 -0.0612977  -0.043924 -0.0612977   0.619902  0.0267141  -0.043924  0.0267141   0.244233
-30   2   0 -153.316  12.1257 -4.69711   0.475314 -0.0112297  -0.603734 -0.0112297    2.01699   -5.14561  -0.603734   -5.14561    25.7073
-46   1  -1 -232.308  8.03039 -6.04082   0.483004 -0.0179993  0.0675429 -0.0179993   0.742704 -0.0382149  0.0675429 -0.0382149    3.05013
-30   6   0 -154.702  32.2467  -3.4932  51.3465 -11.4372  9.39733 -11.4372  6.18442 -2.80297  9.39733 -2.80297  3.12976
-31   0  -1 -157.854 0.744634 -6.89231    0.469034 -0.00915336    0.659703 -0.00915336    0.228504   -0.842251    0.659703   -0.842251     8.79033
-32   0  -1 -162.191 0.650071 -6.70462   0.444812 -0.0618274 -0.0738169 -0.0618274   0.302215  -0.509696 -0.0738169  -0.509696    2.99579
-48  -1  -1 -243.577 -6.79887 -6.65467  0.796651  0.236167 -0.354685  0.236167  0.566081  0.376637 -0.354685  0.376637   4.04614
-32  -1  -1 -163.129 -8.02041  -6.3607   1.1328 0.197534 0.691648 0.197534  1.02449 0.784203 0.691648 0.784203  2.27183
-39   9   0 -197.538  47.7376 -1.15592     1.3246    5.26647 -0.0949987    5.26647    159.696   -3.66534 -0.0949987   -3.66534   0.244848
-48  -2  -1 -242.535 -12.0944 -6.26236    0.78814 0.00105544   -1.07093 0.00105544   0.504366 -0.0279931   -1.07093 -0.0279931    3.76502
-44  -2  -1 -222.748 -13.7935 -6.19065   0.439435    6.89118 -0.0179518    6.89118    195.295   -1.02006 -0.0179518   -1.02006   0.873353
-33   6   0 -167.255  31.6872 -1.19024    0.613006   -0.192479 -0.00816725   -0.192479    0.995099   0.0610243 -0.00816725   0.0610243    0.255543
-32  -3  -1 -163.564 -16.2896 -5.94562  5.90753 0.572676  1.26261 0.572676 0.675459 0.136748  1.26261 0.136748  2.33326
-34  -3  -1 -173.134 -16.1836  -6.5812   5.79648 -0.350533  -1.28856 -0.350533  0.811766 -0.199553  -1.28856 -0.199553   1.73189
-47  -2   1 -237.176 -13.0974  6.88937  0.768924 0.0333105  0.177663 0.0333105   1.18732  0.585347  0.177663  0.585347   1.12726
-36  -3  -1 -181.937 -19.0636 -6.14752  0.563837 0.0463363  0.238099 0.0463363   4.97138   1.00734  0.238099   1.00734   1.90958
-36   9  -1 -183.552  48.3381 -6.30026  1.25077  -1.0655  15.1827  -1.0655  2.52305 -30.9767  15.1827 -30.9767  612.996
-37   3  -1 -187.556  17.7425 -6.98812    0.51858 -0.0430529   -3.67043 -0.0430529   0.559663    2.46062   -3.67043    2.46062    481.535
-35  -3  -1 -177.844 -19.2015 -6.30934  0.671401 0.0721152  0.171678 0.0721152   5.32664   1.38589  0.171678   1.38589   2.00048
-45  -5  -1 -227.679 -28.3881  -7.3401  0.405127 -0.131297  -2.64202 -0.131297  0.623767   3.80571  -2.64202   3.80571   63.9343
-31  -1  -1 -157.577 -7.77401 -7.15659  0.638497 -0.118462 -0.306309 -0.118462   0.63024  0.715673 -0.306309  0.715673   5.38402
-33  -1  -1 -166.457  -7.7752  -6.8688  0.892587 0.0152397 -0.766517 0.0152397     0.753  0.415942 -0.766517  0.415942   2.21986
-46   5   0  -232.204   27.2496 -0.712824   0.551349 0.00594551  0.0659689 0.00594551   0.413194  0.0283452  0.0659689  0.0283452   0.290085
-33  -2  -1 -166.668 -12.7629 -6.25071  0.494892  0.320573 -0.047714  0.320573   1.85092  0.228044 -0.047714  0.228044   1.66952
-32  -2  -1 -162.585 -13.0122  -6.1959    0.353639  0.00101259    0.077296  0.00101259    0.414866 -0.00422137    0.077296 -0.00422137     1.48334
-47   0   0  -238.275 -0.111099  -2.29285  0.642157 0.0502575 0.0406954 0.0502575  0.144064 0.0876142 0.0406954 0.0876142  0.267801
-48  -8  -1 -242.441  -41.932 -6.38862  1.97142 -1.02623 -1.12562 -1.02623  1.61167 0.281553 -1.12562 0.281553  2.99336
-31  -2  -1 -157.781   -13.07 -6.44102  0.724086 0.0944788 0.0816638 0.0944788  0.561026  0.457668 0.0816638  0.457668   1.96203
-36  -2  -1 -180.092 -14.0758 -6.19792  676.168 -13.6555  7.33298 -13.6555   15.075 -0.53524  7.33298 -0.53524  1.22268
-38  -3   0 -192.734 -18.6489 -3.16617  1.09444   16.165 -3.18255   16.165  477.885 -10.0458 -3.18255 -10.0458  118.859
-34  -2  -1 -171.212 -13.4544 -6.23854  8.85158 -8.62855 -1.64857 -8.62855  9.96638  1.76184 -1.64857  1.76184  1.54158
-33   0  -1 -167.104  1.27052 -6.81818  0.981853 0.0597128 -0.402606 0.0597128  0.277196 -0.613351 -0.402606 -0.613351   3.40616
-34  -1  -1 -171.767 -7.14958 -7.82032    1.6928 -0.706027  -24.9478 -0.706027   1.16083   15.1158  -24.9478   15.1158   542.733
-31   6   0 -156.928  31.4495 -2.55748   0.950866  0.0774085  0.0625807  0.0774085    1.45752 -0.0294055  0.0625807 -0.0294055   0.572018
-45   2   0 -225.556  10.2996 -4.50887  9.32551 -1.05383 -5.62378 -1.05383  20.2713 -1.63485 -5.62378 -1.63485   18.892
-35  -2  -1 -179.437 -11.7697 -6.56325   4.13661 -0.782111  0.976387 -0.782111  0.869571  -0.21299  0.976387  -0.21299   1.64499
-46  -4  -1  -233.16 -22.1937 -7.42057  0.862177  0.170851  0.774993  0.170851  0.368597 -0.116683  0.774993 -0.116683   14.9639
-45  -4  -1 -227.975 -23.1657 -7.77148  4.91997 -6.25143   21.338 -6.25143  8.35488 -27.4546   21.338 -27.4546  143.577
-46  -5  -1 -232.606 -29.1966 -7.26197  1.16084 0.396747  16.5389 0.396747  5.72817  27.3517  16.5389  27.3517  452.366
-48  -6   0  -241.86   -31.55 -1.92748   1.25561   0.40553  0.145474   0.40553   0.55612 -0.103528  0.145474 -0.103528  0.567903
-34   0  -1 -172.584  1.43891 -6.26535   0.605125  0.0545962   0.082936  0.0545962   0.517642 -0.0948751   0.082936 -0.0948751    2.00992
-35   0  -1  -177.82 0.242306 -6.38524  0.549952 0.0273576 0.0730984 0.0273576  0.349646  0.138876 0.0730984  0.138876   1.74166
-35  -1  -1 -178.419 -7.37392 -6.54942   4.05806 -0.883286   1.10898 -0.883286  0.682489 -0.209048   1.10898 -0.209048   1.48747
-47  -3  -1 -237.787 -16.1293 -6.40459  0.423373 -0.299125  0.159596 -0.299125  0.953809 -0.704418  0.159596 -0.704418     2.242
-34  -9   0 -171.701 -48.5602 -2.08003    0.4701 0.0252148 -0.215717 0.0252148   1.80775  0.729635 -0.215717  0.729635   2.42257
-38  -2  -1 -192.219  -10.413 -8.16925 2.57395 6.96241 29.0593 6.96241 29.7079 92.9389 29.0593 92.9389 794.555
-45  -2  -1  -226.84  -12.628 -6.96543  27.4306  51.1451 -3.83931  51.1451  101.196 -7.80719 -3.83931 -7.80719  2.52741
-34  -9  -1 -171.261 -47.5552  -6.1603 0.895037 0.711946 0.690034 0.711946  1.03254 0.799776 0.690034 0.799776  4.47234
-36   0  -1  -182.046 -0.294162  -6.70246  0.772933 -0.142216 -0.267696 -0.142216  0.204191 0.0522002 -0.267696 0.0522002   1.64357
-38   6  -1 -192.235  32.2416 -6.43017 0.545105 0.292264 -1.94882 0.292264 0.620487 -3.13117 -1.94882 -3.13117  286.682
-42  -6  -1 -212.972 -32.9622   -5.871   617.785  -20.2565   7.94172  -20.2565   1.28386 -0.228232   7.94172 -0.228232   3.02694
-47  -1  -1 -239.084 -8.18681 -6.26227   1.74869 -0.773563  -0.73928 -0.773563   1.13456  0.482209  -0.73928  0.482209   1.85022
-30   7  -1 -152.951  37.4345 -6.35455   1.40963 0.0937193   20.6667 0.0937193   0.54393   2.22497   20.6667   2.22497   533.085
-36  -1  -1 -184.377 -6.54377 -6.93671   50.5623   -11.455 -0.741584   -11.455   3.67574 0.0685226 -0.741584 0.0685226   1.08422
-47   8   0 -235.846  40.5905 -1.82414   4.17822   3.89786 -0.122321   3.89786   16.7018 -0.286402 -0.122321 -0.286402  0.308081
-37  -2  -1 -186.726 -11.4541 -7.87612  0.909733  0.485777 -0.156165  0.485777   2.08483  0.875664 -0.156165  0.875664   2.33741
-44   7   0   -223.42   37.8956 -0.783252   0.888412   0.644486 -0.0453914   0.644486    1.19029  0.0556385 -0.0453914  0.0556385   0.194815
-37   0  -1  -187.417 -0.600569   -6.7435    0.59155  -0.125694  0.0492863  -0.125694   0.175111 -0.0549414  0.0492863 -0.0549414   0.718387
-40  -1  -1 -201.478 -5.74639 -8.29438 0.909389  2.23417  6.47616  2.23417  16.1331  42.4839  6.47616  42.4839  156.677
-37  -1  -1 -187.408  -6.1464 -7.07781  0.732731  0.356193 -0.407607  0.356193   1.12161 -0.722004 -0.407607 -0.722004   1.27249
-38   0  -1  -192.32 -1.86247 -6.58033   0.525147 0.00349347  0.0617735 0.00349347   0.159996 -0.0568352  0.0617735 -0.0568352    0.94467
-39   5   0 -199.224   26.236 -2.49409   3.62408 -0.393752  0.414927 -0.393752     1.498 -0.127471  0.414927 -0.127471  0.530894
-31   7  -1  -157.86   37.374 -6.22904  0.523914 -0.159765   1.46441 -0.159765  0.578644  -1.56661   1.46441  -1.56661   18.3604
-38  -1  -1 -192.498 -6.79956 -8.30151   0.592133 -0.0902938  -0.749424 -0.0902938     0.5188  -0.196883  -0.749424  -0.196883    11.4465
-46  -3  -1 -232.669 -16.5112 -6.62923   2.59324  0.768666 -0.310436  0.768666   1.89537  -1.39159 -0.310436  -1.39159   2.28067
-39   0  -1   -197.47 -0.285304  -6.67923   0.512418  0.0375344  -0.117287  0.0375344   0.105466 -0.0780142  -0.117287 -0.0780142    1.01482
-36   3  -1 -182.482  17.7731 -6.94094  0.492297 0.0142372  -3.11566 0.0142372  0.584843 -0.172572  -3.11566 -0.172572   273.211
-47  -2  -1 -237.995 -14.0519  -6.8735  1.50921 0.185377   1.1125 0.185377  1.14612  1.26294   1.1125  1.26294  2.72758
-45  -3  -1 -229.124 -16.7655 -7.85204   9.67884   4.10445 0.0274017   4.10445   2.44803 -0.156617 0.0274017 -0.156617   2.44355
-48  -2   0 -241.752 -11.7831 -1.79515   0.945455   0.246991 -0.0981824   0.246991    0.44151  0.0403942 -0.0981824  0.0403942   0.205136
-43  -4  -1 -217.446 -22.6202 -7.16754  8.82162  5.78842 -1.85722  5.78842  4.29119 -0.84414 -1.85722 -0.84414  1.81729
-34   2  -1 -172.696  12.5514 -6.54162   0.551273 -0.0362706   0.351895 -0.0362706   0.581969   0.405307   0.351895   0.405307    5.68248
-40   0  -1 -202.311  1.25551 -6.48191  0.471301 0.0213924 0.0666896 0.0213924  0.139591  -0.19081 0.0666896  -0.19081   1.55001
-41   0  -1 -207.346  2.22785  -6.2651  0.512781 0.0148496 0.0500621 0.0148496  0.231509 -0.270991 0.0500621 -0.270991    2.1935
-47   0  -1 -237.748  1.14259 -6.16306   0.673443  -0.132477   0.110565  -0.132477   0.129376 -0.0477396   0.110565 -0.0477396    1.57067
-49  -5   0 -246.421 -26.3178 -1.15664    1.80953   0.315432   -0.31317   0.315432    1.01582 -0.0144423   -0.31317 -0.0144423    0.43625
-39  -1  -1 -197.267 -6.64636 -8.32317 0.619974 0.318329  1.57988 0.318329  1.06261  2.49789  1.57988  2.49789  28.3897
-46   0  -1 -232.042 0.196903 -6.47769    1.55801  -0.124143   0.356936  -0.124143   0.121882 -0.0886927   0.356936 -0.0886927    1.40503
-42   0  -1 -212.271  2.29819  -6.2701   0.50652  0.032652 0.0662434  0.032652  0.481293 -0.105301 0.0662434 -0.105301   2.78105
-46  -2  -1 -233.819 -11.3321 -6.43658   2.22509  0.764815 -0.108821  0.764815   0.89057  0.127066 -0.108821  0.127066   1.25193
-43   0  -1 -217.807  3.12395 -6.13821 0.727764 0.685261 0.453149 0.685261  2.08075 0.921293 0.453149 0.921293  3.67256
-45   0  -1 -225.603  4.77829 -5.96938  6.03804 -2.43483 0.980056 -2.43483  2.57235 -1.36189 0.980056 -1.36189  2.73023
-46  -1  -1 -233.415 -7.46592 -6.61719    29.358  -6.74745   1.17317  -6.74745   2.06062 -0.281799   1.17317 -0.281799   1.01485
-44  -3  -1 -222.363 -17.3336 -6.79637  2.07288  0.92118 -0.24742  0.92118  1.63029 -0.35704 -0.24742 -0.35704 0.733407
