-43 -27   2 -216.886 -139.509  13.1228  320.037 -19.3838  311.009 -19.3838  321.104  -691.45  311.009  -691.45  1782.08
-43 -29   2 -217.046 -149.067  12.6663  0.494852 -0.386872 0.0177359 -0.386872   1.43249   0.59997 0.0177359   0.59997   1.43801
-37 -29   2 -185.521 -149.204  12.0976  8.82774 -5.20834 0.630809 -5.20834  8.56197 -1.38283 0.630809 -1.38283 0.875219
-32 -28   2 -162.595 -143.695  10.2746    12298 -7356.29   3516.8 -7356.29  4449.16 -2188.79   3516.8 -2188.79  1493.62
-41 -27   2 -207.926 -139.398  10.4526  4.22098   14.351 -20.5734   14.351  89.6328 -114.048 -20.5734 -114.048  154.179
-41 -28   2 -208.631 -142.022  10.8513   9.61606  -2.15277  -3.10785  -2.15277   2.32951 -0.259628  -3.10785 -0.259628   2.89792
-34 -29   2 -172.908 -146.863    11.46   3.97947 -0.369943 -0.359842 -0.369943   2.91266 0.0541073 -0.359842 0.0541073   1.06381
-36 -29   2 -183.415 -149.209  11.0022   1.03707 -0.307371 -0.166725 -0.307371   2.53968 -0.442683 -0.166725 -0.442683   1.46491
-42 -27   1 -210.719 -139.249  8.67218  1.74852 -2.27645  1.82336 -2.27645   10.311 -4.94671  1.82336 -4.94671    5.895
-31 -28   1 -159.469  -144.19  6.36589 6.76278 3.85085 5.01627 3.85085 6.01095 6.10011 5.01627 6.10011 10.9615
-32 -29   1  -162.57 -145.846  7.47377   0.453292  -0.174887 -0.0166033  -0.174887    1.68543   0.272701 -0.0166033   0.272701    1.08227
-46 -27   1 -230.473 -139.544  6.33341  17.7888 -1.17381  -2.1928 -1.17381  15.7331 0.775782  -2.1928 0.775782  1.81131
-39 -13   1 -197.489 -68.3182  6.90887   2.35812 0.0972769    1.3931 0.0972769    2.4487  -0.11245    1.3931  -0.11245   1.47874
-46 -29   1  -231.32 -145.531  5.77666  18.4821 -4.63342 -2.63013 -4.63342  3.25843  1.46455 -2.63013  1.46455  7.00984
-39 -14   1 -196.282 -71.8195  7.09545   2.19724 -0.773045 -0.215667 -0.773045   1.58727 -0.325044 -0.215667 -0.325044    1.0759
-40 -27   1  -200.56 -139.564  5.60646  13.2428 -8.93704  9.03858 -8.93704  24.6077  -13.727  9.03858  -13.727  21.6885
-35 -28   1 -176.152 -144.446   6.0224 5.77608 2.73965 6.68048 2.73965 7.67175 5.08852 6.68048 5.08852 10.7491
-43 -29   1 -217.263 -148.134  7.59345   1.3926 -1.73885 -1.41387 -1.73885  4.31817  3.56147 -1.41387  3.56147  3.32384
-44 -29   1 -220.631 -148.992  7.24094   4.64369  -1.28829  -1.48672  -1.28829   7.91104 -0.613434  -1.48672 -0.613434   1.61521
-41 -27   1 -207.917 -139.235  7.37324    1.58784   -1.10451 -0.0593341   -1.10451    3.11993  -0.304666 -0.0593341  -0.304666   0.663415
-44 -27   1 -221.283 -139.102  6.16135  1.35301 -1.35349 0.113562 -1.35349  6.48633 -2.53181 0.113562 -2.53181  1.76559
-39 -27   1 -196.773 -139.016  5.93371  0.598834  0.143269  -0.48004  0.143269   1.77269 -0.113987  -0.48004 -0.113987   2.58602
-43 -27   1 -218.406 -138.809  7.05244   1.37575  0.622216 -0.234521  0.622216   1.92382 -0.204192 -0.234521 -0.204192  0.763542
-34 -28   1 -171.652 -143.545  5.84851  0.809655 0.0827687 -0.634098 0.0827687   1.10339  0.958741 -0.634098  0.958741   3.87972
-44 -28   1 -221.704 -141.539  6.08682    1.29953   0.034385 -0.0527734   0.034385   0.789092  -0.275353 -0.0527734  -0.275353    1.88461
-47 -28   1 -239.14 -141.95 5.89725    3.13621 -0.0739545   0.203645 -0.0739545   0.776918   -0.19766   0.203645   -0.19766    2.61994
-40 -28   1 -201.849 -143.205  5.88397  0.649633 -0.362881  0.837953 -0.362881  0.753748 -0.132102  0.837953 -0.132102   4.30345
-46 -28   1 -231.095 -142.551  5.86044     4.18851   -0.439131    -1.04084   -0.439131    0.449318 -0.00668875    -1.04084 -0.00668875     2.37252
-41 -28   1 -208.515  -141.43  6.72177  0.598804  0.240462 -0.013218  0.240462   1.36116 -0.213419 -0.013218 -0.213419  0.583713
-37 -28   1 -189.193 -142.357  5.88162    3.6311  0.494035 -0.638964  0.494035  0.761526 -0.416411 -0.638964 -0.416411    2.5661
-39 -28   1 -197.682 -142.085  5.93004  0.383231 0.0259274 -0.238077 0.0259274  0.431072 -0.189647 -0.238077 -0.189647   2.10873
-43 -28   1 -216.64 -141.68 6.76406  0.650001 -0.324131 -0.103474 -0.324131   1.15985 -0.152024 -0.103474 -0.152024  0.646757
-37 -29   1 -186.373 -147.188   7.7233  7.48452  3.47312 -5.24707  3.47312  2.15527 -2.13836 -5.24707 -2.13836  4.14753
-38 -29   1 -193.428 -145.513  5.42531  1.03622 -1.32303  1.85054 -1.32303  12.3993  1.14504  1.85054  1.14504  11.3913
-33 -29   1 -168.816 -146.406  7.66739  0.615692  0.267818 0.0221184  0.267818   1.84292 -0.313316 0.0221184 -0.313316  0.546195
-40 -29   1 -204.007 -145.816  6.15588     1.15075 -0.00946947     0.10937 -0.00946947     2.67928   -0.185912     0.10937   -0.185912     1.59223
-41 -29   1 -208.794 -147.302  6.49812   0.641769  -0.109084 -0.0410685  -0.109084   0.984807 -0.0149915 -0.0410685 -0.0149915    1.18341
-34 -29   1 -172.858 -146.863  7.01624   0.950292  -0.355444   0.190205  -0.355444   0.979135 -0.0263661   0.190205 -0.0263661   0.512366
-49 -29   1 -247.705 -145.687  5.84049   1.05623 -0.349976   0.22775 -0.349976    1.9538 -0.318508   0.22775 -0.318508   4.83406
-42 -29   1 -211.535 -147.243  6.42828   0.685082  -0.193241 0.00249761  -0.193241   0.493276   0.114378 0.00249761   0.114378   0.882142
-36 -29   1 -182.781 -148.054  6.83689   1.06236 -0.300597  0.155024 -0.300597   1.25236  0.575453  0.155024  0.575453  0.700465
-39 -12   0 -195.795 -63.7362  4.62205  2206.89 -86.3976 -300.945 -86.3976  5.78472  14.0427 -300.945  14.0427  77.7687
-36 -12   0 -182.984 -64.8199  3.39324   2287.6 -915.172  104.568 -915.172  564.935 -66.9802  104.568 -66.9802  18.9362
-36 -11   0 -182.575 -57.3808  3.80668   46.2458  -2.56035   5.56137  -2.56035   2.19243 -0.250788   5.56137 -0.250788   3.56985
-35 -17   0  -176.804  -89.5544 -0.181097  0.749699 -0.305439 0.0914933 -0.305439   8.42897   2.44079 0.0914933   2.44079   41.2423
-49 -29   0 -248.263 -146.439  1.71154   0.849233 -0.0774519  -0.093856 -0.0774519   0.858964 -0.0398143  -0.093856 -0.0398143    0.20981
-36 -18   0 -182.406 -92.6775 -2.16838  0.877187  -0.40179 -0.565897  -0.40179  0.590689  0.122934 -0.565897  0.122934  0.733351
-48 -29   0 -241.367 -146.433 0.116588   0.758914   0.232819 0.00297689   0.232819   0.799887  -0.138017 0.00297689  -0.138017   0.159817
-32 -29   2 -163.326 -146.963  10.7898  15.4102   3.7789  4.28159   3.7789  2.18533 0.853996  4.28159 0.853996  3.70957
-37 -10   0  -187.281  -51.5025 -0.252447 34.6175 23.8026 3.01256 23.8026 17.3684 1.53251 3.01256 1.53251 0.68183
-47 -29   0  -238.448  -147.322 -0.749565   1.04905  0.229439 -0.127167  0.229439   1.00512 -0.238585 -0.127167 -0.238585  0.285303
-47 -28   0   -237.984   -142.153 -0.0624802   0.420506 -0.0579312  0.0516359 -0.0579312   0.723132 -0.0707065  0.0516359 -0.0707065   0.175457
-48 -27   0  -243.02 -137.133 -1.02088   0.525234 0.00787644 -0.0859666 0.00787644    1.28041   0.263126 -0.0859666   0.263126   0.276547
-47 -27   0 -238.704 -137.424 -1.38911   1.16809 -0.157061  0.103624 -0.157061   1.65242  0.399275  0.103624  0.399275  0.404108
-46 -28   0  -232.518  -142.432 -0.766864  0.529966 0.0401944 0.0189532 0.0401944  0.573208   0.04589 0.0189532   0.04589  0.201892
-43 -29   0 -218.247 -145.881 -0.50314   0.932846   0.717833  -0.248827   0.717833    2.24647 -0.0601364  -0.248827 -0.0601364   0.248294
-45 -28   0   -227.663   -141.923 -0.0230332   0.668395   0.291812 -0.0396252   0.291812    1.34266  -0.131629 -0.0396252  -0.131629   0.146527
-45 -29   0 -228.297 -146.776  1.02247    2.0351  0.941427  0.428959  0.941427   1.84824 -0.288474  0.428959 -0.288474  0.334929
-42 -29   0 -211.883 -147.796  1.87997   0.899365   0.085395 -0.0051874   0.085395    1.32335 -0.0891772 -0.0051874 -0.0891772   0.179741
-35 -27   0 -179.551 -135.485 -2.99463  10.7415 -3.33448 -1.08049 -3.33448  13.8815  1.78041 -1.08049  1.78041  4.05233
-44 -29   0 -221.706 -146.514 -1.42825    1.63492  -0.678292 -0.0530825  -0.678292    1.06762 -0.0150934 -0.0530825 -0.0150934   0.260943
-45 -15   0  -228.12 -77.9879 -3.34028  0.551098   1.55412 -0.321509   1.55412   147.258   1.39487 -0.321509   1.39487   1.88901
-48 -28   0 -242.106 -142.182 0.306091   0.571912     0.1051 -0.0193325     0.1051    0.75871 -0.0462774 -0.0193325 -0.0462774   0.140416
-45 -27   0 -228.746 -136.343 -1.22942  1.21165 0.367308 0.118933 0.367308 0.901362 0.232575 0.118933 0.232575 0.279245
-43 -28   0  -217.157  -141.832 -0.245544  0.435747 -0.159995 -0.043611 -0.159995  0.858628 0.0550241 -0.043611 0.0550241  0.124974
-35 -19   0 -175.519 -98.1279 -4.26651  1908.02 -51.2188  246.737 -51.2188  3.32635 -7.16622  246.737 -7.16622  69.3753
-43 -27   0 -217.714 -137.382 -2.24765  0.593663  0.389627 0.0609331  0.389627   1.46023   0.27008 0.0609331   0.27008  0.439882
-42 -27   0 -212.185 -137.231 -2.09588    1.26119  -0.054735 -0.0443044  -0.054735     1.2437   0.237796 -0.0443044   0.237796   0.309516
-46 -11   0 -232.157 -55.8479 -1.71147   0.684537  -0.461073   -0.10521  -0.461073    3.73003 -0.0520791   -0.10521 -0.0520791   0.418574
-42 -13   0  -214.33 -67.3222 -2.93506   57.6725  -5.40166   1.82725  -5.40166   1.26702 -0.227091   1.82725 -0.227091  0.363855
-47 -14   0  -238.621   -72.278 -0.673795   3.08538 -0.968271   0.90124 -0.968271   2.78277 -0.165288   0.90124 -0.165288  0.496036
-35 -24   0 -175.618 -123.494 -4.59662  106.932 -150.216 -319.338 -150.216  379.626  3.76272 -319.338  3.76272  2255.93
-49 -28   0 -247.705 -142.484 0.345825   0.593673   -0.18686  0.0965877   -0.18686   0.730074 -0.0732123  0.0965877 -0.0732123   0.165074
-46 -10   0 -232.243 -53.6665 -3.45313   0.487736 -0.0102217  0.0535431 -0.0102217   0.563657 -0.0286239  0.0535431 -0.0286239   0.683541
-43 -25   0 -217.064 -128.758 -4.30869 0.672665 -2.63716 0.271939 -2.63716  297.871 -59.5275 0.271939 -59.5275   18.524
-44 -25   0  -222.76 -128.835 -4.29136  3.27976  30.6197 -5.92455  30.6197  322.642 -66.7855 -5.92455 -66.7855  19.8429
-42 -28   0  -212.216  -141.638 -0.659451     0.435809 -0.000625524   -0.0351221 -0.000625524      1.00984   -0.0180124   -0.0351221   -0.0180124     0.161151
-34 -15   0 -173.892 -77.7324 -1.29869  1.79656 0.202913 0.865997 0.202913 0.462812 0.376633 0.865997 0.376633  3.40741
-33 -17   0 -167.783 -87.8387 -3.34775  0.813408 -0.303457 0.0818646 -0.303457   0.60643 0.0642365 0.0818646 0.0642365   1.01364
-47 -20   0 -237.257 -102.498 -1.22365   0.706684   0.944457 -0.0390788   0.944457    3.25109 -0.0074342 -0.0390788 -0.0074342   0.650967
-34 -17   0 -171.942 -87.2101 -1.52326   2.58815 -0.111377  0.628921 -0.111377  0.494495  0.128965  0.628921  0.128965   1.35798
-40 -27   0 -202.181 -138.587 -1.19161  0.648115 -0.021487 -0.157488 -0.021487  0.575725  0.213326 -0.157488  0.213326  0.268872
-32 -10   0 -162.651 -51.1141 -1.22139   1.21961 -0.340457 0.0969784 -0.340457   3.11886 0.0663761 0.0969784 0.0663761  0.223561
-31 -10   0 -157.158 -52.4987 -4.50187  2.41711 -6.75769  1.04675 -6.75769  25.5506 -3.85275  1.04675 -3.85275  21.9535
-35 -10   0 -178.734 -52.8458 -1.61036     168.99   -6.06749   0.450886   -6.06749   0.720063 -0.0448159   0.450886 -0.0448159   0.172874
-34 -10   0 -173.122 -53.7477 -2.28208  0.880972  0.205471 -0.961196  0.205471  0.829696 -0.321141 -0.961196 -0.321141   3.21177
-34 -11   0 -172.782 -57.4831 -2.41564    1.18899 -0.0674765    1.23808 -0.0674765   0.489023  -0.132704    1.23808  -0.132704    2.47631
-42 -11   0  -213.83 -57.0273  -1.2236    101.712   -3.82241  -0.563581   -3.82241   0.802748 -0.0139926  -0.563581 -0.0139926   0.107209
-33 -11   0 -167.027  -57.806 -4.05212  0.492829 -0.047503 0.0164926 -0.047503  0.893699  0.546462 0.0164926  0.546462   5.56314
-32 -11   0 -162.215 -57.5737 -4.03341    0.508476 -0.00501259  -0.0478289 -0.00501259    0.711816    0.109801  -0.0478289    0.109801     3.54299
-35 -11   0 -178.764 -57.5201 -1.34579    3.30962  -0.102445  0.0936642  -0.102445   0.504849 0.00547662  0.0936642 0.00547662   0.169561
-35 -12   0 -178.894 -63.1106 -1.18176    1.50786 -0.0850815   0.125525 -0.0850815   0.629007  0.0352718   0.125525  0.0352718   0.226953
-42 -12   0 -214.052 -61.6041 -1.13194   64.6272 -0.553017 -0.211914 -0.553017  0.625491 0.0995449 -0.211914 0.0995449  0.130474
-33 -12   0 -166.793 -62.0313 -4.79401 0.528338 0.298651 -1.27768 0.298651   13.435 -6.11939 -1.27768 -6.11939  70.0167
-34 -12   0 -173.438  -62.687 -2.29506    2.17299 -0.0788991   0.934981 -0.0788991   0.570793  0.0380383   0.934981  0.0380383     1.4674
-32 -12   0 -163.104 -62.6926 -4.81027  2.60354  2.77759 0.560363  2.77759  3.28722 -1.17788 0.560363 -1.17788  136.236
-34 -13   0 -173.645  -67.681 -1.85139  2.11234 0.117862  2.01776 0.117862 0.436927 0.170093  2.01776 0.170093  3.51113
-46 -27   0 -232.317 -137.405  -1.9079  0.651319   -0.2374 -0.108651   -0.2374  0.898979  0.185765 -0.108651  0.185765  0.448611
-48 -14   0 -242.135 -71.9043 -2.19031   0.91582 -0.466062  -0.39499 -0.466062    1.2986  0.722567  -0.39499  0.722567  0.747711
-41 -27   0 -207.931 -136.816 -2.23891   1.31659  0.168299 0.0950103  0.168299  0.642487  0.130521 0.0950103  0.130521   0.40628
-33 -14   0 -169.198 -70.9417 -4.83337  46.8013  35.2836 -36.3709  35.2836  54.5321 -44.0793 -36.3709 -44.0793  127.492
-34 -14   0  -173.78 -72.2437 -1.74302   2.39864 -0.196822   1.22628 -0.196822  0.592704  0.226149   1.22628  0.226149   2.40031
-36 -14   0 -180.928 -73.9939 -1.52241   35.304  30.1122  2.31329  30.1122  36.1283 -2.35927  2.31329 -2.35927  2.03768
-49 -15   0 -245.759 -77.4663 -3.07074   4.0851 0.281036 -3.19293 0.281036  2.99546 0.832661 -3.19293 0.832661  3.45075
-36 -15   0  -180.26 -76.5636 -3.63226   3.53949 -0.895871   1.25794 -0.895871   1.41417  0.150563   1.25794  0.150563   1.73339
-33 -15   0 -166.911 -76.1448 -4.59551   0.481203 -0.0106639  -0.265379 -0.0106639   0.762531  -0.159776  -0.265379  -0.159776    13.8435
-35 -15   0  -179.039  -77.7545 -0.552964   0.805234  0.0184133   0.123329  0.0184133   0.448667 -0.0798093   0.123329 -0.0798093   0.263634
-31 -15   0 -158.432 -78.1133 -4.65394  4.07838 0.662961 -1.76093 0.662961  1.20704  2.95826 -1.76093  2.95826  21.9614
-35 -16   0 -177.474 -80.2047 -2.45876  0.492024 -0.316927  0.137181 -0.316927   11.7127 -0.278138  0.137181 -0.278138  0.268232
-34 -16   0 -171.769 -81.4036 -2.12059   0.937307   0.128786   0.112195   0.128786   0.389573 -0.0818213   0.112195 -0.0818213   0.829969
-33 -16   0 -167.184 -81.0909 -2.25397   0.502286 -0.0474198  0.0944187 -0.0474198   0.511126  -0.151511  0.0944187  -0.151511      0.669
-31 -16   0 -159.682 -82.5905 -2.33761   36.9108  -1.79705  0.539591  -1.79705   0.60278 0.0224551  0.539591 0.0224551  0.492119
-49 -27   0 -247.845 -136.306 -1.31806   0.64711 -0.280179 0.0091165 -0.280179   1.13914  0.204336 0.0091165  0.204336  0.374182
-32 -16   0 -162.151  -81.314 -2.62489   0.511365   0.149472 0.00252916   0.149472   0.580261  -0.190315 0.00252916  -0.190315   0.473763
-32 -17   0 -161.445 -86.3242 -3.04647  0.539621 0.0740662 0.0187574 0.0740662  0.996901  0.293105 0.0187574  0.293105  0.369073
-33 -18   0 -167.414 -92.4001 -2.03631     0.5243   0.153018 -0.0362327   0.153018    1.78996   0.383898 -0.0362327   0.383898   0.385412
-31 -18   0 -159.947   -91.25 -2.39416   460.939  -10.9214    2.8552  -10.9214   1.77508 -0.129002    2.8552 -0.129002  0.482481
-32 -18   0 -162.139 -92.2854 -2.15855  0.447131   -0.3478 0.0115583   -0.3478   4.23327 -0.137328 0.0115583 -0.137328  0.359714
-34 -18   0 -171.738 -92.5663 -2.60534   1.27617 -0.263027   0.13995 -0.263027   1.15585 -0.340914   0.13995 -0.340914  0.554933
-33 -19   0 -167.141 -97.9375 -1.06217    0.512325   0.0193322 0.000152685   0.0193322    0.488016   0.0120865 0.000152685   0.0120865    0.247649
-48 -28   1 -242.243 -142.551  5.89665    0.55859   0.127794 -0.0899819   0.127794   0.587234  0.0756164 -0.0899819  0.0756164    2.75455
-34 -19   0 -171.896 -97.8084 -2.14958   2.84888 -0.254704 -0.638368 -0.254704  0.509981  0.115697 -0.638368  0.115697   0.34636
-36 -19   0 -182.984 -96.8496 -3.16128   4.72309 -0.247958    37.094 -0.247958  0.633554  -6.22348    37.094  -6.22348   538.831
-48 -20   0 -242.476 -102.072 -1.26419   0.532157   -1.90654 -0.0573611   -1.90654    71.3636    1.85472 -0.0573611    1.85472   0.597917
-49 -20   0 -245.478 -103.159 -1.32327   65.9393  -7.57133  0.599341  -7.57133    1.8984 -0.157695  0.599341 -0.157695  0.553405
-33 -28   1 -166.559 -143.612  7.11216  0.345765 -0.148873 -0.320921 -0.148873  0.796039  0.487413 -0.320921  0.487413   1.45705
-33 -20   0  -166.982  -102.559 -0.646157   0.750778 -0.0544814  0.0809004 -0.0544814   0.460033  -0.041658  0.0809004  -0.041658   0.302513
-34 -20   0 -172.539 -102.788 -1.79667   3.94172 -0.924593 -0.284669 -0.924593  0.635549 0.0236299 -0.284669 0.0236299  0.351381
-49 -21   0 -245.758  -107.97 -1.39659     62.134   -2.50724    2.64508   -2.50724   0.599832 -0.0663114    2.64508 -0.0663114   0.565334
-32 -21   0  -164.02  -107.32 -4.30255   4.71381 -0.658995   1.67987 -0.658995   2.54083  -1.60983   1.67987  -1.60983   3.29442
-33 -21   0 -166.462 -106.442 -2.42142   1.59084 -0.370133  0.631434 -0.370133   2.36596  -1.43313  0.631434  -1.43313   1.31615
-47 -21   0 -235.515  -107.61  -1.9477    7.20009  -0.431216  -0.394372  -0.431216   0.546666 -0.0652581  -0.394372 -0.0652581    0.69127
-35 -21   0 -177.265 -107.975 -1.73361   11.5818  -13.4304  0.529042  -13.4304   16.2932 -0.575204  0.529042 -0.575204  0.383397
-34 -21   0 -174.351 -105.815 -1.82011    4.80459  -0.346718 -0.0761909  -0.346718   0.995167  -0.228458 -0.0761909  -0.228458   0.365653
-47 -22   0 -236.534 -112.574  -3.0205  0.867499 -0.357527 -0.566286 -0.357527  0.967946 -0.112641 -0.566286 -0.112641   1.13554
-49 -22   0 -247.109 -113.451 -1.66665   0.754024  -0.361512  -0.112333  -0.361512   0.841998 -0.0148374  -0.112333 -0.0148374   0.474792
-35 -22   0 -177.868  -112.11 -4.21214  0.471508 -0.197336  0.453956 -0.197336  0.855004 -0.728967  0.453956 -0.728967   1.61817
-36 -22   0 -182.389 -112.064 -1.57882  1.21221  -1.2714 0.250113  -1.2714  2.17648 -0.32283 0.250113 -0.32283 0.400968
-37 -22   0 -185.784 -114.346 -1.52826  31.2233  -36.067 -3.09036  -36.067   48.959  3.90437 -3.09036  3.90437 0.706934
-48 -23   0 -242.944 -115.453  -1.1399  0.629153  0.239842 -0.191801  0.239842   101.082  -1.96296 -0.191801  -1.96296  0.425999
-31 -23   0 -158.597 -115.635 -4.85376  127.011  77.3788 -59.9421  77.3788  187.988 -113.749 -59.9421 -113.749  161.579
-47 -23   0 -237.161 -115.636   -1.417    1.01329    7.42799 -0.0907568    7.42799    142.633   -4.22757 -0.0907568   -4.22757   0.455787
-45 -27   1 -228.173 -139.495  6.58144  1.62766  1.55238 0.789313  1.55238  9.34997  1.31235 0.789313  1.31235   1.0074
-32 -23   0 -163.525 -118.134 -3.54173    1.38726  -0.295671  -0.309891  -0.295671     1.5963 -0.0902867  -0.309891 -0.0902867    2.22893
-45 -23   0 -227.609 -116.515 -2.01573   0.56059  -0.23106 0.0659883  -0.23106   1.23584 -0.439279 0.0659883 -0.439279  0.426757
-46 -23   0 -232.421 -116.197 -1.99047   0.564009   0.306996 -0.0622586   0.306996    1.36972  -0.389945 -0.0622586  -0.389945   0.384083
-44 -23   0 -222.512  -116.58 -2.01588   0.518139   0.147139 -0.0688601   0.147139    1.29292  -0.466416 -0.0688601  -0.466416   0.443001
-38 -23   0 -192.442 -117.085 -1.51282   0.463631   0.124247 -0.0177265   0.124247    7.01938  -0.657762 -0.0177265  -0.657762   0.379002
-39 -23   0 -197.556 -117.579 -2.08224   0.483858  0.0947177 -0.0612184  0.0947177    1.38899  -0.580564 -0.0612184  -0.580564   0.506783
-48 -22   0 -241.093 -113.801 -4.47353   3.17717 -0.965725  0.499349 -0.965725   2.00444 -0.189462  0.499349 -0.189462   9.32264
-40 -23   0 -202.545 -116.915  -1.8824  0.500919 -0.212245 0.0224062 -0.212245   2.39207 -0.448848 0.0224062 -0.448848  0.378729
-42 -23   0 -212.476 -116.505 -1.64481   0.495297   0.151499 0.00354783   0.151499    4.30731  -0.460772 0.00354783  -0.460772   0.358509
-43 -23   0 -217.574 -116.497 -1.75045  0.495917 -0.146569 0.0030811 -0.146569   2.05202 -0.443932 0.0030811 -0.443932  0.386937
-40 -24   0 -204.436  -120.03 -4.66177  7.81759 -6.70064  3.50876 -6.70064    984.7  20.9234  3.50876  20.9234  17.8826
-41 -24   0 -205.953 -120.021 -4.69875   2.13605   3.80951 -0.996131   3.80951   1450.67   111.319 -0.996131   111.319   39.7893
-36 -24   0 -184.559 -120.115  -4.4444   15.9521   12.8045 -0.793934   12.8045   111.165  -2.87385 -0.793934  -2.87385   7.68999
-37 -24   0 -189.442  -120.29 -4.67714  0.89994  2.55892 -2.03127  2.55892   29.659 -3.61928 -2.03127 -3.61928  29.1567
-38 -24   0  -192.17 -120.485 -4.61834 0.760728  3.59783 -1.35683  3.59783  54.9196 -9.20339 -1.35683 -9.20339  15.7657
-49 -24   0 -248.105 -120.618 -4.53861  1.43746  1.66745 0.328855  1.66745   12.675 -2.37883 0.328855 -2.37883  13.7114
-43 -24   0 -216.425 -120.823 -4.47974  3.43133  4.63197 -3.00518  4.63197  18.4798 -4.25953 -3.00518 -4.25953  9.00916
-35 -23   0 -179.333 -115.502 -4.81077  3.78699  2.22341 -3.88815  2.22341  3.99056  3.50395 -3.88815  3.50395    49.31
-30 -24   0 -154.381 -121.795 -3.75662  36.1113   2.9982 0.767783   2.9982   13.176 -1.36226 0.767783 -1.36226 0.689344
-31 -24   0 -159.304 -124.772 -3.22677  6.27394  1.12147 0.547732  1.12147  33.5513  1.05317 0.547732  1.05317 0.930383
-35 -14   0  -179.289   -72.527 -0.593314      1.956 -0.0403725   0.129535 -0.0403725   0.492032 0.00144467   0.129535 0.00144467   0.242785
-34 -24   0 -173.056 -124.399 -3.44044    2.07402   0.780126 -0.0442704   0.780126    6.47905   0.538431 -0.0442704   0.538431    3.01135
-34 -25   0 -172.917 -125.631 -3.26551   1.39018  0.368536 -0.252259  0.368536   5.99452  0.966008 -0.252259  0.966008   3.03005
-31 -25   0 -159.288 -125.879 -2.65995  4.88795 0.982171 0.750105 0.982171  2.92161 0.266675 0.750105 0.266675 0.480532
-32 -25   0 -160.998 -126.119 -2.59271    2.79818    0.11675  -0.545511    0.11675    1.71173 -0.0886904  -0.545511 -0.0886904   0.459778
-37 -25   0 -188.052 -128.784 -4.52956  0.360596  0.391211 0.0645368  0.391211   6.45654  -4.59892 0.0645368  -4.59892   13.5788
-41 -25   0 -207.261 -128.897 -4.40568   0.477972   -0.60921 -0.0136867   -0.60921    4.05877    -1.4974 -0.0136867    -1.4974     4.7222
-42 -25   0 -212.258  -129.45 -4.67462 0.779924  0.75116 -1.38501  0.75116  21.8609 -36.8322 -1.38501 -36.8322  66.9782
-45 -25   0 -225.989 -129.392 -4.23338   1.76762 -0.673441 -0.412491 -0.673441    4.1726   0.99176 -0.412491   0.99176   6.11119
-46 -25   0 -232.696 -129.578 -4.30111  0.642032 -0.127062  0.161038 -0.127062   36.0889  -2.17642  0.161038  -2.17642   5.27684
-49 -26   0 -247.376 -133.033 -3.92742   0.593681  0.0192476 -0.0763236  0.0192476   0.742732   0.619673 -0.0763236   0.619673    1.17559
-48 -26   0 -241.711 -133.493 -2.99544  0.963891  0.134189 -0.210802  0.134189   1.19322  0.387962 -0.210802  0.387962  0.634468
-36 -26   0 -182.721 -132.054 -3.11019     1.954   1.27053 -0.113026   1.27053   1.29542 -0.292149 -0.113026 -0.292149   2.73055
-47 -26   0 -236.931 -132.989 -3.03418   0.664239 0.00570092   -0.21951 0.00570092    0.87146   0.190825   -0.21951   0.190825   0.339036
-42 -26   0  -213.27 -132.892 -3.35919   0.716788 -0.0222135   0.346265 -0.0222135    0.82579   0.205643   0.346265   0.205643   0.558424
-44 -26   0 -222.743 -133.011 -4.33394  0.544751 0.0384751  0.372312 0.0384751  0.781649  0.665194  0.372312  0.665194    1.6809
-43 -28   2 -216.545 -141.366  11.5637   3.72117  -1.06377  0.125157  -1.06377   2.90284 -0.152266  0.125157 -0.152266  0.786204
-46 -26   0 -233.015 -133.028 -3.25056 0.572235 0.058885 0.195191 0.058885 0.841337 0.166345 0.195191 0.166345 0.298976
-35 -29   2 -177.244 -147.669  10.8465    1.01276 -0.0887238   0.112037 -0.0887238   0.420845  0.0366624   0.112037  0.0366624    3.48019
-40 -26   0 -202.327 -133.309 -3.48943   0.699252  0.0316915 -0.0626282  0.0316915   0.833822   0.301121 -0.0626282   0.301121   0.407059
-41 -26   0 -207.532 -132.695 -4.77041   0.486488 -0.0957944   -1.44317 -0.0957944    3.06391    31.7565   -1.44317    31.7565    402.532
-39 -26   0 -197.301 -133.016 -3.32704    1.33256 -0.0240096 -0.0271087 -0.0240096    1.79939   0.208032 -0.0271087   0.208032   0.577135
-43 -26   0 -216.977 -132.839 -3.88522   0.627442 -0.0284885  -0.349459 -0.0284885    0.81729   0.195545  -0.349459   0.195545     0.6223
-32 -26   0 -160.534 -132.794 -3.36068    6.73501   0.603937  -0.673587   0.603937    2.47839 -0.0555065  -0.673587 -0.0555065   0.747521
-38 -26   0 -192.532 -132.719  -4.8547 0.628299 0.505468  8.68536 0.505468  2.41586  27.8469  8.68536  27.8469  461.454
-46 -29   0 -231.533 -145.578 0.932903  0.915609  -0.13537 -0.142158  -0.13537   3.90669  0.272133 -0.142158  0.272133  0.161339
-31 -26   0 -159.265 -132.419 -2.78572    3.95604  -0.925798 0.00486088  -0.925798    3.18504   0.152746 0.00486088   0.152746    0.55364
-37 -26   0 -188.188 -132.513 -4.94131   0.89132 0.0827873   11.2004 0.0827873  0.699509   6.59497   11.2004   6.59497   607.906
-36 -27   0 -180.849 -135.579 -3.40143   3.38611 -0.145181 0.0807971 -0.145181   8.36873   2.19111 0.0807971   2.19111   2.71302
-33 -19   1 -166.873 -98.0512  5.52416   2.60529   2.39942 0.0923948   2.39942   7.04721  -10.8277 0.0923948  -10.8277   34.7443
-38 -27   0  -191.42  -137.51 -1.66033  0.839518 -0.175462 0.0445046 -0.175462  0.973752  0.253664 0.0445046  0.253664   0.28326
-37 -27   0  -189.16 -138.002 -2.44369  2.60442  1.19177 0.386059  1.19177  1.30208 0.342196 0.386059 0.342196 0.366791
-33 -25   0 -168.539 -126.732 -2.11665     2.03936   0.0621735 -0.00788796   0.0621735     1.46737   -0.207769 -0.00788796   -0.207769     0.59118
-33 -27   0 -168.077 -136.405 -2.38315    2.23518    1.05824 -0.0138093    1.05824   0.999817    0.21214 -0.0138093    0.21214   0.301454
-32 -27   0   -163.26  -139.401 -0.859482   0.579722  -0.606969 -0.0407615  -0.606969    8.21325   0.102135 -0.0407615   0.102135   0.181845
-39 -27   0 -197.028 -138.208 0.480684   0.562891 -0.0740223 -0.0706454 -0.0740223   0.466592  0.0334536 -0.0706454  0.0334536   0.110107
-30 -28   0 -153.985 -141.224 -2.81702   7.59646   1.77161  -1.96253   1.77161  0.897278 -0.483323  -1.96253 -0.483323   1.26128
-32 -28   0  -162.967   -142.37 -0.648177    0.57231  0.0806258 0.00492484  0.0806258   0.809625   0.129707 0.00492484   0.129707   0.139104
-33 -28   0 -167.253 -142.569 -1.45666  0.658797 -0.209406 0.0171123 -0.209406  0.588235 0.0189893 0.0171123 0.0189893  0.137967
-31 -28   0 -158.306 -142.409 -3.05414  0.748087 0.0482441  0.132757 0.0482441  0.790238  0.134005  0.132757  0.134005  0.220149
-41 -28   0  -207.703   -141.98 -0.935574   0.545442  0.0131982  0.0165085  0.0131982   0.708624 -0.0315559  0.0165085 -0.0315559   0.152348
-35 -28   0 -176.676 -143.781 -3.83035  0.551976  -0.19688 -0.165875  -0.19688   2.10797  0.600002 -0.165875  0.600002  0.931196
-34 -28   0  -172.58 -143.117 -1.76894   0.686871 0.00993128  -0.107208 0.00993128   0.636276  0.0442047  -0.107208  0.0442047   0.137394
-37 -28   0 -187.455 -142.138 -1.31221   0.667804   0.115786   0.092393   0.115786   0.704571 -0.0264434   0.092393 -0.0264434   0.165987
-39 -28   0 -197.769 -142.106 -1.27833     0.4886 -0.0324926   0.026853 -0.0324926   0.525227  0.0248673   0.026853  0.0248673   0.137339
-32 -29   0  -161.871  -146.099 -0.520596   0.667735  -0.284562  -0.198148  -0.284562    1.21821 -0.0820311  -0.198148 -0.0820311   0.245796
-40 -29   0 -202.269 -146.302 0.570631   0.650991  0.0288164   0.225971  0.0288164     1.5011 -0.0443448   0.225971 -0.0443448   0.293549
-31 -29   0  -157.826    -146.9 -0.277059 0.611625 0.547796 0.116709 0.547796  1.31204 0.179796 0.116709 0.179796 0.190736
-39 -29   0  -197.012  -145.668 -0.594631  0.493719  0.270567 0.0278405  0.270567    2.3302 -0.104783 0.0278405 -0.104783  0.196534
-33 -29   0   -167.879   -146.586 -0.0330384   0.863407 -0.0177375  0.0837097 -0.0177375   0.728348 -0.0485165  0.0837097 -0.0485165   0.184808
-38 -29   0  -192.505  -146.188 -0.709687   0.556601  0.0173991   0.068961  0.0173991    1.26859 -0.0746623   0.068961 -0.0746623   0.163853
-30 -29   0 -152.408 -148.141 -1.12227    0.56445   0.320644 0.00407925   0.320644   0.973422   0.104047 0.00407925   0.104047   0.267222
-35 -29   0 -177.464 -146.917 -1.42618   0.455755 -0.0776412 -0.0585362 -0.0776412   0.760608   0.103242 -0.0585362   0.103242   0.155314
-41 -29   0 -207.086 -146.812 0.835751   0.560123  -0.319819 -0.0458148  -0.319819   0.860661  0.0457284 -0.0458148  0.0457284   0.197052
-42 -10   0  -213.667  -52.5354 -0.675099   113.429  -3.22661 -0.365498  -3.22661  0.488695 0.0245384 -0.365498 0.0245384  0.117508
-31 -11   0 -157.934 -57.5801 -4.00411   0.942011  0.0341967 -0.0902105  0.0341967   0.854652 -0.0336339 -0.0902105 -0.0336339    3.00315
-36 -29   0   -182.23  -147.143 -0.375237   0.526302 -0.0278793 -0.0266265 -0.0278793   0.552083  0.0529641 -0.0266265  0.0529641   0.119694
-35 -18   0  -176.965   -91.488 -0.177315  0.705256 -0.127757  0.252362 -0.127757   2.61721  0.194492  0.252362  0.194492   4.87897
-36 -28   0 -183.314 -143.031 -3.30897 0.718974 0.634712 0.135509 0.634712  1.32856 0.210974 0.135509 0.210974 0.464018
-34 -29   0  -172.827  -146.277 0.0503255   0.773083  -0.297571 -0.0862247  -0.297571    1.30791  0.0608595 -0.0862247  0.0608595   0.139106
-37 -29   0  -186.67 -147.576  -1.3723  0.695426 0.0832544 -0.126704 0.0832544  0.578121 0.0649365 -0.126704 0.0649365  0.182554
-42 -26  -1 -212.955 -130.032 -5.02533     0.268296      0.79502     0.113939      0.79502      265.865 -0.000341056     0.113939 -0.000341056      265.867
-49 -26  -1 -246.333 -130.022 -5.03784  1.31158  10.8662  11.9597  10.8662  1066.32 -0.12201  11.9597 -0.12201   1066.3
-41 -26  -1 -207.022  -130.09 -5.03275 0.711184   8.5999   1.8285   8.5999  348.449  48.0977   1.8285  48.0977  482.234
-43 -26  -1 -217.748 -130.192 -5.03215  0.526293 -0.713396 -0.898286 -0.713396   10.9254   18.7041 -0.898286   18.7041   476.506
-40 -26  -1 -202.193 -130.163 -5.04212 0.491917   1.1059  1.33279   1.1059   42.984  42.0865  1.33279  42.0865  458.797
-48 -26  -1 -242.184 -130.069 -5.05509 0.523593 -2.19738   1.6956 -2.19738  479.742  22.6489   1.6956  22.6489  487.943
-39 -26  -1  -197.41 -130.341 -5.05384 0.530994 0.601342  3.08314 0.601342  9.28429  34.2026  3.08314  34.2026  485.847
-42 -28   2 -214.537  -140.34  11.3041  9.08986 -26.2563  3.41595 -26.2563  122.041 -17.0817  3.41595 -17.0817   3.5383
-38 -26  -1 -192.518 -130.568 -5.06218  0.519889 -0.148693 -0.727147 -0.148693   7.77763   41.6346 -0.727147   41.6346    513.38
-37 -26  -1 -186.762  -131.78  -5.0486  0.699823  0.285927 -0.873307  0.285927  0.535447   1.17664 -0.873307   1.17664   313.262
-45 -26  -1 -227.611   -130.2 -5.08115  0.443002 -0.173844  -1.13481 -0.173844   30.9752    66.476  -1.13481    66.476   429.191
-46 -26  -1  -232.73 -130.184 -5.08209 0.494686 -1.31995 -2.91299 -1.31995  39.5269  73.9598 -2.91299  73.9598  436.156
-40 -28  -1 -202.317 -143.263 -5.04659  0.637637 -0.211026   4.69686 -0.211026   1.29964  -4.65158   4.69686  -4.65158   339.203
-40 -29  -1 -202.748 -146.599 -5.17136 2.22075 2.69761 28.4888 2.69761 5.96892 40.7572 28.4888 40.7572 476.052
-47 -27   1 -238.735 -139.683  5.27831  40.6867  29.4156 -38.4846  29.4156  60.0388 -37.7962 -38.4846 -37.7962  151.168
-49 -25   0 -246.867 -129.595 -4.42315  4.28293 -14.0831 -3.63581 -14.0831  76.8714 -0.29047 -3.63581 -0.29047  13.8524
-41 -25  -1 -207.609 -127.424 -5.24959  0.493513 -0.173901  -2.40524 -0.173901   2.49756   29.4841  -2.40524   29.4841   419.179
-42 -25  -1   -212.5 -127.391 -5.27826 0.495299 -0.10912 -1.38994 -0.10912  2.77177  31.3012 -1.38994  31.3012  416.963
-49 -25  -1  -247.61 -127.553 -5.28691 0.533336  0.24469  3.37575  0.24469  2.80262  31.9294  3.37575  31.9294  430.779
-43 -25  -1  -217.61 -127.409 -5.31292 0.509192 -0.20812 -2.81095 -0.20812  2.82244  32.3755 -2.81095  32.3755  441.046
-36 -26  -1 -182.494 -132.492 -5.19838   1.68435 -0.455815   22.3736 -0.455815  0.607203   -7.2927   22.3736   -7.2927    401.65
-36 -27  -1 -182.066 -135.348 -5.25157 0.566276  -1.2269  2.32739  -1.2269  26.5123 -8.30711  2.32739 -8.30711  111.578
-39 -23  -1 -197.879 -118.976 -5.33929  0.442216  0.161276 -0.186102  0.161276  0.978192  0.373313 -0.186102  0.373313   33.3399
-40 -24  -1  -202.62 -122.549 -5.43301  0.512701 0.0969145   2.88945 0.0969145  0.559191   5.18958   2.88945   5.18958    287.05
-39 -24  -1 -197.538 -122.336 -5.44283  0.522478 0.0216728   1.31511 0.0216728  0.428119  0.275241   1.31511  0.275241   135.427
-42 -24  -1 -212.565 -122.312 -5.44676   0.484316  0.0313516   0.804749  0.0313516   0.532484 -0.0578643   0.804749 -0.0578643    97.6515
-49 -24  -1 -247.513 -122.164 -5.43824    0.530794 -0.00443816     1.20063 -0.00443816    0.481474    -1.39806     1.20063    -1.39806     105.102
-48 -24  -1 -242.459 -122.493 -5.49756  0.512982 0.0392927   2.70569 0.0392927  0.760941    9.9694   2.70569    9.9694   494.334
-31 -17   0 -159.848 -87.5371 -2.25236    461.396   -14.3825    2.56353   -14.3825   0.924207 -0.0640484    2.56353 -0.0640484    0.49484
-44 -24  -1 -222.452 -122.544 -5.50693   0.498837 -0.0143637   -1.55996 -0.0143637   0.656999    6.46637   -1.55996    6.46637    493.336
-38 -25  -1 -192.451 -127.452 -5.32214 0.517442 0.305105  4.03754 0.305105  3.18739  35.8275  4.03754  35.8275  474.031
-33 -24   0 -166.727 -121.099 -3.43094   1.66407 -0.357016 -0.331693 -0.357016  0.893373   0.63045 -0.331693   0.63045   1.78457
-44 -25  -1 -222.502 -127.565 -5.32848  0.488098 -0.136134  -1.79739 -0.136134    2.5658   29.7173  -1.79739   29.7173   410.706
-37 -25  -1 -187.553 -127.544 -5.36162 0.502142 0.230224  2.42079 0.230224  3.30388  35.2646  2.42079  35.2646  439.133
-45 -25  -1 -227.649 -127.278 -5.36684  0.497248 -0.174138  -2.25542 -0.174138   2.73368   31.0071  -2.25542   31.0071   415.698
-47 -25  -1 -237.451 -127.501 -5.35534 0.534626 0.211077  2.96299 0.211077  2.33362  27.7464  2.96299  27.7464  398.727
-49 -23   0 -246.475 -116.528 -2.65136    1.80858  -0.996059 -0.0936841  -0.996059    1.16617   -0.26019 -0.0936841   -0.26019   0.428391
-46 -25  -1 -232.531 -127.358 -5.37889  0.483897 -0.164897  -2.19528 -0.164897   2.59817   30.3058  -2.19528   30.3058   423.407
-35 -25  -1 -177.571 -127.362 -5.41191  0.640931 0.0377557   4.88518 0.0377557  0.473997   1.17699   4.88518   1.17699   177.125
-49 -21  -1 -245.733 -108.045 -5.40284  968.476 -40.5207 -19.8276 -40.5207  2.66866 0.595647 -19.8276 0.595647  57.2446
-49 -22  -1 -247.049 -113.545 -5.37871  1.39447 -1.04639 -1.45843 -1.04639  1.64423  -1.0415 -1.45843  -1.0415  33.0989
-42 -23  -1 -212.189 -118.033 -5.47798    0.52836 -0.0707617  0.0574335 -0.0707617   0.798343   -2.53319  0.0574335   -2.53319    44.6645
-38 -23  -1 -192.302  -118.62 -5.48435  0.425245 -0.241234   1.36969 -0.241234   1.28362  -3.50401   1.36969  -3.50401   42.4912
-48 -15   0 -244.138 -76.9274  -2.4501  23.3431 -14.1056  4.76053 -14.1056  10.4727 -3.37174  4.76053 -3.37174  1.78226
-43 -23  -1 -217.699 -118.214 -5.48859   0.536127 -0.0633956   0.810114 -0.0633956   0.633937  -0.837173   0.810114  -0.837173    38.2793
-37 -27  -1 -187.426 -136.045 -5.07657  1.77671 -2.34254  17.8835 -2.34254  4.64965 -27.9507  17.8835 -27.9507  447.452
-38 -24  -1 -192.437 -122.243 -5.46147   0.481857 0.00962712    0.69903 0.00962712   0.500638   -1.58544    0.69903   -1.58544    69.1403
-47 -24  -1  -237.48 -122.512 -5.51526   0.48764 0.0314622   1.23111 0.0314622  0.813097   11.3324   1.23111   11.3324    484.13
-43 -24  -1 -217.456 -122.375 -5.46487   0.519568 -0.0332219   -1.61225 -0.0332219   0.519731  -0.410045   -1.61225  -0.410045    87.8597
-45 -24  -1 -227.542 -122.465 -5.53844   0.509129 -0.0570464   -3.89712 -0.0570464   0.656758     8.9155   -3.89712     8.9155    461.191
-46 -24  -1   -232.5 -122.618 -5.53169   0.49477 0.0719252   3.51087 0.0719252  0.699943   9.53253   3.51087   9.53253   468.192
-36 -25  -1 -182.434 -127.364 -5.36374   0.461503 -0.0561362  -0.734465 -0.0561362    2.26856    21.1942  -0.734465    21.1942    251.119
-35 -26  -1 -177.581 -132.119 -5.43076    0.76067 0.00151007    6.10836 0.00151007   0.577656  -0.767121    6.10836  -0.767121    146.876
-39 -28  -1 -196.743 -142.617 -5.13777  0.640389 -0.103632   1.43936 -0.103632   0.70097  -2.57972   1.43936  -2.57972   73.7254
-31 -19   0 -159.266 -99.1001 0.399804   6.38753   2.49956 -0.979832   2.49956   7.51428   1.74061 -0.979832   1.74061   1.60447
-38 -28  -1 -192.259 -142.538 -5.23247   0.566201 -0.0569484    1.60565 -0.0569484    1.21805   -1.57666    1.60565   -1.57666    44.4753
-39 -29  -1 -197.997 -145.922 -5.30252  0.547917 0.0333027   1.18769 0.0333027  0.806622  -2.41682   1.18769  -2.41682   37.2992
-45 -28   1 -227.707 -141.764  6.25929   0.476632   0.109994 0.00974245   0.109994   0.791966  -0.290985 0.00974245  -0.290985    1.23464
-46 -23  -1 -232.562 -117.988 -5.49848  0.568076   0.16823  -0.63379   0.16823  0.574884 -0.758264  -0.63379 -0.758264   29.9373
-45 -23  -1 -227.558 -118.129 -5.47987  0.608885 -0.192534 0.0848221 -0.192534   0.66078 -0.341904 0.0848221 -0.341904   25.1318
-44 -23  -1 -222.537 -118.221 -5.45132 0.516959 0.119261 0.227068 0.119261 0.675379   1.0172 0.227068   1.0172  28.4995
-47 -23  -1  -237.24 -117.583 -5.55472   0.556142 -0.0133243  -0.951567 -0.0133243   0.562519   -1.97796  -0.951567   -1.97796    57.7805
-40 -23  -1  -202.44 -118.244 -5.43718  0.453386 -0.068368  0.165143 -0.068368  0.780712 -0.834604  0.165143 -0.834604   31.8896
-37 -24  -1 -187.541 -122.335 -5.58256 0.685311 0.149935  8.35839 0.149935 0.619549  5.36803  8.35839  5.36803  329.511
-36 -24  -1 -182.548 -122.243 -5.66862 0.578068   0.1659    4.551   0.1659 0.609722  5.22351    4.551  5.22351  218.589
-47 -20  -1 -238.638 -102.132 -5.48841   4.27553   33.2217 -0.788203   33.2217   277.293  -9.06031 -0.788203  -9.06031   9.76564
-48 -21  -1 -241.649 -108.356 -5.69262 0.456188 0.131576 -1.49618 0.131576 0.668228 -2.25571 -1.49618 -2.25571  47.8913
-47 -21  -1 -238.153 -108.806 -5.65281   0.753392  -0.596609   -1.37176  -0.596609    1.06977 -0.0219617   -1.37176 -0.0219617    21.7295
-46 -15   0 -232.669 -77.8734 -3.10593     1.9265    25.2343 -0.0772887    25.2343    424.964   -1.09689 -0.0772887   -1.09689    1.70554
-48 -22  -1 -241.693 -113.222 -5.56313  0.855681 0.0805578 -0.632582 0.0805578   1.18191   2.32993 -0.632582   2.32993   21.4361
-40 -28   0 -202.463 -141.956 -1.64584   0.519057 -0.0419533 -0.0220012 -0.0419533   0.707478  0.0424737 -0.0220012  0.0424737   0.194303
-37 -22  -1 -185.934 -114.427 -5.51553  81.6218 -107.616  4.92329 -107.616  152.063 -5.31035  4.92329 -5.31035  14.2803
-37 -23  -1 -187.252 -118.155 -5.52862   0.487832  0.0652743    0.21119  0.0652743   0.677264 -0.0635694    0.21119 -0.0635694    18.3632
-48 -20  -1 -243.559 -102.241 -5.52101  0.846049  -2.68635 -0.203968  -2.68635   42.9694  -5.66236 -0.203968  -5.66236   12.3728
-32 -24   0 -163.009 -123.277 -2.56772   0.839748   0.531681   0.161372   0.531681    1.70379 -0.0691555   0.161372 -0.0691555   0.485197
-47 -22  -1 -238.121 -112.991 -5.53295  0.590223 -0.398596 -0.650401 -0.398596   1.39932   2.39797 -0.650401   2.39797   16.7928
-33 -20   1  -166.46 -101.431   5.3144 4.89781 4.90233 1.26762 4.90233 6.42353 2.05692 1.26762 2.05692 14.7552
-38 -27   1 -192.777 -139.531  5.53961  0.516336 -0.534517  0.238371 -0.534517   10.9387   0.30567  0.238371   0.30567   3.05507
-44 -26  -1 -222.771 -130.191 -5.04357 0.497922 0.270249 -3.04981 0.270249  17.7886  28.3854 -3.04981  28.3854  462.528
-36 -23  -1 -182.309 -117.779 -5.62009  0.487849 -0.130823  0.217376 -0.130823  0.610899  0.106396  0.217376  0.106396   14.2836
-34 -24  -1 -172.659 -122.506 -5.68922 0.574223 0.157474  4.06213 0.157474 0.935228  8.87958  4.06213  8.87958  176.184
-44 -28   0   -222.433   -141.655 -0.0102175   0.396695  0.0893488 -0.0500392  0.0893488   0.777056  0.0235667 -0.0500392  0.0235667   0.104439
-35 -24  -1 -177.452 -122.294 -5.70708  0.473689 0.0115789 -0.248496 0.0115789   2.66775   31.0352 -0.248496   31.0352   437.789
-35 -29   1 -176.928 -147.348  7.35402  0.834371 -0.134025 0.0518298 -0.134025  0.987207   0.18181 0.0518298   0.18181  0.555856
-35 -27  -1 -178.103 -135.658  -5.5704  1.90219 -2.89111  27.2865 -2.89111   7.1096 -58.2454  27.2865 -58.2454  565.395
-41 -24  -1 -207.594 -122.521  -5.4518   0.529656 -0.0909783   -3.62226 -0.0909783   0.656534     7.0957   -3.62226     7.0957    300.487
-34 -16  -1 -171.516 -80.7549 -5.49663   4.17542 -0.292772  0.848523 -0.292772  0.639099   1.12934  0.848523   1.12934   12.2461
-36 -22  -1 -182.013 -113.473 -5.65102   0.536129 -0.0295044   0.114393 -0.0295044   0.749358  -0.364155   0.114393  -0.364155    10.6684
-48 -23  -1 -242.662 -117.531  -5.5503  0.552499 0.0596134   1.69143 0.0596134  0.499952  -1.44913   1.69143  -1.44913    59.941
-49 -23  -1 -247.439 -117.912  -5.4244  0.544867 -0.197056  0.324792 -0.197056  0.539167 -0.171759  0.324792 -0.171759   26.0897
-41 -23  -1 -207.655 -118.721 -5.43559 0.523404 0.148328 0.345171 0.148328 0.868712  1.12813 0.345171  1.12813  28.9019
-32 -15   0 -164.843 -76.6555  -4.5983  571.026   26.299  12.4847   26.299  3.42469 0.297358  12.4847 0.297358  15.7059
-39 -24   0 -197.755 -120.078 -4.81582  3.37617 -27.3368 -1.80753 -27.3368  634.547   -29.57 -1.80753   -29.57  80.2665
-35 -23  -1 -177.622 -117.336 -5.85701       0.625 -0.00626606     3.02329 -0.00626606    0.475489   -0.618382     3.02329   -0.618382     53.4046
-37 -28  -1 -187.454 -142.921 -5.36461  0.731898  0.355321  0.508877  0.355321   1.14468 -0.740452  0.508877 -0.740452   16.4945
-33 -16  -1 -166.294 -80.7032 -5.48153     1.008 0.0179447  0.877765 0.0179447   1.35132   1.31994  0.877765   1.31994   10.8055
-35 -21  -1 -176.109 -107.753 -5.67312   1.43141 -0.715367  0.486282 -0.715367   1.05514  -0.75755  0.486282  -0.75755   7.70263
-35 -22  -1 -177.148 -112.901 -5.74256  0.638889 -0.273979  0.433478 -0.273979  0.771189  -0.31115  0.433478  -0.31115   9.02088
-38 -28   0  -192.355  -142.217 0.0478958   0.535365  -0.118677 -0.0224833  -0.118677   0.718181 -0.0325793 -0.0224833 -0.0325793   0.124664
-34 -26  -1 -172.739 -132.172 -5.81145  4.67741 -1.27361  44.0594 -1.27361  1.12826 -14.1263  44.0594 -14.1263  463.998
-36 -28  -1 -181.947 -144.009 -5.43065  0.610762  -0.35265 -0.662756  -0.35265    3.0898  -1.13871 -0.662756  -1.13871   13.4084
-38 -29  -1 -190.919 -146.377 -5.63006  1.08252 0.428705  1.21005 0.428705  2.33029  -1.6661  1.21005  -1.6661  11.5416
-34 -22   0 -174.005 -110.854 -4.62583   3.61927 -0.784252  0.444958 -0.784252   3.25493  -0.50892  0.444958  -0.50892   16.9932
-47 -26  -1 -236.759 -130.275 -5.06603 0.762911  1.90619  6.17455  1.90619    16.08  52.9859  6.17455  52.9859  523.407
-34 -20  -1 -172.377 -103.357 -5.65174   2.02821 -0.645588   1.83756 -0.645588  0.622463 -0.851534   1.83756 -0.851534   7.87256
-31 -12   0 -159.798 -64.7103 -4.81718  321.795 -1647.33 -131.364 -1647.33    12093  1255.75 -131.364  1255.75  854.767
-33 -23   0 -166.547 -119.419 -3.58626    2.36989   -2.07544 -0.0226155   -2.07544    5.54027  -0.112227 -0.0226155  -0.112227    3.28141
-34 -23  -1 -172.642   -117.2 -6.01599 0.534947 0.201119  4.35774 0.201119  1.22655  15.7419  4.35774  15.7419  339.166
-34 -19  -1 -172.064 -97.8566 -5.32296   4.03057  0.352865   2.90686  0.352865   0.59248 -0.450227   2.90686 -0.450227   13.6538
-42 -24   0 -213.245 -120.878 -4.24747   1.5803 -3.13223 0.647179 -3.13223   23.516 -2.50026 0.647179 -2.50026   5.0815
-34 -22  -1 -172.752 -112.358  -6.0281   0.625444 0.00311818    1.48611 0.00311818   0.528549  -0.942855    1.48611  -0.942855    17.0781
-33 -23  -1  -167.42 -117.407 -6.01868 0.479377 0.113734     2.25 0.113734  1.37943  14.4507     2.25  14.4507  238.429
-33 -24  -1 -167.586 -122.044 -5.89622  0.559383 -0.130164   1.33583 -0.130164  0.570022  -1.80222   1.33583  -1.80222   25.9953
-38 -28   1 -192.416 -142.809  5.71243     0.406988    -0.160508     0.172074    -0.160508     0.734339 -0.000148989     0.172074 -0.000148989      3.31407
-36 -23   0 -182.397 -117.722 -4.41723  0.722456 -0.429109  0.128192 -0.429109  0.859399 0.0709995  0.128192 0.0709995   7.64577
-36 -14  -1  -180.08 -74.8565 -5.73724  4413.46 -1316.78  414.654 -1316.78  488.178 -141.074  414.654 -141.074  48.8227
-35 -16  -1 -178.441 -80.1632 -6.12876  7.21036  20.3158 -8.35451  20.3158  83.9326 -22.3696 -8.35451 -22.3696  21.6263
-48 -29   1 -241.221 -145.854  5.69113  0.915123 -0.333101  0.600365 -0.333101     4.845   -3.2949  0.600365   -3.2949   5.93663
-49 -20  -1 -245.506 -103.523 -5.47368   114.53 -7.42788  30.6468 -7.42788  2.06861  -3.0443  30.6468  -3.0443  26.4814
-37 -29  -1 -187.124 -147.274 -5.67333  0.425681 -0.117116  0.298341 -0.117116  0.637139  -0.51105  0.298341  -0.51105    7.5808
-33 -29   2 -168.365 -147.172  11.0121   1.20955 -0.250077 -0.344885 -0.250077  0.992255  0.407293 -0.344885  0.407293   1.30937
-49 -28   1 -248.098 -142.397  5.98224   0.836941 -0.0819281   0.146323 -0.0819281   0.589046  -0.168332   0.146323  -0.168332    2.04315
-40 -25   0 -202.026 -128.838 -4.26983   1.12361   5.53537  0.996296   5.53537   58.8298 -0.342438  0.996296 -0.342438   7.17489
-33 -21  -1 -167.201 -108.115  -6.0169  0.500188 0.0231465  0.114376 0.0231465  0.662611 -0.156485  0.114376 -0.156485   5.36329
-33 -22  -1 -167.501 -112.348 -6.32842 0.842079  0.30995  11.4951  0.30995 0.783538  10.1593  11.4951  10.1593  362.906
-32 -23  -1 -162.534 -117.454 -6.16941  0.629246 0.0258453   1.37574 0.0258453   0.50545  0.257433   1.37574  0.257433   15.2241
-33 -25  -1 -167.832 -127.249 -6.05032  1.21972 -0.15621  4.97553 -0.15621 0.652056 -1.85527  4.97553 -1.85527  36.5674
-31 -20   0 -159.442 -102.385 -2.01808    7.51857  -0.488045 -0.0508114  -0.488045    1.10517 -0.0410572 -0.0508114 -0.0410572   0.284153
-42 -11  -1 -213.803 -56.7217 -5.88304    118.56  -2.46162    11.535  -2.46162  0.532425 -0.428487    11.535 -0.428487   4.23608
-45 -15  -1 -226.401 -78.0981 -6.49689  2.36415  15.5884  10.9719  15.5884  746.075 -32.9626  10.9719 -32.9626  141.734
-34 -18  -1 -171.678  -92.939 -5.47622    3.3489  -1.64705 0.0819363  -1.64705   2.28719  0.177683 0.0819363  0.177683    5.2301
-42 -28   1 -212.963 -142.767  6.50405   0.454257   0.141395 -0.0352183   0.141395   0.488169  -0.193978 -0.0352183  -0.193978   0.568995
-33 -27  -1 -166.712 -138.289 -5.60829  1.81453   1.0031  1.06681   1.0031 0.911086  1.22175  1.06681  1.22175  6.11836
-35 -28  -1  -176.91 -143.758 -5.55346  0.552284 -0.129617  0.132973 -0.129617   1.25827 -0.757176  0.132973 -0.757176   6.33403
-42 -10  -1 -213.641 -51.5931 -5.89109    173.446   -5.74225    8.56267   -5.74225   0.653943 -0.0298456    8.56267 -0.0298456    3.28445
-47 -29   1 -239.814 -145.532  5.83477  49.2774 -10.7619 -25.8419 -10.7619  15.2972  21.3098 -25.8419  21.3098  44.9413
-35 -13  -1 -179.257 -68.6036 -5.85842  51.4327 -2.40668  8.21758 -2.40668  1.26555 -2.23562  8.21758 -2.23562  7.25293
-37 -23   0 -187.872 -116.724 -2.03386  0.732943 -0.199425  0.146907 -0.199425   1.09771 -0.321376  0.146907 -0.321376  0.372609
-48 -14  -1 -242.869 -70.4132  -6.2347  0.678547 0.0864093 -0.166469 0.0864093   3.94392 -0.605205 -0.166469 -0.605205   3.85271
-49 -14  -1 -247.895 -71.9746 -6.37071  1.03712 0.223348 -1.25987 0.223348  1.66323  2.65386 -1.25987  2.65386  9.71161
-34 -15  -1  -171.21  -76.584 -6.27932    1.4135  0.332191  -1.81294  0.332191  0.601424 -0.427786  -1.81294 -0.427786   5.66543
-31 -16  -1 -158.192 -82.5905 -6.26342   0.707517 -0.0318173    1.48014 -0.0318173    0.48425 -0.0673661    1.48014 -0.0673661    7.63736
-32 -21  -1  -162.72 -107.526 -6.35478  0.689997 -0.049619   1.18741 -0.049619   0.56261 -0.239813   1.18741 -0.239813   7.50294
-32 -22  -1 -162.616 -112.335 -6.48168 0.808821 0.421714  5.88214 0.421714  1.43565  12.4303  5.88214  12.4303  160.585
-33 -26  -1 -167.566 -132.272 -6.33971  6.23188  -1.8276  51.6471  -1.8276  1.07068 -16.1775  51.6471 -16.1775  466.013
-48 -27   1 -242.322     -139  5.66104   0.915991   0.272766 -0.0362071   0.272766    2.56063     1.1622 -0.0362071     1.1622    4.82544
-35 -12  -1 -179.332 -61.6756 -5.70072    18.22  3.07921  2.18686  3.07921  1.69406 0.619826  2.18686 0.619826  4.27537
-34 -14  -1 -171.809 -72.0496 -6.34372  0.838412 -0.212221 -0.257723 -0.212221   1.04751  -1.32317 -0.257723  -1.32317   5.45156
-30 -14  -1  -152.36 -72.8149 -6.67988   0.489452 -0.0215809   -2.30297 -0.0215809   0.515163  -0.370074   -2.30297  -0.370074      198.9
-32 -20   0 -161.798 -101.737 -1.93185    0.581719 -0.00902071   0.0757739 -0.00902071    0.899211   0.0145966   0.0757739   0.0145966    0.358965
-36 -15  -1 -180.118 -76.4891  -5.8189   947.337  -25.0377   20.5341  -25.0377   2.21563 -0.568247   20.5341 -0.568247   4.90589
-31 -15  -1 -157.522 -77.5868 -6.05062    0.638783 -0.00358718    0.408071 -0.00358718    0.719836   -0.188014    0.408071   -0.188014     4.41758
-32 -17  -1  -160.34 -86.6154 -5.11601   4.34981 0.0628485  -3.85901 0.0628485  0.521522  -1.50765  -3.85901  -1.50765   53.8726
-35 -15  -1 -179.486 -78.3603 -5.96223   2.12698 -0.327834  0.291551 -0.327834  0.995937  0.790087  0.291551  0.790087   4.10191
-30 -15  -1 -152.315 -77.6872 -6.69956   0.457303 -0.0388955   0.415789 -0.0388955   0.469236  -0.597098   0.415789  -0.597098    70.0304
-31 -17  -1  -158.11 -87.5927 -6.31578     0.666883 -0.000619357      1.57226 -0.000619357     0.466135   -0.0529725      1.57226   -0.0529725      8.33557
-33 -19  -1 -166.833  -97.819 -5.99033  0.904635 -0.133654  0.555196 -0.133654    0.6038 -0.266829  0.555196 -0.266829   5.34086
-31 -23  -1 -157.582 -117.585 -6.54179   0.57453 -0.107996   1.38567 -0.107996    0.5122  -1.01867   1.38567  -1.01867   17.8763
-32 -24  -1 -161.898 -122.711 -6.13055  0.529445  0.210668 0.0322201  0.210668  0.606796   1.04503 0.0322201   1.04503   8.05256
-34 -28  -1 -172.799 -142.861 -5.80313  0.637308 -0.207733  0.336739 -0.207733  0.635298 -0.592793  0.336739 -0.592793   4.97133
-49 -10  -1 -247.888 -50.9759 -6.88564  3.60036   3.4892 -46.5535   3.4892  5.89186 -59.1484 -46.5535 -59.1484  1034.03
-45 -10  -1 -228.383 -52.7162 -6.71461  15.1457 -10.6061  1.53242 -10.6061  7.82767 0.343712  1.53242 0.343712   10.701
-42 -12  -1 -213.975 -62.0166 -6.03713  169.798 -9.11595  10.1295 -9.11595  1.48234 0.664486  10.1295 0.664486  5.75873
-31 -29   1   -158.6 -146.958  7.92477  1.69189  1.27384 -0.16443  1.27384  2.63641 0.292906 -0.16443 0.292906  2.09342
-49 -12  -1  -247.94 -61.6522 -6.86961  2.43429 -0.83675 -11.1825 -0.83675  1.05634 -4.81879 -11.1825 -4.81879  474.273
-34 -13  -1 -171.231 -67.4055 -5.85367  11.1052 0.368274  2.45318 0.368274  1.37814  0.69105  2.45318  0.69105  3.77322
-32 -16  -1 -161.294  -81.361 -5.52477 0.706157 0.325411 0.041953 0.325411  1.10471  1.56961 0.041953  1.56961  6.60778
-48 -13  -1 -242.501 -66.6997 -6.82817  5.03385  2.71598  2.57103  2.71598   1.7536 -2.53637  2.57103 -2.53637  120.721
-47 -14  -1 -237.496 -71.5166 -6.22494   6.5014  2.11558 -6.45777  2.11558  1.57969 -1.42623 -6.45777 -1.42623  8.50213
-31 -14  -1 -157.546 -72.5822 -6.71883  0.559187 0.0631457  -3.41181 0.0631457  0.540626   2.81668  -3.41181   2.81668   206.028
-41 -23   0 -207.573  -117.19 -1.88042    0.52286    0.10298 -0.0647207    0.10298    1.12026  -0.489957 -0.0647207  -0.489957   0.489382
-30 -16  -1 -152.417 -82.5796 -6.73627   0.507971 -0.0159593    1.40836 -0.0159593   0.490688   -1.37405    1.40836   -1.37405    114.765
-33 -18  -1 -166.911 -92.7798 -5.77253 0.607745 0.236577 0.146667 0.236577  2.37308 -1.23478 0.146667 -1.23478  3.63113
-31 -18  -1 -157.957 -92.2529 -6.52663   0.570923 -0.0139075    1.30433 -0.0139075   0.568351  -0.753542    1.30433  -0.753542    10.0031
-31 -21  -1 -157.695 -107.272 -6.74165   0.664355 -0.0522683    5.33477 -0.0522683   0.552173   -1.39524    5.33477   -1.39524    154.672
-49 -27   1 -247.775 -139.459  5.41333  1.42139 0.461267 0.654022 0.461267  6.05246 -1.22292 0.654022 -1.22292  10.5797
-35 -26   0 -176.394 -133.226 -3.48119   1.24158  -1.11213  0.251987  -1.11213   3.39089 -0.388175  0.251987 -0.388175   2.33797
-31 -22  -1 -157.578 -112.604 -6.71146 0.649632 0.101416  3.69368 0.101416 0.615189  2.64311  3.69368  2.64311  77.0389
-30 -22  -1  -151.98 -112.386 -6.81649   0.770398 -0.0441537   -6.85859 -0.0441537   0.502368    2.50747   -6.85859    2.50747    251.407
-30 -23  -1 -152.257 -117.181 -6.79259   0.486011 -0.0348606   0.545951 -0.0348606   0.534417  -0.595071   0.545951  -0.595071    99.4453
-46 -10  -1 -231.188 -53.0236 -6.56375  0.926808 0.0684646   -0.9686 0.0684646  0.765288   1.44965   -0.9686   1.44965   6.20911
-30 -10  -1 -152.441 -52.2122 -6.70682   0.41861 -0.107853 -0.496121 -0.107853  0.551543 -0.208641 -0.496121 -0.208641   7.94883
-32 -10  -1 -161.723 -51.9671 -6.73814 0.648484 0.280271 -5.11804 0.280271 0.943634 -7.24411 -5.11804 -7.24411  148.646
-31 -10  -1 -157.183 -52.4978 -6.62363  0.566493 0.0798473 -0.517324 0.0798473  0.554927 -0.569405 -0.517324 -0.569405   10.1634
-48 -11  -1 -241.802 -55.8086 -6.95686   1.13923 -0.386984   14.5732 -0.386984   4.58351   9.21934   14.5732   9.21934   325.864
-46 -11  -1 -233.159 -57.3028 -6.68433  0.691094 -0.353127 -0.159113 -0.353127  0.875327 -0.695418 -0.159113 -0.695418    3.1063
-39 -25  -1 -197.481  -127.32 -5.28543 0.491181 0.188006  3.22765 0.188006   2.5003  29.6386  3.22765  29.6386  432.956
-31 -12  -1 -157.941 -62.2594 -6.30957   0.752951 -0.0449348   0.635146 -0.0449348   0.641967   -0.33606   0.635146   -0.33606    4.58959
-30 -12  -1 -152.269 -62.5013 -6.75593  0.475384 0.0563349  -4.37712 0.0563349   0.49218   2.37838  -4.37712   2.37838   359.638
-31 -13  -1 -157.575 -67.6803 -6.73952    0.46597 -0.0162371   0.420104 -0.0162371   0.529101  -0.930444   0.420104  -0.930444    25.0997
-32 -14  -1 -161.957 -72.4719 -6.79317  0.668009 -0.270272  -8.27876 -0.270272   1.09674   17.0841  -8.27876   17.0841   489.345
-32 -15  -1  -162.16 -77.1177  -6.0804  0.359879  0.121483  0.397735  0.121483   0.68655 0.0247242  0.397735 0.0247242   4.66196
-30 -17  -1 -152.584  -87.563 -6.77949    0.53707 -0.0255551    2.03304 -0.0255551   0.498273  -0.949739    2.03304  -0.949739    115.542
-30 -18  -1 -152.655 -92.4511 -6.82244   0.527181 -0.0315713    2.23863 -0.0315713   0.495272   -1.15552    2.23863   -1.15552    128.583
-32 -18  -1 -162.329 -93.3342 -6.17416  0.611348 -0.158549  0.133739 -0.158549   1.55443 -0.927667  0.133739 -0.927667   3.47187
-33 -10   0  -167.058  -51.4349 -0.158701  0.558134 -0.253759 0.0755119 -0.253759   3.49416 0.0110905 0.0755119 0.0110905  0.308721
-30 -19  -1 -152.653  -97.551 -6.87551   0.509261 -0.0125411    2.17221 -0.0125411   0.511298 -0.0212957    2.17221 -0.0212957    105.707
-38 -25   0 -193.215 -128.948 -3.80332  1.48648  -13.562 -4.84962  -13.562  207.332  51.9189 -4.84962  51.9189  24.9499
-31 -19  -1 -157.379 -97.5303 -6.83247 0.896211  0.14737 -7.84244  0.14737  0.52818 -2.38446 -7.84244 -2.38446   160.11
-36 -25   0 -183.015 -129.593 -3.06549   3.1885 0.015281  0.42071 0.015281  4.56494  1.64569  0.42071  1.64569  4.71796
-32 -20  -1 -162.589 -102.737 -6.51074  0.546593 0.0228484  0.400188 0.0228484  0.576104   1.35239  0.400188   1.35239   12.1583
-34 -21  -1 -172.678 -107.742  -5.9549   0.483468 -0.0417341    0.89286 -0.0417341   0.417518  -0.505595    0.89286  -0.505595    9.47937
-30 -20  -1 -152.493 -102.589 -6.86267   0.468885 0.00711338   0.684485 0.00711338   0.476036 0.00459999   0.684485 0.00459999    136.143
-38 -27  -1 -190.561 -137.519 -5.05216  6.89343  -5.1256  57.4038  -5.1256   19.977 -162.629  57.4038 -162.629  2021.54
-33 -20  -1 -167.754 -102.436  -5.9294   1.45946 0.0454307   2.28747 0.0454307  0.527672  0.386978   2.28747  0.386978   8.74794
-30 -21  -1 -152.238 -107.454 -6.84497   0.524726 0.00433216   -2.87447 0.00433216   0.500725    1.45276   -2.87447    1.45276    250.117
-35 -29  -1 -177.422 -146.601 -6.00345  0.464188 -0.272811  0.165679 -0.272811  0.850371 -0.395036  0.165679 -0.395036   3.53192
-48 -10  -1 -241.884 -52.5566 -7.04341   1.05964 -0.260961   2.35232 -0.260961   3.63221   42.2824   2.35232   42.2824   797.126
-47 -10  -1  -239.25 -51.2133 -7.07515    1.41981 0.00317119   -7.20684 0.00317119   0.402301   0.150078   -7.20684   0.150078    402.077
-30 -11  -1 -152.485 -57.1617 -6.83557  0.525159 -0.139282  -7.35881 -0.139282  0.629972   7.51058  -7.35881   7.51058   383.119
-34 -12  -1 -171.127 -62.5015 -5.81243  1.22219 0.264392 0.300396 0.264392 0.890144 0.168569 0.300396 0.168569  3.14325
-39 -25   0 -197.497 -128.827 -4.35429 0.711277  3.69763 -2.17665  3.69763  45.0438 -16.1679 -2.17665 -16.1679  21.7245
-32 -13  -1 -162.008 -67.7534 -6.77879  0.559014  0.110921 -0.504341  0.110921  0.554671   -1.1984 -0.504341   -1.1984   10.8253
-33 -15  -1 -167.093 -76.4601 -5.97216   0.549781  0.0186869 -0.0844284  0.0186869   0.661156  -0.271038 -0.0844284  -0.271038    3.36522
-47 -25   0 -238.671  -129.34 -4.05415  127.191 -5.07667  3.24866 -5.07667  57.9885 -2.79883  3.24866 -2.79883   10.546
-36 -29  -1 -182.403 -146.821 -5.85915   0.451235 -0.0485469    0.30484 -0.0485469   0.737023  -0.274337    0.30484  -0.274337    5.54994
-32 -19  -1 -162.746 -97.2436 -6.59174    1.00813 -0.0973635     1.8839 -0.0973635   0.622508  -0.770425     1.8839  -0.770425    10.2197
-31 -20  -1 -157.551 -102.792 -6.66172    0.597253 -0.00858365     1.61861 -0.00858365    0.584139    0.954557     1.61861    0.954557      26.311
-30 -24  -1 -153.122 -122.063 -6.64362  0.604392 -0.123275  0.736682 -0.123275  0.651874  -0.35687  0.736682  -0.35687   4.26769
-31 -24  -1 -158.203 -122.966 -6.41652   0.697533 -0.0579291    0.91925 -0.0579291   0.464307    0.57995    0.91925    0.57995    5.13058
-32 -19   0 -162.641 -98.5199 -1.41717   0.790184   0.192463 -0.0905469   0.192463    1.04404  -0.010263 -0.0905469  -0.010263   0.276326
-32 -25  -1 -161.607 -126.451 -5.97982   1.03706 -0.216544 -0.267123 -0.216544   1.00172 -0.237551 -0.267123 -0.237551   3.16466
-32 -26  -1 -162.231 -132.143 -6.69844 0.459518 0.113289  -0.1445 0.113289 0.633766 0.117915  -0.1445 0.117915  3.58904
-34 -26   0 -174.761 -133.393 -3.53584  35.2217  3.47007 0.890299  3.47007  6.25932 0.278457 0.890299 0.278457   5.4841
-34 -29  -1 -173.449 -145.857 -5.97898   0.89213 0.0391474  0.127536 0.0391474   1.35349 0.0513439  0.127536 0.0513439   3.41768
-34 -10  -1 -173.576 -54.5852 -6.28309   0.78665 -0.428299  0.396891 -0.428299   41.3764   4.52476  0.396891   4.52476   3.78848
-40 -25  -1 -202.577 -127.486 -5.23742 0.508902 0.133385  2.48847 0.133385   2.4931  29.2987  2.48847  29.2987  419.379
-33 -10  -1 -167.162 -51.7655 -6.74967   0.645165 -0.0241779   0.703845 -0.0241779   0.545288  -0.424676   0.703845  -0.424676    9.86882
-31 -11  -1 -157.474 -57.1444 -6.14047  0.565897 0.0183851  0.460888 0.0183851   0.74312   0.31049  0.460888   0.31049   2.25199
-32 -12  -1 -161.958 -62.2785   -6.371  0.469973  0.129808 0.0699564  0.129808  0.962941 -0.323344 0.0699564 -0.323344   2.55871
-30 -13  -1  -152.38 -67.5454 -6.70893   0.494967 -0.0225896    -1.2673 -0.0225896   0.635616    5.30837    -1.2673    5.30837     295.32
-33 -13  -1 -168.094 -67.5268 -6.52539  1.01409 0.116222  1.50255 0.116222 0.429821 0.318184  1.50255 0.318184  6.35578
-33 -28  -1  -167.57 -141.852 -5.97998   0.432766 -0.0993463   0.289849 -0.0993463    1.14361  -0.504129   0.289849  -0.504129    3.17167
-32 -28   1 -163.458 -143.632  6.15616  0.826218  0.304008 0.0103463  0.304008  0.527678  0.157755 0.0103463  0.157755  0.882366
-32 -11  -1 -162.198 -56.6897 -6.06803   0.527215  -0.068793    0.17645  -0.068793    1.20378 0.00205093    0.17645 0.00205093    2.22492
-49 -11  -1 -249.273 -58.2194 -6.89377  2.56308 -1.34238  18.0263 -1.34238  1.57791 -3.34368  18.0263 -3.34368  497.967
-34 -11  -1 -170.958 -56.3054 -6.32159   1.62736 -0.116777 -0.551176 -0.116777   1.22132 -0.516168 -0.551176 -0.516168   2.16833
-48 -25  -1 -242.571 -127.549 -5.32509 0.498645 0.237755  3.16688 0.237755  2.48339  29.3298  3.16688  29.3298  418.295
-35 -11  -1 -178.848 -56.9892 -6.06388  3.31268 0.131947  1.49739 0.131947 0.610594 0.190588  1.49739 0.190588  2.66764
-32 -27  -1 -163.174 -138.236 -6.09687 0.801069 0.510667  1.94975 0.510667  1.04426  2.76334  1.94975  2.76334  9.70043
-39 -29   1 -196.94  -145.3 5.69604  0.219151 0.0675217 0.0105307 0.0675217   33.4666  -2.15626 0.0105307  -2.15626   1.87128
-33 -14  -1   -167.9 -71.8529 -6.52281   0.675997 0.00438281   0.846544 0.00438281   0.562852  -0.495446   0.846544  -0.495446    4.77083
-31 -25  -1 -158.516 -126.274 -6.20171   1.15922  0.268989  0.555892  0.268989   1.19937 -0.543874  0.555892 -0.543874   2.77213
-45 -26   0 -227.752 -133.118 -3.90676   0.57409 -0.110335  0.118979 -0.110335  0.836508  0.439965  0.118979  0.439965  0.774482
-35 -10  -1 -178.744 -52.4276 -6.17003   146.582  -4.37246   4.62645  -4.37246  0.588361 -0.158985   4.62645 -0.158985   2.74267
-30 -25  -1 -152.947 -127.288 -7.16311  0.490763 0.0969409  -1.68478 0.0969409  0.957135   -8.4342  -1.68478   -8.4342   132.638
-33 -29  -1 -167.706 -146.751 -6.45202  0.664082 -0.112746  0.251172 -0.112746  0.521208 -0.238128  0.251172 -0.238128   2.05463
-33 -11  -1  -167.25 -56.4595 -5.99949 0.499111 0.130561 -0.24963 0.130561  1.46139 -0.45495 -0.24963 -0.45495  2.49268
-31 -26  -1 -158.144  -132.37 -6.77757 0.834219  0.11118  1.12085  0.11118 0.811861 0.357319  1.12085 0.357319  2.89644
-33 -26   0 -168.256 -134.634 -3.30644  3.62627 0.209194 0.307703 0.209194  13.0674 0.838852 0.307703 0.838852  1.13368
-30 -26  -1 -152.908 -132.412 -7.51446  1.42511  0.72558 -9.81427  0.72558  1.01132  -8.5331 -9.81427  -8.5331  147.927
-44 -27   0 -221.889 -137.368 -1.63438  0.601086 -0.301326 -0.126969 -0.301326  0.745371  0.176387 -0.126969  0.176387  0.310022
-48 -21   0 -240.667 -107.844 -4.52982  322.98 96.7485 205.893 96.7485 103.039 71.9371 205.893 71.9371 137.534
-31 -27  -1 -157.459  -138.53  -6.9398  0.692344 -0.185859  0.801953 -0.185859   0.56673  0.343962  0.801953  0.343962   3.15896
-32 -28  -1 -162.419 -141.963 -6.42942  0.385731 0.0136251   0.14661 0.0136251  0.669594 -0.337734   0.14661 -0.337734   1.98091
-31 -28  -1 -157.694 -141.725 -6.40638   0.445584   -0.12258 -0.0472632   -0.12258   0.784945 -0.0805781 -0.0472632 -0.0805781    1.44255
-35 -13   0  -179.218  -67.4282 -0.714371    6.5686 -0.110654   0.12954 -0.110654  0.480197  0.022427   0.12954  0.022427  0.254753
-42 -13  -1 -214.153 -68.2554 -5.81896  222.416 -10.1219   41.136 -10.1219   1.2183 -2.30861   41.136 -2.30861  12.9401
-31 -29  -1 -158.634 -146.007 -6.43104  1.23087  1.01919 0.293473  1.01919  2.00949 0.496992 0.293473 0.496992  0.89611
-30 -27  -1 -152.768 -137.825 -7.80109    0.402562 -0.00244457    0.368588 -0.00244457    0.643447      -3.872    0.368588      -3.872     106.747
-34 -25  -1 -172.637 -127.116 -5.62666   1.31695 -0.322927   9.25684 -0.322927  0.607279  -4.10092   9.25684  -4.10092   113.452
-32 -29  -1 -162.552 -146.022 -6.71899 0.609067 0.127354 0.182518 0.127354  1.78508 0.182379 0.182518 0.182379  1.45879
-30 -28  -1 -153.491 -141.649 -7.20263   0.784147 -0.0887762   0.639535 -0.0887762   0.845629  0.0910956   0.639535  0.0910956    1.44141
-30 -29  -1  -152.15 -147.075 -6.93993 0.706246 0.108916 0.331343 0.108916 0.461744 0.261644 0.331343 0.261644 0.816884
-33 -12  -1 -167.673 -62.6108 -6.13424  0.513785 -0.386288  0.105636 -0.386288   1.12721 -0.270119  0.105636 -0.270119   2.41424
-35 -14  -1  -179.09   -72.93 -6.02769    1.19793 -0.0325995   0.722161 -0.0325995   0.616909  0.0173056   0.722161  0.0173056    2.90567
