-37 -34   3 -186.323 -173.548  17.5251  88.5095 -63.1889 -30.6179 -63.1889  54.1398  23.6228 -30.6179  23.6228  11.1954
-36 -34   3 -183.339 -173.105  16.8391  1.18311 0.326426 0.209812 0.326426  1.40193 0.203163 0.209812 0.203163 0.386386
-43 -31   2 -219.51 -155.63  13.005   1509.9 -1076.19  -387.48 -1076.19  869.443  237.758  -387.48  237.758  117.562
-44 -30   2 -222.241  -152.64  12.5344  0.948852 -0.823114  -0.20294 -0.823114   1.02891 -0.128283  -0.20294 -0.128283   2.53643
-41 -34   2 -205.653 -170.563  12.4728  28.5035 -10.9435  8.25939 -10.9435   38.599 -7.25228  8.25939 -7.25228  5.84967
-37 -34   2 -187.316 -174.052  12.2765  9.72205 -12.2904 -4.93936 -12.2904  21.1467  7.69976 -4.93936  7.69976   8.5029
-44 -32   2 -222.667 -160.507  11.8584  129.827  45.1049  61.0228  45.1049  81.2233 -28.6194  61.0228 -28.6194  82.2477
-39 -34   2  -197.58 -172.048  12.5719 97.5224 183.297 22.3813 183.297 346.761  42.014 22.3813  42.014 5.90338
-45 -30   2 -226.113 -153.511  12.4469   1.09856  0.820984 -0.720129  0.820984   3.33611  -2.53615 -0.720129  -2.53615   2.91764
-36 -34   2 -182.872  -173.57  12.1448   1.40428 -0.389049 -0.294199 -0.389049   1.17763 -0.282857 -0.294199 -0.282857  0.620011
-49 -31   2 -249.133 -156.352  12.6469   8.15063   4.61533 -0.429186   4.61533    3.4008 -0.365499 -0.429186 -0.365499  0.749693
-36 -35   2 -183.527 -175.177   11.882 15.2659 12.9734 14.2122 12.9734 36.8324 9.89002 14.2122 9.89002 13.9722
-46 -31   2 -231.009 -156.495  11.5121  20.3868 -20.4721  20.3044 -20.4721  23.8343 -24.5233  20.3044 -24.5233  27.6033
-42 -31   2 -213.511 -155.746  10.7393   1.80049   1.08262 -0.125004   1.08262   1.46702  0.201156 -0.125004  0.201156   12.9978
-49 -32   2 -249.094 -161.159  11.1246  329.999  -77.204 -295.347  -77.204  18.7464  69.0717 -295.347  69.0717   266.07
-40 -34   2 -203.349 -171.288  12.2702 7.15771 2.98046 2.14956 2.98046 209.928 41.1906 2.14956 41.1906 8.88693
-45 -32   2 -226.346 -161.694  11.6907  202.075 -53.1082   94.616 -53.1082  212.059    86.14   94.616    86.14  106.945
-42 -30   2 -213.819 -152.807  11.6158  5.45223  1.90856 0.374082  1.90856 0.839246 0.120306 0.374082 0.120306 0.419196
-34 -30   2  -172.56 -152.319  11.3537    7.17183   0.696995  -0.533315   0.696995    1.07897 -0.0617865  -0.533315 -0.0617865    1.25813
-36 -30   2 -181.991 -151.048  11.0553    1.13316 -0.0466742    0.47007 -0.0466742    1.33418 -0.0374647    0.47007 -0.0374647    1.46832
-32 -30   2 -162.972 -151.627  10.7395   0.81711 0.0273577  0.317242 0.0273577   2.17724 -0.962177  0.317242 -0.962177   4.37044
-37 -30   2  -186.86 -152.053  11.0172  14.8919 -4.81834  10.2172 -4.81834  2.39987 -2.91028  10.2172 -2.91028   10.684
-43 -30   2 -218.063  -152.19  11.5818  0.822145 -0.440986  0.330667 -0.440986   1.16679 -0.341262  0.330667 -0.341262  0.825222
-35 -30   2 -177.778 -153.089  11.4104   1.93994   1.29598 -0.388096   1.29598    3.0825 -0.469742 -0.388096 -0.469742  0.879518
-36 -31   2 -182.409 -156.828  11.2408    1.75414   -1.12581 -0.0509233   -1.12581    4.25507   0.991468 -0.0509233   0.991468    1.77807
-44 -31   2 -222.672 -156.811  11.6414 0.705509 0.348872 0.033502 0.348872 0.826626 0.132376 0.033502 0.132376 0.533213
-41 -33   2 -206.887 -169.108  12.2074  8.14563 -11.7889 -3.72756 -11.7889  23.9262  5.58048 -3.72756  5.58048  1.92198
-33 -30   1 -165.557 -153.513  9.51966  61.8894  175.179 -4.51996  175.179  517.324 -14.6417 -4.51996 -14.6417   7.4468
-34 -30   1 -172.682 -150.561  8.97202 21.9483 32.0432 17.5587 32.0432 57.5343 30.2468 17.5587 30.2468 22.5348
-45 -32   1 -226.598 -162.106  8.97857  102.843 -30.7135  91.7093 -30.7135  10.2018 -25.8313  91.7093 -25.8313  85.8253
-42 -31   1  -212.74 -156.819   8.5431   1.49537   0.74035  -0.61711   0.74035   5.06581 0.0112207  -0.61711 0.0112207   3.17557
-31 -31   1 -159.495 -155.354  7.59631 40.0486  143.22 138.731  143.22 683.017 568.592 138.731 568.592 517.901
-36 -32   1 -182.974 -160.362  6.83559  2.74738 -7.43325  3.21876 -7.43325  28.7367 -8.15982  3.21876 -8.15982   22.758
-49 -31   1 -249.136 -157.122  6.84738  10.6334  12.9174 -14.8242  12.9174   22.103 -26.7449 -14.8242 -26.7449  34.7709
-30 -32   1 -154.792 -163.021  7.56349   33.4341  -7.11847 -0.449079  -7.11847   8.51963 -0.608298 -0.449079 -0.608298  0.938186
-39 -35   1 -197.488 -176.018  6.92256  126.753 -128.982 -34.7189 -128.982  132.332  35.4901 -34.7189  35.4901  10.9748
-45 -37   1 -229.311 -185.864  7.88628  7.82725 -11.8187  2.45901 -11.8187  145.289 -18.9904  2.45901 -18.9904  3.30151
-41 -34   1 -206.922 -171.414  7.65588  0.312974 -0.182566 0.0350389 -0.182566   1.03101  0.101353 0.0350389  0.101353  0.691438
-36 -35   1 -182.297 -176.071  7.98965   2.5162 0.743779 -0.15174 0.743779   1.3876 0.298036 -0.15174 0.298036  1.00584
-35 -31   1 -176.613 -156.535  7.18323    1.10871   0.145734 -0.0110747   0.145734    2.18591  -0.966344 -0.0110747  -0.966344     1.3505
-40 -34   1 -202.513 -171.522  7.94594  0.703768   0.76795  -0.02941   0.76795   1.64935 -0.123442  -0.02941 -0.123442  0.526358
-40 -33   1 -203.852  -168.47  8.04421   2.28889  0.254407 0.0876401  0.254407   2.15415 -0.356239 0.0876401 -0.356239  0.524523
-36 -34   1 -182.915   -174.2   7.5259  2.52454 -0.57985  0.58015 -0.57985  2.97227 0.213117  0.58015 0.213117 0.664007
-41 -33   1 -206.274 -168.121  7.40518    1.68903    1.69087  -0.114721    1.69087    2.74727 -0.0436893  -0.114721 -0.0436893   0.278433
-45 -31   1 -227.461 -157.273  8.32805   1.2149 0.747467 0.803626 0.747467  1.66312 0.487009 0.803626 0.487009   1.2258
-39 -32   1  -196.22 -164.013  6.98089  1.97628  2.14042  0.24917  2.14042  4.54269 0.373161  0.24917 0.373161 0.621009
-37 -35   1 -186.439 -175.478  7.32434  0.973815 -0.509297  0.166051 -0.509297   6.27155 -0.198852  0.166051 -0.198852  0.921081
-37 -30   1 -186.502 -152.076    8.251   0.877828 -0.0509069   0.135451 -0.0509069    1.90128  -0.673386   0.135451  -0.673386    1.21899
-39 -34   1 -197.646 -173.456  7.49427   0.819982 -0.0665528   0.149599 -0.0665528    1.75243   0.204131   0.149599   0.204131   0.744275
-36 -31   1 -182.295 -156.522  7.25063    1.14775  -0.168434   0.308438  -0.168434   0.637148 -0.0628356   0.308438 -0.0628356     0.7623
-42 -33   1 -211.94  -167.5 6.48166  187.534 -29.9434  65.9555 -29.9434  5.29979 -10.7978  65.9555 -10.7978  23.7231
-42 -30   1 -213.039 -151.566  7.52598  1.02534 0.626067 0.367921 0.626067  1.05253 0.500514 0.367921 0.500514 0.525583
-31 -30   1 -159.449 -152.559  6.55538  5.10851 -3.38602 -2.66492 -3.38602  5.37897  4.40188 -2.66492  4.40188   4.2151
-35 -30   1 -177.757 -152.816  7.23562  3.76983   1.7066   0.4216   1.7066  2.20489 0.384352   0.4216 0.384352 0.588762
-44 -30   1 -221.976 -151.678  6.18886   1.15538 -0.291851  0.220923 -0.291851   1.13116  0.341625  0.220923  0.341625  0.972936
-48 -30   1 -243.675 -152.568  5.14796  54.8616 -28.0815  27.8763 -28.0815  136.471  268.459  27.8763  268.459  950.075
-32 -30   1 -163.238 -153.431  7.61858  0.818872  0.152821  0.090171  0.152821   1.12468 -0.262042  0.090171 -0.262042  0.605038
-45 -31   2 -227.704 -157.612  10.9124   0.362797 -0.0178005  -0.410118 -0.0178005   0.420273   0.535851  -0.410118   0.535851    2.44512
-43 -31   1 -217.535  -157.33  7.50421   0.542207 -0.0345794  -0.263528 -0.0345794   0.915174  -0.479398  -0.263528  -0.479398   0.803537
-44 -31   1 -222.89 -157.12  7.8374     1.1153   0.232349 -0.0614123   0.232349    1.14314   -0.20582 -0.0614123   -0.20582   0.601807
-30 -31   1 -152.443 -158.951  6.24013  50.6733 -60.4079  28.5069 -60.4079  106.105 -37.5946  28.5069 -37.5946  17.8774
-32 -31   1 -162.183 -156.548  6.27558   2.22956   -1.5199 -0.228914   -1.5199   1.77525  0.166991 -0.228914  0.166991  0.789508
-31 -32   1  -155.49 -163.188  6.22925 0.999719 0.404497 0.590171 0.404497  4.98818    1.562 0.590171    1.562  1.91913
-38 -32   1 -193.186 -163.862  6.84552    0.73981 -0.0726399  0.0591177 -0.0726399   0.659311 -0.0940135  0.0591177 -0.0940135   0.593651
-38 -33   1 -193.999 -165.625  6.49121  2.31908  1.76112 0.147599  1.76112  4.46356  0.25099 0.147599  0.25099 0.642733
-42 -34   1 -210.917 -172.928  6.96394 4.79477 1.70843 1.43103 1.70843 2.04014 1.47828 1.43103 1.47828 1.67213
-37 -34   1  -187.36 -174.191  7.39378  1.20746 0.402421 -0.30876 0.402421  4.84047 0.578408 -0.30876 0.578408  1.29594
-43 -30   1 -217.926 -152.967  7.87469   1.54403  0.212118 -0.661624  0.212118  0.951098  -0.55413 -0.661624  -0.55413   1.11509
-32 -32   0 -162.391 -164.061  3.17755  138.147 -258.791 -56.2813 -258.791  519.925  159.219 -56.2813  159.219  112.445
-31 -33   0 -156.965 -165.711  3.56934   1.90266  -2.53393 -0.034275  -2.53393   7.06739 -0.351092 -0.034275 -0.351092   1.77859
-31 -31   0  -158.78 -156.072  2.73833  6.75555  5.71059 -6.72931  5.71059  12.2023 -5.15048 -6.72931 -5.15048  11.2658
-32 -33   0 -163.344 -165.564  3.53739   1.37549   4.55496 -0.280998   4.55496   29.4522  -3.40669 -0.280998  -3.40669   1.16853
-36 -32   0 -181.418 -160.881  2.28004 21.8055 -34.624 -4.8083 -34.624 61.3479 7.11326 -4.8083 7.11326 1.39014
-49 -30   2 -249.192 -154.845  13.2892  15.3761  13.5928 -15.7517  13.5928  184.273 -32.1866 -15.7517 -32.1866  29.5948
-36 -31   0 -182.674 -157.012  3.81428  0.973361 -0.283479   0.28477 -0.283479  0.641587  0.098115   0.28477  0.098115  0.973006
-43 -35   0 -217.288 -176.104  1.98567  13.1025  43.7319  -2.8361  43.7319  157.507 -11.5687  -2.8361 -11.5687  1.20658
-37 -34   0 -187.287 -173.556   2.2994  1.31893 -1.77774  -1.0179 -1.77774  3.90663  1.89404  -1.0179  1.89404    1.537
-49 -34   0    -246.6  -170.751 -0.879987   1.2156  -2.8501 -10.9528  -2.8501  34.1451  157.913 -10.9528  157.913   896.46
-31 -32   0 -156.621 -163.208   1.9206   0.444587   0.268265 -0.0549066   0.268265    1.10161  0.0938935 -0.0549066  0.0938935   0.421762
-35 -31   2 -176.383 -156.188  11.4387  3.78461  -1.4679 -1.34874  -1.4679  1.02307 0.233757 -1.34874 0.233757  2.22418
-31 -30   0 -157.735 -152.748  2.22314   1.66156   1.96783 -0.198849   1.96783   4.88797  -1.14768 -0.198849  -1.14768  0.887816
-48 -33   0  -243.21  -167.54 -1.33904 3.59123 9.88877 24.6593 9.88877 33.1648 88.5135 24.6593 88.5135 250.104
-45 -33   0 -228.927 -167.968 -1.51385 5.64416 1.37553 20.6509 1.37553 34.3516 222.412 20.6509 222.412 1542.72
-47 -32   0 -236.333 -163.799 -1.95406 0.607591 -1.66544 0.686441 -1.66544  18.8545  42.7614 0.686441  42.7614  171.365
-42 -34   0 -211.374 -173.123  2.59403   2.90964  0.986592 -0.129994  0.986592   1.32004  -0.19644 -0.129994  -0.19644  0.178944
-49 -32   0 -247.378 -161.865 -1.99617 0.731553 0.486653 0.333428 0.486653  1.29999 0.311232 0.333428 0.311232 0.706078
-48 -32   0 -243.566 -162.174 -2.26188   1.38981 -0.473139  -3.49508 -0.473139   1.77711   4.35203  -3.49508   4.35203   25.2004
-46 -32   0 -233.106 -162.207 -2.20331 0.955206 0.118616  3.52919 0.118616  3.41191  10.6206  3.52919  10.6206  51.7216
-45 -32   0 -227.526 -160.689 -2.52622  2.17144 -1.50328 -5.19427 -1.50328  2.26581  4.06649 -5.19427  4.06649  29.3979
-41 -34   0 -206.002 -170.817 0.630439   11.2984  -6.47418 -0.504644  -6.47418   19.4197 -0.517933 -0.504644 -0.517933  0.184101
-44 -31   0 -222.545 -156.823 0.642295    2.27753   -2.89925 -0.0469793   -2.89925    5.44651   0.209576 -0.0469793   0.209576   0.148166
-36 -30   1 -182.948 -150.903  7.10005    1.72409 -0.0455568  -0.210232 -0.0455568   0.899823  -0.240036  -0.210232  -0.240036   0.613821
-48 -31   0 -241.988 -156.791 -2.86266   0.328788 -0.0930336  -0.525172 -0.0930336   0.366395   0.517028  -0.525172   0.517028    10.7871
-49 -31   0 -247.478 -156.801 -3.01952  0.67322 0.280268  1.80757 0.280268  1.68347  9.29105  1.80757  9.29105  70.3728
-46 -31   0 -233.058 -157.963 -2.98512  0.622598 -0.926466  -7.88183 -0.926466   8.18562   59.1046  -7.88183   59.1046   483.457
-38 -33   0     -194 -165.457  2.43245  2.04395  2.54137 0.121271  2.54137  7.18543 0.267073 0.121271 0.267073 0.253596
-45 -31   0 -227.415 -157.651 -1.53187   0.514461  0.0166705 -0.0935363  0.0166705   0.761259   0.375533 -0.0935363   0.375533   0.368534
-37 -31   0 -186.457 -159.478  4.85086  3.93327  4.54607  24.2787  4.54607  444.804 -432.444  24.2787 -432.444  869.778
-35 -31   0 -178.779 -156.342  2.15515   1.06128 -0.362147 0.0676443 -0.362147  0.871171  0.112636 0.0676443  0.112636  0.522809
-47 -31   0  -236.97 -157.645 -2.61672  0.73408 0.547221 0.101934 0.547221   1.4052 0.725055 0.101934 0.725055  2.05863
-43 -31   0 -218.922 -156.269  2.24605  2.40387  2.13496 0.152432  2.13496  3.23295 0.615944 0.152432 0.615944 0.373388
-48 -30   0 -243.481 -152.569 0.628089    1.27844  -0.101498  0.0802238  -0.101498    1.22253 -0.0514868  0.0802238 -0.0514868   0.193966
-49 -30   0 -246.157 -152.976  -1.1201   1.07957 -0.303077 -0.409277 -0.303077   1.59159 -0.132002 -0.409277 -0.132002   0.44754
-46 -30   0 -234.616 -151.791 -3.12367 32.8548 7.96514 37.1915 7.96514 2.90102 6.85141 37.1915 6.85141 68.5332
-40 -34   0 -202.803 -171.809 -1.66703    0.819549   -0.208534 -0.00237814   -0.208534    0.659493   -0.149695 -0.00237814   -0.149695    0.137925
-43 -30   0 -218.514 -154.206  2.91191  0.925599  -0.42801 -0.044142  -0.42801   2.26195  0.686332 -0.044142  0.686332  0.443592
-37 -35   0 -186.991 -176.041  1.70739  0.489395 -0.183095 0.0655724 -0.183095  0.774062 -0.142079 0.0655724 -0.142079  0.121842
-42 -31   0 -213.577 -156.935 -1.72228 3.79286 1.91648 1.17104 1.91648 3.22108  1.2826 1.17104  1.2826 0.64884
-45 -30   0  -227.19  -152.42 -3.64164 0.698897 0.365146  1.40729 0.365146  2.67334  13.0726  1.40729  13.0726  80.9185
-44 -30   0 -222.406 -152.259  1.59558   0.999067   0.338974 -0.0576529   0.338974    0.80023 -0.0347359 -0.0576529 -0.0347359   0.101482
-32 -31   0 -162.785 -156.367  2.07549   2.38097  -1.44194 -0.451593  -1.44194   2.05731  0.454643 -0.451593  0.454643  0.336421
-36 -34   0 -184.112 -172.234 0.397114    3.2483 -0.734599 -0.674845 -0.734599   1.99269   1.01386 -0.674845   1.01386  0.627409
-32 -30   0 -162.192 -153.353  2.00073    0.63982  -0.207441 0.00262955  -0.207441     0.9813  0.0438167 0.00262955  0.0438167   0.275709
-41 -33   0  -207.097  -166.874 -0.476812  0.374941  0.121219 0.0148903  0.121219     0.622  0.123769 0.0148903  0.123769 0.0852647
-39 -34   0 -197.864 -173.089  1.91498  0.771103 0.0659784 0.0479898 0.0659784   0.64776  0.148164 0.0479898  0.148164   0.16599
-42 -30   0 -212.616 -151.694  1.28845    0.461979   0.0192352 7.93374e-06   0.0192352    0.583705    -0.14854 7.93374e-06    -0.14854    0.125367
-34 -31   0  -171.047    -158.5 0.0708036   3.74398 -0.565584  -2.42144 -0.565584    1.2484   1.06977  -2.42144   1.06977   2.14764
-40 -33   0 -203.597 -166.759 -1.76448  1.33253   1.2835 0.492315   1.2835  4.69572  1.20906 0.492315  1.20906 0.513054
-41 -30   0    -209.248    -151.248 -0.00302412    3.15981  -0.987104   0.231304  -0.987104    1.89589 -0.0783654   0.231304 -0.0783654   0.355537
-30 -32   0 -151.744 -160.514 -2.21687   6.49674  0.770252 -0.632417  0.770252   4.09108  -0.59502 -0.632417  -0.59502   0.36181
-30 -31   0  -152.272  -157.161 -0.705044    1.86556 -0.0536684  -0.107961 -0.0536684   0.512239   0.136511  -0.107961   0.136511   0.138351
-37 -33   0 -187.298  -168.14 -4.27357 2.34244 2.79512 5.19292 2.79512 3.98252 7.26124 5.19292 7.26124 19.6245
-35 -30   0 -177.973 -152.093 0.620407   0.689454  -0.135946 -0.0512552  -0.135946    1.00173   0.121015 -0.0512552   0.121015   0.180676
-38 -31   0 -192.708  -159.39  -4.3017  3.62244 -3.14317  5.93501 -3.14317  15.6367 -10.3582  5.93501 -10.3582  22.7058
-39 -33   1 -195.561 -166.011   6.1474   4.24226 -0.664452  0.815678 -0.664452    1.3366 -0.547271  0.815678 -0.547271   2.25243
-39 -32   0 -195.822 -164.323   2.5146  21.7015  13.4071 -3.36375  13.4071     11.6 -2.49998 -3.36375 -2.49998 0.783615
-39 -33   0   -196.13  -165.697 -0.283041    0.914091   -0.832161 -0.00673084   -0.832161     2.06477  0.00936235 -0.00673084  0.00936235   0.0800931
-37 -30   0 -186.904 -150.992 -1.69687  0.636026 -0.234365 -0.128914 -0.234365   2.00008 -0.271098 -0.128914 -0.271098   0.25102
-47 -30   0  -237.77 -152.039 0.289015   1.45489 -0.216993 0.0346345 -0.216993   2.09842 -0.157246 0.0346345 -0.157246  0.230433
-34 -30   0   -173.42  -152.024 -0.851751  0.784213 0.0559972    0.2702 0.0559972  0.580901  0.199726    0.2702  0.199726  0.265284
-33 -30   0 -168.007 -151.017 -2.75154  0.394764 0.0777637  0.122502 0.0777637  0.923357  0.415208  0.122502  0.415208   1.05765
-37 -31   1  -186.12 -158.127  5.85139  15.6814 -49.0437  32.3901 -49.0437  166.009 -111.405  32.3901 -111.405  75.4913
-30 -30   0  -152.194  -151.137 -0.673157   1.02634 -0.410231 -0.047081 -0.410231   1.02407 0.0852358 -0.047081 0.0852358  0.147011
-36 -30   0 -181.908 -151.855 0.768848   1.47313  0.552683 0.0880163  0.552683  0.788414  0.042498 0.0880163  0.042498  0.142825
-33 -31   0  -168.386  -157.549 -0.333892  0.548112 -0.130782 0.0827584 -0.130782  0.494723  0.129671 0.0827584  0.129671   0.33767
-39 -32  -1 -196.804 -161.642 -5.27767 4.26592 4.17238 46.0092 4.17238 6.60708 62.7858 46.0092 62.7858 677.996
-38 -32  -1 -192.522 -161.094 -5.47808  0.859941 -0.712659  -3.51071 -0.712659   1.50343   4.55158  -3.51071   4.55158   40.6525
-40 -35   0 -203.154 -178.185  2.84509  3.38783 -4.13144 0.806132 -4.13144  5.64972 -1.07339 0.806132 -1.07339 0.301128
-37 -30  -1 -185.994 -151.071 -5.62878   1.43958  0.775858 -0.472138  0.775858   1.70415 -0.958585 -0.472138 -0.958585   6.77731
-36 -30  -1  -181.81 -151.599 -5.92077   1.55569  0.527208 0.0895598  0.527208   1.37103 -0.363672 0.0895598 -0.363672   4.35215
-34 -31  -1 -172.371  -156.18  -6.6381 2.20409 1.44925 4.56124 1.44925 3.37484 5.86667 4.56124 5.86667 17.7183
-43 -32   1 -216.309 -160.782  6.51495 12.3096 14.5536 61.9141 14.5536  23.307    95.3 61.9141    95.3 406.463
-35 -30  -1 -177.878 -151.947 -6.12626  0.586303 0.0808727  0.574288 0.0808727  0.788027 -0.278887  0.574288 -0.278887     3.659
-32 -31   2 -162.032 -155.561  10.5931     1.498   0.40091  -1.11855   0.40091  0.689698 -0.442902  -1.11855 -0.442902   2.75409
-34 -30  -1 -173.502 -152.483 -6.66408   1.28176 -0.376786  0.752382 -0.376786  0.535618 -0.643342  0.752382 -0.643342   3.43262
-33 -30  -1 -168.571 -151.479 -6.56641   1.89087    1.1576 -0.890507    1.1576   1.83072 -0.736615 -0.890507 -0.736615   2.17046
-38 -32   0  -193.217  -163.035 -0.957086  0.664367 0.0400629  0.103354 0.0400629   1.04243  0.465889  0.103354  0.465889  0.294614
-32 -30  -1 -162.833 -151.865  -7.0789   1.06193  0.585006 0.0239873  0.585006  0.611475   0.14635 0.0239873   0.14635   1.04964
-30 -30  -1 -152.014 -151.579  -7.0814   1.36704  0.418483 -0.294369  0.418483   1.12246 -0.554626 -0.294369 -0.554626   1.02936
-30 -31  -1 -152.353 -156.288   -7.512    1.10433  -0.352158 0.00618802  -0.352158    2.22671  -0.242037 0.00618802  -0.242037    1.69267
