-38  14   0 -191.974  71.2211 -3.28962  185.938 -45.7233  6.22574 -45.7233  19.6401 -2.66214  6.22574 -2.66214 0.562437
-44  10   0 -222.836  52.1052 -2.04338  168.327 -9.06924  -1.1259 -9.06924   1.0264 0.231181  -1.1259 0.231181  0.32495
-38  13   0  -192.263   66.7213 -0.863711   129.328  -20.3112   2.17219  -20.3112   7.27165 -0.613801   2.17219 -0.613801   0.18797
-38  12   0 -192.443   61.619 -1.17525   112.411  -10.4352   1.99621  -10.4352   4.45465 -0.233544   1.99621 -0.233544  0.149615
-33  11   0 -165.485  56.0796 -4.57133   21.7365 -0.869102   15.4245 -0.869102   114.229  -45.9205   15.4245  -45.9205   53.5129
-38  11   0  -192.515   57.1102 -0.897517    13.1347   -1.77545    0.56312   -1.77545    1.02074 -0.0725565    0.56312 -0.0725565   0.173397
-38  10   0  -192.682   52.2759 -0.644716   10.2183 -0.567833  0.357753 -0.567833  0.972983 -0.102559  0.357753 -0.102559  0.155554
-38  12  -1 -191.111  61.1547 -5.29371  1.88519  3.02175 -11.2021  3.02175  12.1458 -71.8464 -11.2021 -71.8464  552.478
-38  11  -1 -190.918  58.6768 -5.36349  40.5783 -14.4562  84.7186 -14.4562  6.24563 -25.5849  84.7186 -25.5849  240.923
-38  10  -1 -191.162  53.2221 -5.47256   17.7786 -0.899959   40.8527 -0.899959  0.666759   -2.0089   40.8527   -2.0089   111.283
-37  11  -1 -189.001  58.7334 -5.92646  3.99622 -1.08925  10.2376 -1.08925  1.27742 -3.75188  10.2376 -3.75188  87.3161
-32  11   0 -163.211    55.75 -4.69654 92.6948 17.4427 26.0868 17.4427 392.281 -46.426 26.0868 -46.426 37.7601
-37  13  -1 -188.135  66.2083  -5.9027  27.9758 -1.92273   34.223 -1.92273  1.84543 -8.14604   34.223 -8.14604  75.2054
-37  12  -1 -188.807   62.348 -5.57472  9.81814 -2.67185  14.3123 -2.67185  1.14868 -4.66939  14.3123 -4.66939  32.6808
-35  12  -1 -176.813  61.2005 -5.68045  251.517  304.651 -209.663  304.651   373.49  -260.28 -209.663  -260.28  188.323
-44  10  -1 -223.288  52.8987 -5.73753  0.770394 -0.194699  -3.06508 -0.194699  0.922427   2.51311  -3.06508   2.51311   37.0066
-33  11  -1 -165.694  56.1516  -5.5686  24.4288  9.58334 -16.3514  9.58334  13.8144 -4.16203 -16.3514 -4.16203  15.3335
-32  11  -1 -163.062   55.868 -5.53125   1.26062   2.33937 -0.588987   2.33937   13.3647 -0.372444 -0.588987 -0.372444   5.04279
-35  11  -1 -176.787  57.2386 -6.17635  6.60267 -3.91232 -41.8147 -3.91232  4.64193  5.89869 -41.8147  5.89869  1130.77
-37  10  -1 -187.677  52.2993 -6.05024    1.17115 -0.0970835    7.02753 -0.0970835   0.881825   -5.49029    7.02753   -5.49029    96.8429
-34  10  -1 -172.667  51.5183 -6.21357  0.687566 -0.666267  -1.12844 -0.666267   1.13846 -0.916053  -1.12844 -0.916053   199.038
-35  10  -1 -178.764  51.9225 -6.23001  1.93354 0.464731 -2.69333 0.464731 0.498665 -1.61956 -2.69333 -1.61956  359.508
-32  10  -1 -163.177  52.0491 -6.26974   1.49924 -0.652681  -17.0282 -0.652681    1.1213   3.35976  -17.0282   3.35976   383.963
-36  10  -1 -182.171  50.7814 -6.24265   0.331674 -0.0843815    3.30855 -0.0843815    1.74889   -5.36805    3.30855   -5.36805    293.826
