-61  -4   1 -307.135 -20.5109  6.36219 0.54366 1.19003 2.13443 1.19003 12.2986 10.6613 2.13443 10.6613 226.105
-61   0   1 -308.199 0.491251  5.19893 0.511844  2.08354 -1.75829  2.08354  440.135 -117.473 -1.75829 -117.473  86.6741
-62   0   1 -312.259 0.519791  5.22779 0.444917  1.35689 0.883262  1.35689  417.753 -16.9585 0.883262 -16.9585  41.1595
-57   0   1  -286.929 -0.844389   5.72996  1.02364  8.57131 -0.57546  8.57131  187.096 -18.0431 -0.57546 -18.0431  9.52955
-55   0   1 -277.283 -1.16805   5.7423  0.641061   6.13074 0.0924194   6.13074   221.404  -8.16485 0.0924194  -8.16485   7.42324
-53   0   1 -267.513 -1.46995  5.68052   1.04685    16.512 -0.590753    16.512   502.609   -18.276 -0.590753   -18.276   6.32246
-63   0   1 -315.561 -2.12288  5.40716  341.625 -6.87087 -3.83372 -6.87087  0.50918 0.843009 -3.83372 0.843009  20.5784
-52   0   1 -261.394 -2.49776  5.68595   0.614804   0.556313 -0.0866747   0.556313    1.30199  -0.276519 -0.0866747  -0.276519    6.75357
-62  -4   1 -312.168 -20.3978  6.49265 0.721472  1.04388  1.87734  1.04388  30.9952 -10.3703  1.87734 -10.3703    19.86
-52  -2   1 -260.401 -12.5051  5.89516  451.295 -15.2213 -6.03835 -15.2213 0.968708 0.320313 -6.03835 0.320313  5.17783
-58  -3   1 -293.551 -17.7581  6.50518   1.43933 -0.560828 -0.137823 -0.560828    1.5381  0.547828 -0.137823  0.547828   1.84403
-59  -3   1 -297.173 -17.7529  6.10564   0.547136   0.130274 -0.0490229   0.130274    1.26135    1.84868 -0.0490229    1.84868    10.4832
-60  -4   1 -301.973      -21  6.30606  0.771153   1.09335 -0.985617   1.09335    6.1831  -4.66098 -0.985617  -4.66098   7.73023
-51  -6   1 -258.741 -32.1129  5.86066   0.745736 -0.0530313   0.191291 -0.0530313   0.819855  -0.452987   0.191291  -0.452987    3.61604
-64  -8   1 -322.134 -42.0954  5.43751  298.849 -7.79423 -32.8304 -7.79423 0.565624  1.15666 -32.8304  1.15666  11.5195
-53   9   0 -267.8 46.503 4.5406 0.886004  4.72357  1.60438  4.72357   299.84 -29.3123  1.60438 -29.3123   16.137
-56  -6   0  -280.523  -34.4636 -0.694137 105.225  166.96 253.854  166.96 1325.39 1254.27 253.854 1254.27 1303.85
-51  -8   0 -257.177 -40.5356 0.993197     1.4413 -0.0743121   0.597054 -0.0743121    9.01073 -0.0769579   0.597054 -0.0769579   0.887764
-57   5   0 -285.769  29.2279 0.743617   19.3309  -9.97003  0.140146  -9.97003   10.6035 -0.578383  0.140146 -0.578383   0.48042
-56   5   0  -282.745   28.8404 -0.301143  0.836715 -0.789677  0.353259 -0.789677   5.24547 -0.825944  0.353259 -0.825944   1.00973
-52   8   0 -263.731  40.2192  1.90637   1.8772 -1.32112 0.315283 -1.32112  16.4032  2.34177 0.315283  2.34177  1.26785
-50  -5   0  -254.457  -28.4273 -0.180086  6.18653   0.2776 0.132201   0.2776  1.52723 0.362797 0.132201 0.362797 0.820958
-56   7   0 -282.885  35.7203 -1.71095  5.36533  -6.5322  4.46184  -6.5322  16.2302 -11.4336  4.46184 -11.4336  11.0761
-50  -6   0  -253.79 -32.9963  0.65948  2.75184 0.571781 0.478834 0.571781 0.805294 0.037405 0.478834 0.037405  0.64401
-60   0   0 -302.788  0.39165  4.28785  0.375386   4.90576 -0.854267   4.90576   273.999  -39.0877 -0.854267  -39.0877   8.91793
-57  -6   0 -286.174 -32.4556 -2.18729  128.175 -33.6979 -57.7872 -33.6979  9.98582  16.6832 -57.7872  16.6832  29.4788
-56   0   0 -282.361 -1.11921  1.25947  0.72091  6.38658 -0.19805  6.38658  162.108 -3.27257 -0.19805 -3.27257 0.244082
-50  -4   0 -250.167 -22.0959  -2.6115  99.0639 -2.11226  16.6433 -2.11226  8.03183 -9.38444  16.6433 -9.38444  31.5771
-56  -7   0 -281.851 -37.5843   -1.192  0.790023  0.125219 -0.503771  0.125219  0.982065 -0.774481 -0.503771 -0.774481   2.61479
-57  -7   0 -286.077 -38.0673  -1.9334   12.968 -3.44707  6.27376 -3.44707  1.55436 -2.27854  6.27376 -2.27854  4.94541
-57   0   0  -287.157 -0.966064  0.407574  0.675791   5.69628 -0.219549   5.69628   244.305  -6.76308 -0.219549  -6.76308  0.444801
-63   7   0 -317.989   38.745 -1.05257    0.59862  -0.567281  0.0329988  -0.567281    2.22551 -0.0765829  0.0329988 -0.0765829    0.42052
-55   6   0  -275.789   32.3216 -0.334781    2.59875  -0.468798   0.294819  -0.468798   0.793129 -0.0268075   0.294819 -0.0268075   0.319584
-55   5   0    -276.5   28.8207 -0.613148   1.83018 -0.296291 -0.311175 -0.296291   3.22656 -0.265799 -0.311175 -0.265799  0.543105
-53   8   0 -268.23 40.2615 1.26677  0.572763 -0.607581 -0.213977 -0.607581   6.68024  0.413753 -0.213977  0.413753  0.485604
-52  -8   0  -261.946  -41.4779 -0.548499  0.772252  0.322182 -0.114153  0.322182    1.7673 -0.230903 -0.114153 -0.230903  0.336402
-51   8   0 -255.431  41.2786 -2.35999  25.9733 -3.16287 -1.77223 -3.16287  287.431 -7.69412 -1.77223 -7.69412 0.628278
-58   6   0 -291.746  33.5052  -2.6218   1.77737 -0.318052 -0.330343 -0.318052  0.668938  0.339265 -0.330343  0.339265  0.400665
-53   2   0 -266.675  11.0893 -3.03025    2.37795    4.42611 -0.0674975    4.42611    9.66581  -0.367863 -0.0674975  -0.367863    1.02166
-58   0   0  -292.065 -0.731175  0.101829  0.739827    2.3586 -0.258857    2.3586   21.6647  -1.58691 -0.258857  -1.58691  0.264399
-56  -8   0 -281.623 -40.6599 -2.42573   1.51649   3.31319  0.411443   3.31319   19.5148 0.0209971  0.411443 0.0209971   2.68442
-51   5   0 -257.097  28.2692 -1.22372  0.805812  0.321931 0.0346289  0.321931   1.58188 -0.177229 0.0346289 -0.177229  0.337605
-58   2   0 -293.331  12.3741 -2.83636    1.29412  -0.235686 -0.0440444  -0.235686    1.68896   0.660006 -0.0440444   0.660006    1.20626
-67  -7   0 -336.946 -39.6862 -3.92175  162.294  41.6185 -85.4284  41.6185  31.0766 -13.5307 -85.4284 -13.5307  52.0457
-62   9   0 -311.924  47.0765 -2.28811   1.24671  0.540973 0.0709675  0.540973  0.903415  0.220289 0.0709675  0.220289  0.452453
-56   1   0  -282.58  9.34457 -2.01906   16.1365   5.84082 -0.114029   5.84082   3.50047  0.287924 -0.114029  0.287924  0.263988
-59   0   0  -296.672 -0.594522 -0.979464   1.68123   5.35345 -0.406626   5.35345   36.5963  -2.71353 -0.406626  -2.71353  0.305268
-61   8   0  -307.787   41.8558 -0.965371 0.470798 0.130319 0.026454 0.130319  1.59432 -0.40083 0.026454 -0.40083 0.461927
-62   8   0 -311.042  42.3632 -1.66502     0.64431  -0.0495011 -0.00806483  -0.0495011     1.20699   -0.227659 -0.00806483   -0.227659    0.485677
-58   7   0 -291.564  35.0819  -3.1355   12.978  6.48874 0.128189  6.48874  189.043  3.00429 0.128189  3.00429 0.329307
-54   6   0  -273.347     33.08 -0.607624   0.540691   0.173012 -0.0594404   0.173012   0.623272   0.102379 -0.0594404   0.102379   0.288717
-58   1   0 -292.629  9.39716 -1.41496  1.71311 -1.59279   1.2721 -1.59279  9.52052 -4.09109   1.2721 -4.09109  2.60235
-60   6   0 -302.637  32.2826 -2.08919   0.576822  -0.041697 -0.0775037  -0.041697   0.649839 -0.0447111 -0.0775037 -0.0447111   0.310747
-50   5   0 -252.62 28.4706 -1.1821   0.444041  -0.294465 -0.0153875  -0.294465     2.2998  -0.391184 -0.0153875  -0.391184   0.371528
-54   1   0 -272.486  8.89704 -1.49074    1.04215 -0.0909183  0.0066168 -0.0909183    1.34603  -0.228933  0.0066168  -0.228933    0.35442
-56   0   1  -283.33 -0.99149  5.75382   0.971436    11.7336 0.00600099    11.7336    350.221   -5.19602 0.00600099   -5.19602    5.30367
-54  -2   0 -273.011 -14.6595 -3.95827 0.550256  2.00492 0.159222  2.00492  98.9589  9.21272 0.159222  9.21272  12.5306
-50   8   0 -254.266  41.2389 -1.71531   7.81977   10.0187 -0.525447   10.0187   342.769  -6.13817 -0.525447  -6.13817   0.46986
-53  -2   0 -268.986 -14.6946  -4.1406 2.04376 2.80311 3.54226 2.80311 50.2554 12.1627 3.54226 12.1627 14.6525
-53  -8   0 -267.359 -40.8305 -2.63742   2.1494  1.10112 -2.21452  1.10112  3.19436   -1.225 -2.21452   -1.225  2.60382
-50   6   0  -253.239   31.9639 -0.381976   0.609461   0.324233 -0.0567782   0.324233   0.682413  0.0422183 -0.0567782  0.0422183   0.215272
-61   7   0  -306.919   38.0445 -0.951766    2.33291 -0.0387007  -0.789317 -0.0387007   0.806972  -0.157122  -0.789317  -0.157122   0.565536
-56   6   0 -283.264  33.6368 -1.65099  0.900116 -0.167482 -0.193516 -0.167482   1.16662  0.384565 -0.193516  0.384565  0.301873
-63   1   0 -316.701  5.57253 -4.50194  6.84065 0.291991 -9.86085 0.291991 0.566859 -1.08995 -9.86085 -1.08995  18.6661
-66  -6   0 -330.955 -33.2048 -3.51263    3.72352   0.640756  -0.446955   0.640756    1.74253 -0.0622009  -0.446955 -0.0622009   0.612186
-63   8   0 -316.89 42.0434 -2.4684   1.11394 -0.600002 0.0866014 -0.600002   1.10656 -0.018086 0.0866014 -0.018086  0.523463
-60   8   0 -302.676  41.3994 -2.94818     0.45544  -0.0512976 -0.00709436  -0.0512976     13.1919   -0.414183 -0.00709436   -0.414183    0.435147
-58   8   0 -291.948  40.9356 -3.55609     0.490463     0.906083 -0.000508806     0.906083      12.6731      -0.2446 -0.000508806      -0.2446     0.736515
-56   8   0 -282.249  40.4234 -2.31274  0.619154   4.50015 -0.183001   4.50015   150.543  -3.53517 -0.183001  -3.53517  0.314977
-54   8   0  -272.248    40.103 -0.684672  0.809552   6.05225 -0.192562   6.05225   233.983  -3.85658 -0.192562  -3.85658  0.318362
-54   7   0 -271.487  38.8238  -2.1329  0.813125 -0.395435 -0.268266 -0.395435  0.665411  0.429028 -0.268266  0.429028   0.58842
-61   6   0 -306.179  33.6145 -2.87869   2.00224  0.461866 -0.681597  0.461866   1.62246  0.493049 -0.681597  0.493049   1.34386
-52   6   0 -260.576  31.8529 -1.73787  7.08436   1.3469 0.533291   1.3469  3.92384 0.921156 0.533291 0.921156   0.5372
-51   6   0 -256.523  32.0837 -1.04364   0.633314  -0.205318 0.00816074  -0.205318   0.714161   0.119026 0.00816074   0.119026    0.26516
-63   6   0 -316.318  33.5303 -4.36717  4.40644 0.536195 -2.50046 0.536195   4.6721 -0.42006 -2.50046 -0.42006  5.56847
-59   5   0 -299.471  26.6379 -4.08362   32.1765  -18.0404   3.67776  -18.0404   12.0828 -0.953665   3.67776 -0.953665   4.08534
-62   2   0 -314.304  11.6518 -3.47233   2.85061  0.199756 -0.167768  0.199756  0.750012 0.0242095 -0.167768 0.0242095  0.418395
-52   2   0 -262.821  11.1031 -3.26651  1.04797 -0.16097 0.370633 -0.16097  2.40489  0.43548 0.370633  0.43548  1.04587
-54   2   0 -272.218  11.1492 -1.97661  0.925662 -0.140468 -0.119386 -0.140468   1.46487  0.117378 -0.119386  0.117378  0.346304
-65   2   0 -328.137  10.1653 -4.89567  9.68109  -25.265 -66.7294  -25.265  91.2696  197.373 -66.7294  197.373  739.795
-53   1   0 -266.016  8.70544  -3.2147 0.717295 0.678141 0.432191 0.678141  2.31619 0.424423 0.432191 0.424423  1.07177
-50   1   0  -252.68   8.5978 -3.81169  179.093 -53.1035 -7.54031 -53.1035  100.409  1.19953 -7.54031  1.19953  3.45137
-62   1   0 -312.727  7.08497 -2.82371  5.89086  1.29582 -1.00635  1.29582  1.86942 -0.26352 -1.00635 -0.26352 0.531575
-52   1   0 -262.866  8.26297 -2.79873   1.19538  0.247424  0.132436  0.247424  0.854497 -0.130729  0.132436 -0.130729  0.755001
-51   1   0 -257.269  5.79925 -4.39497   1.12831  0.665263 0.0370154  0.665263   4.53745 -0.337161 0.0370154 -0.337161     5.629
-64   1   0 -324.104  7.44247 -4.83527  1.69075  1.47289 -1.88158  1.47289  2.40977 -1.42472 -1.88158 -1.42472  54.8684
-54   5   0   -273.03   28.9696 -0.795296    1.12194  -0.254573 -0.0117488  -0.254573    3.43805  -0.473488 -0.0117488  -0.473488   0.581405
-66   1   0  -332.73  6.07487 -3.79016   0.688481   0.414029  -0.195277   0.414029    2.69827 -0.0704259  -0.195277 -0.0704259    1.09787
-66   0   0 -332.715  3.26924 -3.80463     0.58784   0.0966686 0.000853702   0.0966686    0.893409  -0.0308677 0.000853702  -0.0308677     1.32943
-62   0   0  -313.285    1.5971 -0.574837   0.412318  0.0247042 -0.0339249  0.0247042   0.847554   0.215125 -0.0339249   0.215125   0.165124
-61   0   0 -308.227 0.346493  2.23534   0.710096   0.499424 -0.0424169   0.499424    12.5596  -0.484937 -0.0424169  -0.484937   0.120687
-54   0   0 -272.393 -1.44422  1.29279  0.715382   6.53775 -0.158731   6.53775   199.287  -4.75887 -0.158731  -4.75887  0.313389
-52   0   0 -260.687 -3.05142 -1.12282    0.81039   0.347177  0.0715664   0.347177   0.777132 -0.0235671  0.0715664 -0.0235671   0.142383
-63   0   0 -317.109 -1.05782 -3.02444  0.557529 0.0135279 -0.156566 0.0135279  0.170332  0.012592 -0.156566  0.012592  0.276799
-65   0   0  -328.159 -0.964591  -3.27713   1.65894  0.415101  -0.22006  0.415101  0.403499 0.0325531  -0.22006 0.0325531  0.590353
-59  -1   0 -296.444 -7.15032 -4.48709    4.5923 -0.291205  0.861776 -0.291205  0.793972   2.07652  0.861776   2.07652   28.7332
-61  -1   0 -307.892 -7.67879 -4.44545  0.876297 0.0114331  0.371756 0.0114331   0.47055   1.69772  0.371756   1.69772   24.4717
-64  -1   0  -323.71 -8.24666 -3.49538    10.3276    5.89895 -0.0465986    5.89895    3.86549  -0.307932 -0.0465986  -0.307932   0.632047
-52  -1   0 -260.214 -7.48529 -1.92119    179.365   -6.27408  -0.278745   -6.27408   0.701933 -0.0166977  -0.278745 -0.0166977   0.182332
-63  -1   0  -315.91 -7.66135  -2.2068   150.03 -2.41646 -4.64379 -2.41646 0.499584 0.071247 -4.64379 0.071247 0.294136
-55  -8   0  -278.16 -41.0723 -2.20292  3.29017  2.25944 -1.95817  2.25944  24.5548 -19.6484 -1.95817 -19.6484  20.3572
-55  -2   0 -278.039 -14.4993 -4.14599  0.576835   1.16815 -0.129184   1.16815   37.1843   4.26094 -0.129184   4.26094   5.85323
-57  -2   0 -287.545 -14.3032  -4.1011 0.524434 0.687516 0.211667 0.687516  22.0183  6.07913 0.211667  6.07913  6.26883
-51  -2   0  -256.29 -14.4952 -3.88162    1.69854  0.0121996 -0.0576496  0.0121996    5.85963   -1.40489 -0.0576496   -1.40489    2.78658
-52  -2   0 -260.388 -12.5138 -2.05853   197.152  -6.87837 -0.150417  -6.87837  0.708182 0.0152566 -0.150417 0.0152566  0.197877
-52   7   0 -261.432  38.4151 -2.27363   0.703994  -0.453219 0.00705927  -0.453219   0.853764 -0.0879166 0.00705927 -0.0879166    0.26411
-61  -2   0 -307.769 -13.3443 -4.01007   0.801591 -0.0422639   0.118693 -0.0422639    0.94483   0.518871   0.118693   0.518871    5.15519
-59  -3   0 -297.401 -16.5098 -2.73451    0.585427 -0.00264164  0.00245083 -0.00264164     3.16837    0.343966  0.00245083    0.343966    0.355724
-58  -3   0 -292.601 -16.6669 -2.87048   0.458036  0.0231346 -0.0177687  0.0231346     2.9306   0.278152 -0.0177687   0.278152   0.352354
-56  -3   0 -282.476  -16.938 -2.72607  0.578976  0.105516 0.0251188  0.105516   2.44071  0.411043 0.0251188  0.411043  0.543768
-57  -3   0  -287.32 -16.8259 -2.85916  0.465797  0.157503 0.0417877  0.157503   2.59837  0.301817 0.0417877  0.301817  0.429824
-50  -3   0 -254.856 -16.3406 -4.39949   62.0414   2.14887  -2.58213   2.14887   1.81497 -0.997226  -2.58213 -0.997226   5.01416
-54  -3   0 -272.601 -17.5121 -2.46069   0.506987    0.29649 0.00669075    0.29649    3.46938   0.297979 0.00669075   0.297979   0.440955
-53  -3   0 -267.332 -18.1769 -2.83585   0.551593 -0.0789553 -0.0180999 -0.0789553    2.36639 -0.0277606 -0.0180999 -0.0277606   0.358217
-60  -3   0 -302.781 -16.9944 -3.14095  0.605266 -0.389496  -0.05764 -0.389496   1.11873  0.168266  -0.05764  0.168266  0.520138
-61  -3   0 -307.372 -17.3984 -3.07632   0.499999  0.0729656 -0.0708694  0.0729656   0.658334   0.123452 -0.0708694   0.123452    0.35608
-68  -3   0 -340.096  -18.067 -4.94121  3675.98 -580.713  42.3812 -580.713  115.545  266.582  42.3812  266.582  3748.84
-62  -3   0 -312.882 -17.6499  -3.6424    1.08036  -0.406349   0.326325  -0.406349   0.814878 -0.0338837   0.326325 -0.0338837    1.20345
-63  -3   0 -316.484 -17.4895 -3.40987   1.91606 -0.252779 0.0998403 -0.252779  0.511176 0.0685964 0.0998403 0.0685964  0.439527
-63  -4   0 -318.266 -22.8115 -2.54785  0.656142 -0.189772  0.178332 -0.189772   3.69645 -0.240036  0.178332 -0.240036  0.231233
-59   8   0 -297.759  41.2754  -3.3947   0.808084    1.43103 -0.0474875    1.43103    15.3825   -1.01302 -0.0474875   -1.01302   0.746956
-62  -4   0 -312.227  -21.956 -3.69322    0.53544 -0.0321783  0.0832365 -0.0321783   0.811612  -0.616669  0.0832365  -0.616669    2.83169
-51  -5   0 -257.271 -27.5046 0.381913  0.521402  0.233408 0.0763711  0.233408  0.664051  0.218937 0.0763711  0.218937  0.781326
-60  -4   0 -302.676 -22.2785 -3.34307  0.649838  0.658229 -0.157939  0.658229   2.16954 -0.547316 -0.157939 -0.547316  0.885041
-58  -4   0   -292.4 -23.7436  -2.8856   1.18944   4.72447 -0.348404   4.72447   33.0235  -2.54795 -0.348404  -2.54795  0.529252
-53  -4   0 -268.716 -22.2624   -3.243   2.10841 -0.511252 -0.563879 -0.511252    0.6872 0.0900689 -0.563879 0.0900689  0.891834
-64  -4   0 -322.188 -22.9877 -1.90109   0.500201  0.0111653   -0.11576  0.0111653    1.66487 -0.0184568   -0.11576 -0.0184568   0.190198
-66  -4   0 -333.032 -24.1213 -2.87902  0.268297 0.0300029 0.0804745 0.0300029   3.11416  0.242231 0.0804745  0.242231  0.815018
-67  -4   0  -335.81 -23.7923 -3.20035   2.57646  0.124267 -0.383803  0.124267   2.17205 0.0991229 -0.383803 0.0991229  0.792858
-55  -4   0 -276.481 -23.1514 -4.94212  0.638544 -0.397396    3.4523 -0.397396  0.690005   -2.1493    3.4523   -2.1493   261.435
-56  -4   0 -283.638 -24.8363 -2.39122   1.84306 -0.606731  0.458422 -0.606731   25.4199  0.240581  0.458422  0.240581  0.427822
-57  -4   0 -287.563 -24.4616 -2.85026   1.05811   3.44029 -0.244787   3.44029   21.7772  -1.35433 -0.244787  -1.35433  0.506409
-56  -5   0 -282.181 -25.3884 -3.10005   1.31824   5.84958 -0.286533   5.84958   43.7563  -1.61328 -0.286533  -1.61328  0.494697
-55  -5   0 -277.484 -26.1479 -2.69653   1.35462   5.41092 -0.276771   5.41092   33.2947  -1.53938 -0.276771  -1.53938  0.406543
-57  -5   0 -285.428 -25.5613 -3.69406    4.8582 -0.685375  0.766178 -0.685375  0.732573 -0.100839  0.766178 -0.100839  0.520481
-61  -5   0 -308.008 -27.4304 -4.08719   4.31183 -0.311557   2.77559 -0.311557    0.7751   1.41491   2.77559   1.41491   9.59145
-54   0   1 -272.488 -1.31217  5.66796     1.03212     15.1304 -0.00710662     15.1304     452.927    -11.1898 -0.00710662    -11.1898     6.27481
-58  -5   0 -292.473 -27.0998 -4.33677   1.41382  0.364958   1.87732  0.364958  0.917843 -0.268521   1.87732 -0.268521   14.4738
-62  -5   0 -310.278 -26.3433 -4.34272   18.3936  -1.39817 0.0107107  -1.39817   1.18045  0.492413 0.0107107  0.492413   7.05717
-66  -5   0 -332.366 -26.7454 -3.16765   0.731275    0.42221 -0.0536297    0.42221   0.995266   0.011024 -0.0536297   0.011024   0.567887
-64  -5   0  -323.055  -27.1058 -0.909405   1.33314 -0.130887 -0.329434 -0.130887  0.449156 0.0909415 -0.329434 0.0909415  0.210808
-65  -5   0 -327.225 -26.9898 -2.64555  0.484834  0.239603 0.0283072  0.239603  0.446357  0.147516 0.0283072  0.147516  0.422937
-57  -8   0 -286.544 -40.0913 -2.72325  53.5888  181.565  -33.812  181.565  1209.93 -169.523  -33.812 -169.523   34.739
-53  -5   0 -268.692 -27.2985 -2.15672    1.41554   0.285678  -0.199528   0.285678   0.711064 -0.0249492  -0.199528 -0.0249492    0.18508
-54  -5   0 -272.537 -26.8455 -2.81839   0.515195   0.399451  0.0627403   0.399451    1.32683 0.00606942  0.0627403 0.00606942   0.255197
-52   9   0 -263.763  46.3503  4.58348  2.06178  26.1961 -1.66592  26.1961   437.75 -16.1766 -1.66592 -16.1766  10.2659
-64  -6   0 -322.854 -31.5425 0.931142   1.43412  0.433782 -0.241804  0.433782  0.756204 0.0488836 -0.241804 0.0488836  0.221313
-65  -6   0 -326.105 -30.5976 -1.36296    2.54278 -0.0200106  -0.604008 -0.0200106    4.08829  -0.518391  -0.604008  -0.518391   0.391245
-53  -6   0 -267.356 -32.4548 -3.12815   0.627188    0.10429 -0.0429705    0.10429   0.662457   0.175331 -0.0429705   0.175331   0.376271
-51  -6   0  -258.472  -32.8576 -0.253436    1.01857 -0.0814978  -0.445931 -0.0814978   0.678804 -0.0117469  -0.445931 -0.0117469   0.445261
-59  -2   0 -297.338 -13.7947 -4.00196  0.523622 -0.253328 -0.155787 -0.253328   2.21759   1.24628 -0.155787   1.24628    5.4714
-52  -6   0 -262.184 -32.9651 -2.54195   0.471954   0.106106 -0.0929567   0.106106   0.865683  -0.173122 -0.0929567  -0.173122   0.271506
-52  -7   0  -262.38 -36.8552 -1.01994   0.562393  -0.110666 -0.0434696  -0.110666   0.725376   0.205478 -0.0434696   0.205478   0.236978
-50  -7   0 -252.754 -37.4295  -2.1229    1.0133 -0.621128  0.399471 -0.621128   1.02468 -0.395743  0.399471 -0.395743  0.452523
-53  -7   0 -267.233 -36.7443 -1.92104   0.626072 0.00278602  -0.134669 0.00278602   0.710379 -0.0398926  -0.134669 -0.0398926   0.199501
-64   0   0 -321.631 0.952678 -4.26651  0.997724  0.178423 -0.199866  0.178423   0.23015  0.173292 -0.199866  0.173292   3.52566
-54  -7   0 -271.821 -36.8116 -1.99792   3.47287 -0.685619  0.492851 -0.685619  0.751779 -0.126082  0.492851 -0.126082  0.381572
-54  -8   0 -272.542 -40.8466 -3.75463   16.8894  -4.29897   0.38728  -4.29897   3.26974 -0.805885   0.38728 -0.805885   1.09896
-62  -2  -1 -312.307 -11.8978 -5.25634 5.97762  21.284 12.6459  21.284 850.896 -118.39 12.6459 -118.39 101.146
-52  -3   0  -261.79 -17.4282 -2.36364   0.715586  -0.587918 -0.0535496  -0.587918    1.54132 -0.0839491 -0.0535496 -0.0839491   0.279052
-53   7  -1 -267.635  35.4221 -5.28817 0.669633 -1.77766 0.406802 -1.77766  29.4856  -27.897 0.406802  -27.897   101.95
-53  -1  -1 -269.778 -9.26002  -5.6592  415.733 -240.977  1483.53 -240.977  524.646 -6061.33  1483.53 -6061.33   146215
-50   7  -1 -252.244   39.052 -5.23008 0.447065 0.015285 0.258434 0.015285  3.62126 -9.99321 0.258434 -9.99321  67.9793
-57  -1  -1  -287.83 -7.95812 -5.57179  4566.17  -2628.2 -3706.43  -2628.2  2574.62  2079.01 -3706.43  2079.01  3027.22
-52  -5   0 -261.793 -27.7219  1.46812   0.506032  -0.255097 0.00497481  -0.255097    1.30901   0.656965 0.00497481   0.656965   0.586159
-51   8  -1 -257.541  41.2309 -5.62162 0.621497  3.25888 0.153541  3.25888  81.2469  12.5489 0.153541  12.5489  31.6801
-50   8  -1 -252.384  40.9745 -5.51183  0.569067  0.229142 -0.517302  0.229142   22.3706   15.1018 -0.517302   15.1018   50.5398
-57   8   0 -287.318  40.7091 -2.81219   0.654759    1.56532 -0.0628045    1.56532    18.1268 -0.0842579 -0.0628045 -0.0842579   0.338391
-61  -7   0 -308.971 -37.5875 -3.17162   5.48669 -0.601441   2.79163 -0.601441   1.83868 -0.943196   2.79163 -0.943196   3.06784
-52   8  -1 -260.391  40.8512   -5.578   99.4699  -20.6339 -0.940748  -20.6339   10.0727  0.630744 -0.940748  0.630744   26.6139
-52   7  -1  -260.86  36.8981 -5.43432   1.41865 -0.398793   1.25312 -0.398793  0.640795 -0.554699   1.25312 -0.554699   17.4485
-64  -6  -1  -323.64 -31.1265 -5.57568   1.93907   -0.7918  0.630787   -0.7918   1.72465 -0.111696  0.630787 -0.111696    10.782
-58  -6  -1 -292.351 -30.3364 -6.13002  138.484    20.33 -29.4971    20.33  30.4488 -16.4107 -29.4971 -16.4107  24.5667
-54  -7  -1 -271.393 -36.9344 -5.79249   1.76534 -0.285891  0.517641 -0.285891  0.595144 -0.421771  0.517641 -0.421771   6.61074
-54  -8  -1 -272.343 -41.7288 -5.94972   1.25478  0.228095  0.591138  0.228095   1.36253 -0.399968  0.591138 -0.399968   10.3897
-52  -6   1 -262.646 -32.0997  5.79662 0.968851 0.323163 0.594273 0.323163  1.28927  1.55495 0.594273  1.55495  10.7185
-58  -2   0 -292.592 -14.1964 -4.06311 0.487556  0.30145 0.215245  0.30145  15.5092  5.57327 0.215245  5.57327  6.53229
-51   6  -1 -257.438  31.1771 -6.09997 0.473234 -0.40003 0.886244 -0.40003  5.41572   -19.39 0.886244   -19.39  85.8299
-52   6  -1 -261.399  31.6408 -5.86985  0.673827 -0.305404  0.764044 -0.305404   1.12154  -3.47463  0.764044  -3.47463   19.5386
-54  -6  -1 -270.973 -32.1808 -5.82333   6.47307 -0.400389   1.15589 -0.400389  0.523807 -0.228021   1.15589 -0.228021   4.49803
-53   9   1 -268.273  46.5495  5.90482    1.0101   9.41998 -0.418678   9.41998   358.704  -10.4851 -0.418678  -10.4851   4.85886
-53  -9  -1 -266.544 -48.7406 -6.50157   1.19383 0.0876924   18.7768 0.0876924  0.734569   1.97032   18.7768   1.97032   557.704
-57  -5  -1 -285.431 -25.0983 -5.88128   4.92387  -6.37333 -0.133578  -6.37333   23.5773   1.52933 -0.133578   1.52933   4.58983
-58  -5  -1 -292.458 -27.2904 -5.89691   1.07934  0.311209 -0.572481  0.311209  0.843728   0.48232 -0.572481   0.48232   4.95458
-54   6  -1 -273.014  32.5249 -6.00912   0.84887  0.619997 -0.398091  0.619997   1.42467   -3.7814 -0.398091   -3.7814   19.7299
-53  -7  -1 -267.405 -36.9044 -5.96725   0.591338  -0.219477 -0.0461951  -0.219477   0.625393 -0.0886058 -0.0461951 -0.0886058    4.43338
-52  -8  -1 -262.127 -42.0808 -6.61034  2.47512 0.660673  37.2078 0.660673  2.02405  19.7785  37.2078  19.7785     1440
-63  -4  -1 -317.922 -22.8406 -5.87086   0.47017 -0.117867 -0.338957 -0.117867   2.15498   1.23851 -0.338957   1.23851    4.3576
-64  -5  -1 -323.729 -26.4375 -5.59176   1.43278  0.378407 -0.756506  0.378407  0.550111 -0.244823 -0.756506 -0.244823     6.411
-61  -5  -1 -307.826  -26.614 -5.95481   6.48299 -0.441895  -2.41724 -0.441895  0.611057 0.0930109  -2.41724 0.0930109    4.7183
-53  -6  -1 -267.467 -32.2301 -6.02397  0.538622 0.0306666   0.12011 0.0306666  0.571157  0.303048   0.12011  0.303048   3.33919
-52   9   1 -263.523  46.3695  6.05659   0.605859      9.205 -0.0792754      9.205    274.608   -10.2444 -0.0792754   -10.2444     3.8826
-52  -9  -1  -262.32 -48.8165  -6.6619 0.845793 0.559514  12.7839 0.559514  1.79103   14.489  12.7839   14.489   462.43
-59  -4  -1 -297.604 -22.6953 -5.92325  0.547356 -0.238899 -0.176696 -0.238899   1.47242  0.615155 -0.176696  0.615155   4.14728
-54  -5  -1 -271.975 -26.8906 -5.96984  0.466654  0.244601 0.0554745  0.244601  0.807871  0.300946 0.0554745  0.300946   3.75971
-51  -8  -1 -257.002 -41.6777 -6.78548  1.23563 0.544001  18.5567 0.544001  1.55028   9.6931  18.5567   9.6931  556.341
-61  -3  -1 -307.455 -17.1618  -6.1308  0.407401  0.121928 -0.136995  0.121928  0.589383  -0.18245 -0.136995  -0.18245   2.97861
-61  -4  -1 -307.413 -22.6533 -6.05842  0.587393 -0.125854 -0.269054 -0.125854  0.693502  0.399052 -0.269054  0.399052   3.51964
-53  -4  -1 -268.306 -22.6211 -6.44024   0.64776 0.0197445   1.08883 0.0197445  0.500566  0.151516   1.08883  0.151516   5.34131
-64  -4  -1 -322.049  -22.611 -6.10276   0.56007 -0.151793 -0.234088 -0.151793  0.735625  0.466013 -0.234088  0.466013   3.89765
-62  -5  -1 -310.152 -26.1594 -5.92135     39.53  -2.57027   2.48751  -2.57027   1.35345 -0.522699   2.48751 -0.522699   4.10202
-55  -4  -1 -277.549 -22.9512 -6.24971  0.602835  0.134095 -0.229641  0.134095  0.487005  0.119066 -0.229641  0.119066   3.39327
-52  -5  -1 -262.322 -27.6124 -6.77029  0.530922 0.0497613 -0.295445 0.0497613  0.965647   5.60425 -0.295445   5.60425   73.6414
-51  -7  -1 -257.304 -37.0612 -6.79564  0.829209 -0.473094   1.65227 -0.473094  0.825148  -1.13237   1.65227  -1.13237   22.9138
-58  -1  -1 -293.139 -7.75993 -5.40633  3.92548  54.1062 -5.31925  54.1062  1394.88 -56.7515 -5.31925 -56.7515  26.5358
-51  -9  -1 -258.441 -48.9297  -6.7901 2.07148 1.68478 30.2202 1.68478 4.65286 36.4754 30.2202 36.4754 640.925
-56  -2   0 -282.604 -14.4157 -4.12648  0.48955 0.553549  0.16337 0.553549  34.8392  6.03586  0.16337  6.03586  5.76047
-53  -2  -1 -268.607 -14.7103 -6.14716    1.09141   0.107868 -0.0591574   0.107868    4.48585  -0.832027 -0.0591574  -0.832027    3.09928
-52  -3  -1 -261.979 -17.7739 -6.17595  0.631395 -0.477087  0.158416 -0.477087   1.21985 -0.398503  0.158416 -0.398503   2.59842
-52  -4  -1 -262.506 -22.4414 -6.92471  0.533384 0.0491772   2.31626 0.0491772  0.524527   1.51695   2.31626   1.51695   97.5143
-55  -5  -1 -277.586 -26.0578 -5.92073  0.504821  0.197103 0.0640408  0.197103   4.25828  0.608598 0.0640408  0.608598   4.01628
-64  -8  -1 -322.522 -42.5182 -6.03487  77.3397 -5.19029  -6.4137 -5.19029  3.53636  4.21153  -6.4137  4.21153  6.20516
-68  -8  -1 -344.238 -42.5694   -6.466   52.4152  -5.89787 -0.469193  -5.89787    1.4258  0.717782 -0.469193  0.717782   7.20969
-50  -8  -1 -252.254 -42.2579 -6.83212   0.430454  0.0395191 -0.0187621  0.0395191    1.07409   -1.58122 -0.0187621   -1.58122    9.55468
-50  -9  -1 -252.422 -47.9788 -6.93209  1.19168 -1.17597 -11.7261 -1.17597  2.06141  15.9602 -11.7261  15.9602  370.499
-51   1  -1 -257.225  6.44355 -6.33188   0.646186 -0.0787319   0.160394 -0.0787319   0.819007   0.862821   0.160394   0.862821    3.56662
-62  -4  -1 -312.215 -22.3277 -5.97874   0.480484 -0.0301906   0.112284 -0.0301906   0.701295    0.26641   0.112284    0.26641    3.82548
-52  -2  -1 -260.438 -12.5499 -6.11702    12.6846   -1.01725    1.25034   -1.01725   0.563136 -0.0505882    1.25034 -0.0505882    2.99772
-61  -2  -1 -307.586 -13.1281 -6.17987    0.56853 -0.0205595 -0.0474769 -0.0205595   0.652684   0.124809 -0.0474769   0.124809    2.58969
-58  -2  -1 -292.604 -14.3235 -6.04325 0.589197  1.07186 -0.26087  1.07186  11.8349 -1.90854 -0.26087 -1.90854  3.57125
-52  -7  -1 -263.003 -36.2863 -6.02813   0.662635 0.00568563   0.193015 0.00568563    1.07943  -0.785856   0.193015  -0.785856    3.50889
-56  -2  -1 -282.225 -14.4832 -6.07183     0.508776    -0.604788 -0.000394784    -0.604788      22.9033     0.170034 -0.000394784     0.170034       2.3254
-64  -3  -1 -322.862 -17.7371 -6.56808  0.477583 0.0614238 -0.212699 0.0614238  0.500356  0.453261 -0.212699  0.453261   7.29983
-53   6   0 -269.148  32.8096 -1.59205    4.63353  -0.267053  -0.294293  -0.267053    2.01722 0.00447844  -0.294293 0.00447844   0.286187
-63  -3  -1 -317.069 -17.4481 -6.16973  0.679143  -0.17561 -0.372928  -0.17561  0.593913   0.15041 -0.372928   0.15041   3.16082
-62  -3  -1 -312.304 -17.8407 -6.10721   0.66778 -0.170412  0.398288 -0.170412  0.700823 -0.275968  0.398288 -0.275968   3.08274
-51  -3  -1 -256.988 -16.8339 -6.27958  0.798265 -0.143338 -0.140355 -0.143338  0.802949 -0.365436 -0.140355 -0.365436   2.25185
-58  -4  -1 -292.317 -23.1263 -5.98132   0.65691  0.173977 -0.382947  0.173977  0.977501   0.50117 -0.382947   0.50117   3.96474
-60  -2   0 -301.828 -14.0925 -4.08284  0.849874 -0.578109  -0.48902 -0.578109   7.08474   2.31092  -0.48902   2.31092   5.26324
-57  -4  -1 -287.328 -23.7453 -6.00043   0.571882 -0.0309849   0.164865 -0.0309849   0.740645   0.225211   0.164865   0.225211    3.91552
-60   7   0 -302.409   36.742 -1.78009    1.14793   0.903644   0.124252   0.903644    1.35852 -0.0440604   0.124252 -0.0440604   0.154073
-65  -5  -1 -327.309 -26.8457 -5.52514  0.430034  0.114462  0.105395  0.114462  0.346234 0.0594069  0.105395 0.0594069   5.40403
-66  -5  -1 -331.997 -27.2148 -5.49467   0.912393   0.237255 -0.0943635   0.237255   0.846359  -0.558584 -0.0943635  -0.558584     7.1094
-51  -5  -1 -257.805 -27.6236 -6.88252 0.734251 0.223751  2.80446 0.223751 0.781692  2.88762  2.80446  2.88762  31.0863
-52  -6  -1 -262.161 -32.9202 -5.89043  0.601559   0.21544 0.0723046   0.21544  0.699888 0.0780096 0.0723046 0.0780096   3.26175
-51  -6  -1 -257.105 -31.9768 -6.53486  0.591139 -0.223551   1.18104 -0.223551   0.59534  0.216629   1.18104  0.216629   8.41737
-50  -6  -1 -252.964 -32.3448 -7.01053 0.749701   0.2056   4.8429   0.2056 0.710513  2.98174   4.8429  2.98174  65.4264
-50  -7  -1 -252.337 -37.2795 -6.50228   1.17114 -0.431604 -0.256251 -0.431604   1.07815   1.00531 -0.256251   1.00531   3.37856
-58  -4   1 -294.036 -22.1912  6.56065   4.62016  0.232192  0.886236  0.232192   1.01231 -0.648037  0.886236 -0.648037   2.25708
-56   2  -1 -281.623  13.5438 -6.65613 0.595153 0.635668 -2.53936 0.635668  1.99559 -6.37114 -2.53936 -6.37114  29.2695
-61  -6   0 -308.129 -31.8719 -3.87676  12.9908 -1.45576  5.18718 -1.45576  1.16999  1.01361  5.18718  1.01361  6.67293
-51  -2  -1 -257.007 -13.0453 -6.69817  0.776579 0.0889296 -0.350314 0.0889296   0.72753   1.04064 -0.350314   1.04064    4.7916
-60  -3  -1 -302.755 -17.1556 -6.18411   0.462133 -0.0707325 -0.0158773 -0.0707325   0.781204  -0.264348 -0.0158773  -0.264348    2.70619
-55  -3  -1 -277.389 -17.7072   -6.377   0.449807  0.0167058 -0.0661533  0.0167058   0.669891  0.0428337 -0.0661533  0.0428337    2.91563
-56  -4  -1 -282.332 -23.1432 -6.13537   0.519038 -0.0278313 -0.0700826 -0.0278313   0.563404   0.509282 -0.0700826   0.509282    3.67925
-65  -4  -1  -327.26 -22.7077 -6.20606   0.519908  0.0851344  0.0274194  0.0851344   0.427586 -0.0292423  0.0274194 -0.0292423    3.55167
-50  -5  -1 -252.767 -27.1767 -7.15831 0.660167  0.11674  8.84738  0.11674 0.582116  5.33142  8.84738  5.33142   488.14
-50   2  -1 -252.358  12.1509 -7.14555 0.582916 0.306093  3.93742 0.306093  1.74199  15.5789  3.93742  15.5789  199.869
-56   1  -1 -282.294  9.09226 -6.37935  2.87563  1.12021 0.997712  1.12021  1.73548 -0.88204 0.997712 -0.88204  2.83933
-67  -5   0 -335.682  -25.502 -3.74857   3.27154 -0.295939 -0.349326 -0.295939   6.47109 -0.333998 -0.349326 -0.333998   1.25225
-50   0  -1 -252.991 0.835888 -6.89531   0.837114 -0.0172189    1.23621 -0.0172189   0.149999  -0.653186    1.23621  -0.653186    18.2528
-51  -1  -1 -257.322 -7.61155 -7.13647  0.549905 0.0322233  0.326133 0.0322233  0.516581  0.419537  0.326133  0.419537   13.0826
-67   1   0 -336.817  5.33912 -4.65785  1.97906  3.95545 -4.28108  3.95545   15.054 -10.6003 -4.28108 -10.6003  13.9392
-50  -1  -1 -252.878 -7.37448 -7.19627   0.590216 -0.0367461   0.791209 -0.0367461   0.528539   0.390454   0.791209   0.390454    21.2299
-65  -3  -1 -327.571 -18.2412 -6.59051   0.61073 -0.392679  -1.19907 -0.392679   1.40687   3.05774  -1.19907   3.05774   9.44565
-59  -4   0 -297.724 -22.9877 -3.35522   0.501466   0.161413 -0.0569976   0.161413    8.16464  -0.903336 -0.0569976  -0.903336   0.571358
-56  -3  -1 -282.775 -17.1534 -6.17695  0.688208 0.0837084   0.14803 0.0837084  0.598165 -0.424128   0.14803 -0.424128   3.62788
-50  -3  -1 -252.905 -17.5094 -7.14407    0.651427 0.000176199     1.77399 0.000176199    0.466241   -0.869825     1.77399   -0.869825      18.201
-50  -4  -1  -252.51 -22.6288 -7.21249  0.81166 0.146549  12.5526 0.146549 0.584336  5.77773  12.5526  5.77773  487.598
-54  -4  -1 -272.852 -22.8225 -5.89145   0.810542   0.180715 -0.0965809   0.180715   0.494078  -0.214549 -0.0965809  -0.214549    3.02794
-68  -7  -1 -343.854 -36.1196 -6.69373  8.33354 0.533104  2.14068 0.533104  1.01091  -2.0894  2.14068  -2.0894  11.2352
-51   2  -1 -256.907  12.2418  -7.1099   0.588804 -0.0846178  -0.873848 -0.0846178    1.43879    9.65017  -0.873848    9.65017    90.8868
-54   2  -1 -272.177  12.4432 -7.09919  0.635379 -0.134181   1.30342 -0.134181  0.795361 -0.696698   1.30342 -0.696698   10.5132
-51   0   0 -257.249 0.649377 -3.54959   1.93729 -0.178989  0.254199 -0.178989  0.375223   0.21136  0.254199   0.21136  0.884044
-55   1  -1 -278.371  7.48511  -7.4015  270.82 262.891 458.971 262.891 340.812 322.722 458.971 322.722    1260
-52  -1   1 -260.222 -7.17549  5.75716    509.626   -15.8374   -1.05598   -15.8374    1.00407 -0.0482356   -1.05598 -0.0482356    5.64247
-63   2   0 -316.391  11.6938  -3.3719     1.4791 -0.0319619  -0.254146 -0.0319619   0.977972  -0.112817  -0.254146  -0.112817    0.53935
-52   1  -1 -261.648  7.20969 -6.35119  0.643172  0.376831 -0.200832  0.376831  0.781151  -0.03008 -0.200832  -0.03008   2.33185
-51   0  -1 -257.105 0.885787 -6.26931   1.03466 -0.064295  0.114536 -0.064295  0.194697 -0.261578  0.114536 -0.261578   2.48027
-57  -2  -1 -287.569 -14.2616 -6.03376    0.53413   0.593223 -0.0466769   0.593223    22.2668   -1.66184 -0.0466769   -1.66184    2.86684
-50  -2  -1 -253.206 -12.9494 -6.90736 0.661358 -0.05122 0.783715 -0.05122 0.665781 0.748997 0.783715 0.748997   5.5543
-60  -2  -1 -301.845 -14.0893 -5.98521 0.832933 -1.13258 0.161705 -1.13258  14.9023 -1.77867 0.161705 -1.77867  3.33616
-69  -6  -1 -347.607 -31.5245 -6.75608   0.510477 -0.0449977   0.544842 -0.0449977   0.542971 -0.0480714   0.544842 -0.0480714    4.38471
-50   3  -1 -252.402  17.2291 -7.34171   0.53284 0.0510144  0.381883 0.0510144  0.493413  0.327323  0.381883  0.327323   22.9241
-51   3  -1 -256.855  16.9586 -7.37522    0.473811 -0.00650152  -0.0399626 -0.00650152    0.498892    0.718679  -0.0399626    0.718679     23.6791
-50   1  -1 -252.583  7.48538 -6.88607   0.764437 -0.0855226    1.09203 -0.0855226   0.474181   -0.22885    1.09203   -0.22885    12.8541
-53   1  -1 -266.983  8.10937 -7.27587 0.452625 0.136897 -1.08452 0.136897  2.11419 -25.3373 -1.08452 -25.3373   390.82
-54   1  -1 -272.403  8.80317 -6.55094   1.78593  0.565507   1.07666  0.565507   1.08055 -0.268939   1.07666 -0.268939   2.50253
-52   0  -1 -260.393 -2.76811 -6.30512   2.37206  0.481605 -0.738183  0.481605  0.358323 0.0372783 -0.738183 0.0372783   2.42733
-61   9   0 -307.434  47.1889  -2.6432   44.219  -2.7409  22.2593  -2.7409 0.452623 -1.26548  22.2593 -1.26548  11.3756
-66  -4  -1 -332.275 -22.0388 -6.28446   0.400973   0.022876 -0.0106368   0.022876   0.658391   0.783921 -0.0106368   0.783921    2.98292
-51  -3   0 -256.557 -16.1254 -4.18285    1.04938  -0.228919 -0.0779328  -0.228919    2.10444  -0.539946 -0.0779328  -0.539946    3.42582
-50   5  -1 -252.516  28.4778 -6.93538 0.531266   1.8829 -5.81193   1.8829  40.8386 -126.588 -5.81193 -126.588  401.767
-51   5  -1 -257.481  28.2762 -6.99221  0.524337  0.216992 -0.667992  0.216992   23.0238  -68.2109 -0.667992  -68.2109   208.603
-60   5   0 -301.431  26.4521 -4.18798  3.35799  0.24913 0.758475  0.24913  2.33366 -1.62861 0.758475 -1.62861  3.38762
-53  -3   1 -267.496 -17.9873  5.67324  119.724   80.393 -124.973   80.393  76.5303 -81.1758 -124.973 -81.1758  142.636
-55   8   0 -277.237  40.2613 -1.90399  0.726001   7.75278 -0.187215   7.75278   233.148  -5.64684 -0.187215  -5.64684  0.381906
-53   3  -1 -267.274  17.2252 -7.55802  0.538589 0.0914086  -2.45284 0.0914086  0.910495   11.2943  -2.45284   11.2943   384.385
-51   7  -1 -257.512  38.5993  -5.2835  0.694517 -0.293882   0.25508 -0.293882   1.39762  -5.39021   0.25508  -5.39021   40.8911
-58   1  -1 -292.725  8.07775 -7.17341  2.34157  1.59589  1.83578  1.59589  1.74004 -1.42903  1.83578 -1.42903  17.5267
-65  -4   0 -326.821 -23.4007 -3.56887  0.583868 -0.297325  0.291571 -0.297325   1.04514  0.259297  0.291571  0.259297   1.15615
-53  -8  -1 -268.562 -41.4294 -6.03635   0.991123 -0.0703332    1.06018 -0.0703332    1.52874   0.555161    1.06018   0.555161    5.60834
-61  -1  -1 -307.892 -6.79107 -6.27453  0.956844  0.187096 -0.278076  0.187096  0.473803 -0.270741 -0.278076 -0.270741   2.61537
-59   0  -1  -296.581 -0.282925  -6.61995  0.607927 -0.398228 -0.183632 -0.398228   2.24127   2.19819 -0.183632   2.19819    5.8983
-53  -5   1 -268.853 -27.0161  6.36168  13.3168 -3.73107  4.14075 -3.73107  2.85852 -2.27637  4.14075 -2.27637  7.63817
-53   5  -1 -267.151  28.2059 -7.10105  0.460722 0.0733048 -0.051996 0.0733048   7.64264  -21.6046 -0.051996  -21.6046   67.0376
-52  -5   1 -262.231 -28.8988  5.41839  0.819328    1.1812 -0.133797    1.1812   5.01151    1.4004 -0.133797    1.4004   8.58622
-52   5  -1 -262.073  28.1847 -6.99883   0.603082  0.0490086 0.00318888  0.0490086    2.46961   -6.01691 0.00318888   -6.01691    20.2849
-50   4  -1 -251.982  22.3756 -7.36417 0.789731 0.206278  -1.5523 0.206278 0.881541 0.132137  -1.5523 0.132137  11.9347
-50   7   0 -252.193  39.2749 -1.51581  0.539698 0.0914839 0.0349284 0.0914839   4.44807  0.038989 0.0349284  0.038989  0.208649
-54   4  -1 -271.573  22.9229    -7.16   3.96234 -0.833516  -8.57118 -0.833516   0.89299   2.88211  -8.57118   2.88211   33.8225
-53   0  -1 -267.343   1.4593 -7.32423 0.412712 0.122575 0.360212 0.122575 0.306678 0.697856 0.360212 0.697856   3.7864
-55   0  -1 -276.528 0.183092 -7.09242   0.61574 0.0784965  0.214854 0.0784965  0.429662  0.705216  0.214854  0.705216   2.75724
-57   0  -1  -288.024 0.0770491  -7.38093  0.869886  0.387765 0.0319375  0.387765   1.02175   1.36631 0.0319375   1.36631   4.79463
-65  -2  -1 -326.414 -12.3296 -6.82382   2.35568 -0.600156  -6.42992 -0.600156  0.741313   2.13569  -6.42992   2.13569    24.886
-66  -3  -1 -332.383 -17.5553 -7.06866  0.487505 -0.141915 -0.655419 -0.141915  0.834536   2.16114 -0.655419   2.16114   8.95084
-54  -3  -1 -272.703 -17.6903 -6.35951  0.506905    0.1368 -0.112263    0.1368  0.696132  0.212936 -0.112263  0.212936   3.57267
-69  -5  -1  -348.31 -27.2702  -6.8211  0.614597 -0.148742  0.507345 -0.148742  0.652303 -0.782558  0.507345 -0.782558   6.88509
-56   7  -1  -284.45  35.1679 -7.00163 1791.59 739.035 49.4455 739.035 431.804 27.9405 49.4455 27.9405 4.97286
-56  -5   1 -282.032 -25.8449  6.69976   0.519646 -0.0110161 -0.0831886 -0.0110161    4.13986    0.39547 -0.0831886    0.39547    1.98532
-56   5  -1  -282.66  27.8892 -7.56292  0.408808 0.0659695  0.340213 0.0659695   2.57794  -10.0266  0.340213  -10.0266   50.9014
-59  -4   1 -297.312 -21.4256  6.31136   0.453329 -0.0326703  -0.218896 -0.0326703     2.0657   -1.53104  -0.218896   -1.53104    11.6047
-54  -5   1 -272.474  -27.033  6.32679  0.651446   0.96358 -0.477746   0.96358   3.43329  -1.54557 -0.477746  -1.54557   3.32436
-54   5  -1  -272.08  28.3485 -7.11494 0.719765  0.28974 -1.17281  0.28974  2.57811 -4.78411 -1.17281 -4.78411  15.4127
-52   4  -1 -262.055  22.7098 -7.66973   0.48321 0.0352564 -0.279843 0.0352564  0.533527   3.93987 -0.279843   3.93987    79.771
-67  -5  -1 -335.741 -25.7373  -5.5602  32.4381 -24.8578 -17.0051 -24.8578  20.7584  11.1871 -17.0051  11.1871  14.6008
-51   4  -1 -257.232  22.7357 -7.65099   0.528776 -0.0562347   -2.58733 -0.0562347    1.06688    16.1811   -2.58733    16.1811    416.784
-58   0  -1 -291.768  1.66912   -7.659   2.8062 0.371914  12.4454 0.371914  1.54008  7.92526  12.4454  7.92526  91.8533
-63  -1  -1 -316.729 -7.53653 -6.53167    0.83413 -0.0881748  -0.650933 -0.0881748   0.485454   0.152834  -0.650933   0.152834      2.109
-65  -1  -1 -326.493 -6.98518 -6.50811   1.12281  0.151256 -0.438357  0.151256  0.638406 -0.325203 -0.438357 -0.325203   1.52715
-59  -2  -1 -297.532 -13.7722 -6.05749   0.569409  -0.456287   0.178524  -0.456287     2.6129 -0.0455456   0.178524 -0.0455456    2.76527
-58  -3  -1 -292.583  -16.956 -6.26758    0.464627  0.00591291 -0.00528818  0.00591291     1.02201    0.331731 -0.00528818    0.331731     2.86494
-57  -3  -1 -287.078 -17.2891 -6.10371  0.440418 0.0354618 -0.153074 0.0354618  0.827333 0.0894085 -0.153074 0.0894085   2.84365
-67  -4  -1 -336.432 -22.8571 -6.16489  0.857228  0.107264 -0.513812  0.107264  0.681798  0.640935 -0.513812  0.640935   2.55264
-50  -8   0  -253.62 -40.5071 -3.77357   2.31215 -0.942236  -1.68229 -0.942236   6.78528 -0.561658  -1.68229 -0.561658   4.10746
-68  -4  -1 -340.949 -21.2903 -6.14836    1.2822 -0.358043 -0.351465 -0.358043   1.02958 -0.286444 -0.351465 -0.286444    2.2837
-68  -6  -1 -342.626 -31.6777 -6.76179  0.924599 -0.705808 -0.113854 -0.705808   1.94664  0.194868 -0.113854  0.194868   4.32931
-55   7  -1 -276.244  37.6788  -6.0233   21.0241   5.33985 0.0922874   5.33985   2.05476  -1.07294 0.0922874  -1.07294   2.58259
-57   4  -1  -288.31  23.6125 -7.75811  187.368 -32.5369 -27.5892 -32.5369  19.5508  64.8964 -27.5892  64.8964  270.038
-53   0   0  -267.32 -1.62347 0.842334  0.687547   4.89505 -0.125347   4.89505   143.536  -4.15649 -0.125347  -4.15649  0.265035
-55  -2  -1 -278.187 -14.5087 -6.09962  0.806937   1.18705 -0.220777   1.18705   20.6045   -1.9318 -0.220777   -1.9318   2.98197
-67  -3  -1 -338.874  -17.129  -6.7907  0.60534 0.397024 0.651192 0.397024  1.22663 0.885001 0.651192 0.885001   2.5151
-65  -6  -1  -326.48  -31.209 -5.61399    1.06558   0.238394   0.210071   0.238394    1.46149 -0.0821625   0.210071 -0.0821625     7.1289
-69  -3  -1 -348.513 -18.6843 -6.25792   1.53915 -0.374841  0.496317 -0.374841  0.720859  0.061364  0.496317  0.061364    2.1146
-59  -3  -1 -297.442 -17.3127 -6.20737   1.26279 0.0861693  0.288986 0.0861693   1.31033 -0.372762  0.288986 -0.372762    3.0157
-68  -5  -1 -341.649 -26.3722  -6.1169   1.48361 -0.183599  -1.93281 -0.183599  0.840387 -0.484414  -1.93281 -0.484414   4.53261
-66  -6  -1 -331.001 -33.4282 -5.77324   15.6964  -2.01692   1.86671  -2.01692   9.25112 -0.495291   1.86671 -0.495291    2.5263
-58   7  -1 -292.062  35.2718 -6.07795  73.9202  47.0621 -27.2144  47.0621   97.446 -5.90036 -27.2144 -5.90036  12.6229
-67  -2  -1 -337.259 -11.9883 -7.66795  0.489885 0.0205158  0.209936 0.0205158  0.409359 -0.288834  0.209936 -0.288834   2.89119
-69  -2  -1 -347.832 -12.7765 -7.58611 0.528171 0.304866 0.188001 0.304866 0.871673 0.560925 0.188001 0.560925  1.77064
-65   0  -1  -327.342 -0.818579  -7.11316   0.59305 0.0973766  0.152944 0.0973766  0.168484  0.150548  0.152944  0.150548   1.27294
-60  -4  -1 -302.486 -22.0533 -5.96598  0.512238  0.270172 0.0647638  0.270172   1.22582  0.388888 0.0647638  0.388888   3.58605
-66  -1  -1 -332.291 -7.76638 -7.93088  1.61935 -1.00391 -23.4592 -1.00391  1.42506  21.4929 -23.4592  21.4929  508.704
-64  -1  -1 -322.638 -7.88819 -6.96601   0.990035 -0.0291134    1.13006 -0.0291134   0.471207     0.3253    1.13006     0.3253    5.18743
-69  -1  -1 -347.305 -7.25594 -7.82432  0.461044 0.0551339 -0.251156 0.0551339    0.4595 -0.216794 -0.251156 -0.216794   3.06834
-52  -1  -1  -260.22 -7.54964 -6.15041   465.838  -15.6021   8.60224  -15.6021  0.989949 -0.261638   8.60224 -0.261638   2.66594
-67  -1  -1 -337.301 -7.30108 -7.99485  0.573236 0.0213051  0.868709 0.0213051   0.53346 -0.201126  0.868709 -0.201126   18.6746
-53  -3  -1 -267.511 -18.2231 -6.21682   0.500731  0.0916002 -0.0283043  0.0916002    1.73744  -0.680043 -0.0283043  -0.680043    3.06975
-68  -2  -1 -342.029 -11.8868 -7.99182   0.495556 -0.0635872  -0.510793 -0.0635872   0.446692   0.788632  -0.510793   0.788632    17.1936
-51  -7   0 -257.326 -37.2557 0.151578    0.565374    0.299797  -0.0366582    0.299797    0.679626 -0.00343482  -0.0366582 -0.00343482    0.238248
-68  -3  -1 -341.019 -17.8585 -6.40445   1.07355  0.175267 -0.125742  0.175267  0.779137  0.394576 -0.125742  0.394576   1.95295
-54   8  -1 -273.536  41.0186 -6.20484  1.41959 0.357478 0.627057 0.357478  1.77364 0.216466 0.627057 0.216466 0.849079
-55   8  -1 -277.226  41.2001 -5.90998   0.381982 -0.0183029  -0.258117 -0.0183029    1.64315  0.0245377  -0.258117  0.0245377    1.24327
-66   0  -1 -332.561  2.14618 -7.14674    0.57642 -0.0065785 0.00655239 -0.0065785   0.173332  -0.188396 0.00655239  -0.188396   0.916847
-59  -1  -1 -296.473 -7.03817 -6.34792   3.97763 -0.467935  0.309338 -0.467935  0.605047 -0.173248  0.309338 -0.173248   2.12807
-69  -4  -1 -348.559 -22.0835 -6.43055   12.5569   -1.5967   1.07525   -1.5967  0.581226 -0.182867   1.07525 -0.182867   1.54639
-68  -1  -1 -342.137 -7.26047 -7.98653  0.557854 0.0359169  -0.82868 0.0359169  0.505265 0.0282042  -0.82868 0.0282042   7.32914
-54  -4   0 -272.409 -24.0314 -3.71238  0.711251  0.217281 0.0676374  0.217281   1.77593 0.0225156 0.0676374 0.0225156   1.83339
-61   7  -1 -307.758  36.9411 -6.92966   1.38025  0.405043  0.228291  0.405043  0.790483 -0.185642  0.228291 -0.185642   1.19826
-60   7  -1 -302.481   36.465 -6.59447   5.41712   5.94415 -0.701441   5.94415   7.22742 -0.545255 -0.701441 -0.545255  0.878953
-64   1  -1 -323.275  7.13865 -6.75465  0.708704 0.0396242   0.32196 0.0396242  0.599923  0.244611   0.32196  0.244611   1.25793
-69   0  -1 -347.406  1.13571 -8.02277   0.465729 0.00830881   0.048438 0.00830881   0.133043   0.241127   0.048438   0.241127    6.62904
-53   7   0 -268.167  38.0092 -1.97377  0.550006    0.1501  0.148463    0.1501   0.44131 0.0074849  0.148463 0.0074849  0.319959
-60   8  -1 -302.344  42.2329 -7.25439 0.501153 0.262685 0.245374 0.262685  3.38532  2.22906 0.245374  2.22906  2.25779
-56   8  -1 -283.099  41.5773 -6.76118      0.80838     0.180568     0.135556     0.180568      1.80259 -0.000176537     0.135556 -0.000176537     0.645853
-62   7  -1     -312  36.5918 -8.38973  5.30951 0.745584 -63.6261 0.745584  5.84927  20.9836 -63.6261  20.9836  2590.78
-66  -2  -1 -332.591 -12.2887 -7.69576   1.15366 -0.822688  -15.9199 -0.822688   1.68633   20.9693  -15.9199   20.9693    362.75
-59   7  -1 -297.511  37.6593 -7.10287  5.13232 -2.24247 -2.44218 -2.24247  4.45251 0.874256 -2.44218 0.874256  1.92271
-52  -3   1 -260.538 -16.4204  5.81409  1429.46 -46.9536 -11.9521 -46.9536   3.1602  1.05307 -11.9521  1.05307  3.88302
-52   3  -1 -262.238  17.8094 -7.45113  0.569255 0.0217363 -0.283147 0.0217363  0.480875  0.152985 -0.283147  0.152985   23.3817
-69   1  -1 -347.729  7.16055 -8.19292 0.555691 0.156714  1.59401 0.156714 0.605563  1.40284  1.59401  1.40284  27.3934
-68   0  -1 -342.32 1.30679 -8.2262    0.543078 -0.00882714    0.427493 -0.00882714    0.133494   0.0815622    0.427493   0.0815622     9.05271
-61   8  -1 -307.059  42.5803 -6.90429   0.657869 -0.0680154    0.21127 -0.0680154   0.749047   0.449129    0.21127   0.449129    1.55615
-63   7  -1 -316.991   35.617 -8.01885 0.427929 0.352883 -0.06987 0.352883  2.04727 -1.25292 -0.06987 -1.25292  1.82431
-67  -2   0 -338.256 -10.1313 -4.43035  132.982  146.009 -36.0332  146.009  356.048  -79.093 -36.0332  -79.093  45.5777
-69   2  -1 -347.339  12.5912 -8.37648   0.395536 -0.0513872  -0.174311 -0.0513872   0.530642   0.896701  -0.174311   0.896701    32.8819
-67   0  -1 -337.364  1.18072 -8.04413    0.502514    0.010576   -0.196102    0.010576    0.114476 -0.00638643   -0.196102 -0.00638643     3.29444
-63   0  -1 -317.081 0.286267  -6.6748  0.509543 0.0367174 0.0716299 0.0367174  0.122092 0.0303942 0.0716299 0.0303942   1.01221
-64   0  -1 -322.058  1.10006 -6.51078   0.604701 -0.0132699  -0.121274 -0.0132699   0.143163   -0.12947  -0.121274   -0.12947    1.06752
-67   0   0 -335.487  3.67391 -3.59438   8.18689   1.54676 -0.798135   1.54676   3.37488  0.484999 -0.798135  0.484999   1.76726
-61   9  -1 -306.726  47.3498 -7.22538    1.01666 -0.0640666   0.605856 -0.0640666   0.464879   0.140678   0.605856   0.140678    1.31682
-62   8  -1 -310.833  42.1541 -6.66425  6.37247  1.94678  1.83784  1.94678  1.08226 0.788665  1.83784 0.788665   1.2315
-68   2  -1 -341.888  12.3487 -8.37075  0.486786    0.1231 -0.155802    0.1231  0.526248  0.367741 -0.155802  0.367741    7.3426
-66   1  -1 -332.567  6.91756 -7.65436   0.552772 -0.0588041  0.0372527 -0.0588041   0.701249   0.441275  0.0372527   0.441275    1.11847
-67   1  -1 -337.663  6.81547 -8.03427   0.549288 0.00654289   0.253977 0.00654289   0.710376   0.403043   0.253977   0.403043    1.56318
-61   0  -1 -309.278 0.599405 -7.30713  1.38315 0.383761 0.270077 0.383761  1.08493 0.410453 0.270077 0.410453 0.901933
-57   8  -1 -287.448   41.827 -6.36126    0.478586 -0.00469096  -0.0695865 -0.00469096     1.86142    0.342138  -0.0695865    0.342138    0.857917
-69   3  -1 -347.543  17.5005 -8.58488 0.699431 0.480637  9.46067 0.480637  1.33901  18.6854  9.46067  18.6854  436.858
-56  -5  -1 -282.023 -25.4694 -5.86343   0.653179   0.757713 -0.0758006   0.757713    5.74703   -0.77445 -0.0758006   -0.77445    4.28467
-65   2  -1 -327.546  11.9256 -6.98362  0.725468  0.112938 0.0517737  0.112938  0.979539  0.412093 0.0517737  0.412093   1.05329
-62   2  -1 -313.604   11.257 -7.77786  0.745852 0.0719295  0.393453 0.0719295  0.938572  0.178445  0.393453  0.178445   1.03291
-63  -1   1 -315.663 -7.67257  5.49563  516.566 -10.2046 -16.8753 -10.2046 0.721492 0.488529 -16.8753 0.488529  11.1828
-63   1  -1 -317.195  7.00108 -7.74904   0.409399 -0.0248096  -0.162119 -0.0248096   0.541634   0.289026  -0.162119   0.289026    1.35156
-63   8  -1 -316.708  41.9905 -6.94006   2.65801 -0.261419 -0.488707 -0.261419   5.07619 -0.469336 -0.488707 -0.469336  0.757818
-62   9  -1  -311.37  47.0042 -7.29335   4.42844  0.904138  0.229704  0.904138   1.98216 -0.462465  0.229704 -0.462465   0.84326
-69   6  -1 -347.602  31.8353 -8.77682  0.516877 -0.037426   3.81035 -0.037426  0.556943   2.88439   3.81035   2.88439   443.202
-51   7   0 -257.288  39.2738 -1.86218   0.525712 -0.0566118 -0.0443281 -0.0566118    1.34799 -0.0266773 -0.0443281 -0.0266773   0.249935
-68   3  -1 -342.729  17.0675 -8.37466   0.596526 -0.0935432   0.380283 -0.0935432   0.829682   0.439359   0.380283   0.439359    6.91786
-66   2  -1 -332.256  12.5081 -8.62689   0.570265 -0.0612409  -0.621085 -0.0612409   0.590758    1.95161  -0.621085    1.95161    27.9172
-67   2  -1 -338.155  12.9976  -8.4719   0.606351  0.0457353   0.925443  0.0457353   0.491652 -0.0970152   0.925443 -0.0970152    8.08485
-65   1   0 -328.392  8.26023 -4.45856   2.28937 -0.751347  0.446362 -0.751347   1.38759   2.32787  0.446362   2.32787   8.30951
-61   1  -1 -307.557  9.52934 -8.79333  1.89035  3.47102 -5.19253  3.47102   11.763 -37.8912 -5.19253 -37.8912  720.456
-54   0  -1  -272.572 -0.561765  -7.32376 0.744884 0.368619  1.26779 0.368619  1.18154  3.19747  1.26779  3.19747  14.4608
-60   0  -1 -303.423    0.601  -7.8217 0.693739   0.2465 0.271314   0.2465  1.22594  1.21534 0.271314  1.21534  2.06605
-65  -1   0 -326.714 -6.27988 -2.85985   1.67565  0.163407 -0.148012  0.163407   2.31165 -0.148835 -0.148012 -0.148835  0.403391
-69   7  -1 -347.651  37.3629 -8.82352 0.799863 0.224181  10.8813 0.224181 0.720327  8.81352  10.8813  8.81352  531.495
-64  -7   1 -322.101 -37.1702  5.42602     216.47    -7.5989    7.73924    -7.5989   0.817124 -0.0021886    7.73924 -0.0021886    17.3703
-61  -8   0 -308.288 -42.7077 -4.34945   7.81141  -1.47452 -0.756522  -1.47452   1.19826 -0.306512 -0.756522 -0.306512    3.1029
-64   7  -1 -323.087  36.0148 -8.72603    3.5407 -0.893067  -46.0232 -0.893067   2.46481   15.5779  -46.0232   15.5779   765.165
-55   2  -1 -277.541  12.1295 -7.09754   0.506376 -0.0819609   0.327206 -0.0819609   0.879643   -2.73347   0.327206   -2.73347    16.0254
-68   1  -1 -342.184  7.39143 -8.30799  0.527211 -0.033558 0.0759846 -0.033558   0.49175 0.0406691 0.0759846 0.0406691   8.23072
-67   3  -1 -337.369   16.896 -8.54917  0.499778 -0.100826 -0.282974 -0.100826    0.6839  0.657252 -0.282974  0.657252   5.81969
-64   2  -1 -322.214  11.6193 -7.65097   0.681639 -0.0946993  -0.412455 -0.0946993    1.24476   0.582677  -0.412455   0.582677    1.65822
-54  -2  -1 -272.144 -14.7397 -6.14604  0.657803 -0.118726  0.471468 -0.118726   191.644  -7.13865  0.471468  -7.13865    4.3908
-65   1  -1 -327.117  7.93315 -6.65421  0.523464  0.215957 -0.168929  0.215957  0.634161 -0.227965 -0.168929 -0.227965   0.86354
-53   2  -1 -267.074  11.6452 -6.98345   0.638237 0.00228803 -0.0301998 0.00228803   0.846632   0.298204 -0.0301998   0.298204    4.02448
-62   0  -1 -313.456  1.56981 -7.03343    0.525321  -0.0169189    0.119704  -0.0169189    0.453213 -0.00533877    0.119704 -0.00533877     1.09241
-69   9  -1 -348.454  47.8473 -8.80205   1.62644 -0.870012  -2.16966 -0.870012   1.74283   3.01103  -2.16966   3.01103   11.5673
-69   8  -1 -347.449  41.5581 -8.80285 0.874952 0.286789 0.313575 0.286789 0.613567 -1.15379 0.313575 -1.15379  13.1039
-65   7  -1 -327.255  36.7962 -8.94036  0.808536 -0.651381  -12.3825 -0.651381   1.97918   23.0327  -12.3825   23.0327   478.741
-67   7  -1 -337.533  37.6882 -9.00744 0.908625 0.353773 -12.3936 0.353773 0.988219 -5.82516 -12.3936 -5.82516  495.991
-68   6  -1 -342.742  32.5242 -8.83148   0.436738  -0.110004 -0.0779803  -0.110004   0.723946  -0.994448 -0.0779803  -0.994448    27.8465
-55  -6   0  -278.261  -34.6961 -0.957077  7.50286  41.3864 -38.5525  41.3864  259.781 -179.634 -38.5525 -179.634  613.954
-62   6  -1 -312.646   31.509 -8.63832  0.520897 -0.136252   0.37718 -0.136252  0.806338 -0.797035   0.37718 -0.797035   3.31275
-64  -7   0 -322.137 -37.1151  3.51376   224.753  -2.93857  -6.98145  -2.93857  0.535134 0.0979877  -6.98145 0.0979877   1.10265
-63   6  -1 -317.377  31.9719 -8.32214  0.631329  0.120674 -0.390402  0.120674  0.834949 -0.657714 -0.390402 -0.657714   1.54212
-54  -6   0 -271.152 -32.8064 -2.77287  9.27404 -1.11327 0.607074 -1.11327 0.805028 0.239911 0.607074 0.239911 0.481474
-69   5  -1 -347.512  27.2144 -8.87653   0.474598 -0.0235306   0.634588 -0.0235306    1.26877    -19.088   0.634588    -19.088    472.785
-69   4  -1 -347.674  22.5779 -8.87715 0.708166 0.463152  8.31161 0.463152  1.46153  19.0612  8.31161  19.0612  386.858
-54   3  -1 -273.158  18.0084  -7.4297  0.526832 0.0612579  -1.17095 0.0612579    1.1767  -2.63437  -1.17095  -2.63437   17.1325
-66   3  -1  -332.85  17.5219 -8.76311   0.605262 -0.0297275   0.508768 -0.0297275   0.648831  0.0105881   0.508768  0.0105881    8.86812
-63   2  -1 -317.481  11.6815 -7.52659   0.433246   0.140921 -0.0317103   0.140921    0.91775   0.102133 -0.0317103   0.102133   0.762829
-62   1  -1 -313.305   7.0172 -7.58388    1.26035 -0.0881873 -0.0544547 -0.0881873   0.858253 -0.0330533 -0.0544547 -0.0330533    1.04778
-67   9  -1 -337.909  46.4161 -9.13943  0.968442 -0.218761    12.382 -0.218761   1.42468   4.66423    12.382   4.66423   576.106
-68   9  -1 -342.836  46.6872 -8.81617  0.548363 0.0863267   1.17462 0.0863267  0.691193  -1.28035   1.17462  -1.28035    9.9298
-64   8  -1 -322.879  42.4866 -8.96757   1.45149 -0.899939   -20.215 -0.899939   1.47694   15.2049   -20.215   15.2049   417.809
-66   8  -1 -333.421  43.1213 -8.64381  8.73398  3.34868 -14.5851  3.34868  2.65719 -5.72333 -14.5851 -5.72333  25.5083
-68   8  -1  -342.52  42.2845 -9.06688 0.487556   0.1229  2.33303   0.1229 0.719313  5.38644  2.33303  5.38644   434.44
-66   7  -1 -332.816   37.246 -8.99796  0.641085  0.261567  -0.97174  0.261567  0.597209 0.0811292  -0.97174 0.0811292   355.205
-68   7  -1 -342.675  37.6393 -8.82212  0.486284 -0.223521  0.238309 -0.223521  0.619912 -0.212206  0.238309 -0.212206   6.07842
-55   0   0 -277.133  -1.2919  1.19684 0.769253  6.42374 -0.16806  6.42374  210.641 -4.33805 -0.16806 -4.33805 0.303862
-57   6  -1  -287.48  31.6789 -7.27216   0.453798 0.00607191  -0.157782 0.00607191   0.962254   0.141684  -0.157782   0.141684   0.789718
-66   6  -1 -332.488  31.9866 -9.05536 0.613428 0.207476 -6.44696 0.207476   1.0045 -15.8133 -6.44696 -15.8133  511.279
-51  -4   0 -258.532 -24.7394 -0.96701   3.0741 -1.69051 -1.99877 -1.69051  36.9618  1.59363 -1.99877  1.59363  1.92587
-63  -2  -1 -316.755 -12.2227 -6.34748   1.03752 0.0656392 -0.798684 0.0656392  0.600503  0.345154 -0.798684  0.345154    3.1234
-67   6  -1 -337.204  32.2998 -9.03572   0.578235 0.00929609    1.22508 0.00929609   0.565377  -0.618538    1.22508  -0.618538    22.8485
-68   5  -1 -342.544  26.9475 -8.94569  0.665624 -0.516666   9.55062 -0.516666   1.78414  -23.7127   9.55062  -23.7127   459.974
-68   4  -1 -342.404  22.5622  -8.9998 0.827483 0.545916  11.3651 0.545916   1.5591  19.7285  11.3651  19.7285  408.341
-61   2  -1 -307.694  12.5585 -8.86181   1.8317 -1.81683 -16.6436 -1.81683  2.72584  24.2223 -16.6436  24.2223  256.745
-50  -2   0 -254.761 -14.5031  -4.2235  35.4202 -7.79399 -1.42182 -7.79399  20.1309 -7.03458 -1.42182 -7.03458  5.17148
-67   8  -1 -338.207  41.8627 -9.08456   0.55305 -0.132886  0.328872 -0.132886    1.0317   13.9564  0.328872   13.9564   409.721
-63  -2   0 -316.091 -12.1028 -2.78029    18.7423   -1.93729  -0.557461   -1.93729   0.794036 -0.0685287  -0.557461 -0.0685287   0.249078
-65   8  -1 -326.651   42.781 -9.15541   1.61284 -0.831388  -22.3642 -0.831388   1.84285   23.2685  -22.3642   23.2685   579.266
-58   6  -1 -292.619  31.8687 -7.80773   0.589681  -0.128405 -0.0996395  -0.128405   0.687288  -0.278366 -0.0996395  -0.278366    0.68246
-64   6  -1 -322.431  32.1541  -8.8163 0.478399 0.182132 -3.07262 0.182132  1.66666 -16.7201 -3.07262 -16.7201  238.781
-60   6  -1 -302.735  32.0424 -8.50566     0.49188  -0.0329274 0.000439808  -0.0329274    0.627447   -0.674948 0.000439808   -0.674948     1.94676
-65   3  -1 -328.081  17.4561 -8.97839 0.630918 0.366804  4.91268 0.366804  1.93306  17.2534  4.91268  17.2534  204.119
-64   3  -1 -322.626  17.9042 -9.05211  0.459051 -0.029722 -0.330994 -0.029722  0.786452   1.83289 -0.330994   1.83289   24.7862
-64  -8   0 -322.248 -42.2488   3.3978  106.328 -2.46499 -6.38141 -2.46499  0.55087 0.117072 -6.38141 0.117072  1.09043
-65   9  -1 -328.088  46.2745 -9.25083 1.88512 1.52365 -13.309 1.52365 5.13199 19.0382 -13.309 19.0382 536.639
-51  -4  -1 -257.533 -22.6574 -7.07028 0.871325 0.091934  13.6404 0.091934 0.496917  2.91017  13.6404  2.91017  468.223
-67   5  -1 -337.414  27.1456 -9.13065  0.597569  -0.14162   2.18482  -0.14162  0.584112 -0.811198   2.18482 -0.811198   35.7688
-66   5  -1 -332.419  27.3564 -9.19635  0.463031 0.0182423  -1.79085 0.0182423  0.680661  -10.1883  -1.79085  -10.1883   412.588
-67   4  -1 -337.204  22.0467 -8.99651   0.57692 -0.020945 -0.569776 -0.020945  0.748728   2.31699 -0.569776   2.31699   19.2186
-66   4  -1 -332.447  22.3026  -9.0899    0.515402 0.000656347    0.703417 0.000656347      0.6875     1.80911    0.703417     1.80911     17.8869
-63  -3   1 -317.512 -18.3257  7.27708  3.34263 0.607582  0.38994 0.607582 0.594046 0.170701  0.38994 0.170701 0.860323
-63   3  -1 -317.953   17.404 -9.15365 0.495335 0.340507  4.15381 0.340507  1.47593  12.9186  4.15381  12.9186  187.774
-58   8  -1 -292.415  41.5607 -7.00854   0.563495 0.00301033   -0.19016 0.00301033    2.38615   0.823446   -0.19016   0.823446    1.26773
-59   6  -1 -297.571  31.3524 -7.94972    0.48172   0.184234  -0.160303   0.184234   0.791759 -0.0924116  -0.160303 -0.0924116   0.726921
-64  -5   1 -321.956 -27.8664  5.09564  665.823 -37.0274 -145.544 -37.0274  2.91428  12.6254 -145.544  12.6254  173.487
-64   5  -1 -322.485  27.5175 -9.22198  0.596824 -0.739879   8.09954 -0.739879   3.60092  -35.8334   8.09954  -35.8334   417.184
-55  -7   0   -278.29  -37.4362 -0.961683  0.781896   0.30452 -0.281834   0.30452  0.760391 -0.348908 -0.281834 -0.348908   1.85092
-65   6  -1 -327.347  32.1954 -8.94658  1.30354 0.518959 -17.5699 0.518959 0.747088 -11.2678 -17.5699 -11.2678  424.996
-65   4  -1 -327.844  22.6747 -9.27165   0.604369 -0.0350354      2.203 -0.0350354   0.691478    3.74273      2.203    3.74273     97.745
-62  -3   1 -310.849 -17.9762  6.34068 8.18912 6.18708  38.454 6.18708 5.22141 29.7926  38.454 29.7926 201.861
-61   6  -1 -307.379  31.9941 -8.46476   0.533328  0.0742848 -0.0449713  0.0742848   0.971205   -1.31637 -0.0449713   -1.31637    3.07201
-62   3  -1 -312.964  18.3682 -9.31923  0.499813 -0.170132 0.0297156 -0.170132   1.06815   4.76905 0.0297156   4.76905    67.664
-53   6  -1 -268.245  32.1722 -5.77853  0.619003 -0.156357   1.55981 -0.156357   1.39534  -6.30866   1.55981  -6.30866   39.9467
-59   8  -1 -297.681  41.6602 -6.80568  0.602256 -0.301085 0.0054985 -0.301085   2.59229  0.688089 0.0054985  0.688089   1.04137
-63   5  -1 -317.727  27.8112 -9.25587  0.526098 -0.374756   2.33654 -0.374756   5.44854  -40.0305   2.33654  -40.0305   334.985
-65   5  -1 -327.572  27.2134 -9.18606  0.518735 0.0960331   -1.9472 0.0960331   2.38894  -30.1248   -1.9472  -30.1248   483.748
-64   4  -1 -322.844  22.5272 -9.32887    0.466888 -0.00968749    0.321988 -0.00968749     0.53333    0.992178    0.321988    0.992178     26.1513
-61  -3   1 -307.946 -17.6799  6.42638 0.683293 0.118625 0.357926 0.118625  1.42947  1.41407 0.357926  1.41407  3.85405
-61  -4   0 -307.576 -22.2553 -3.55266   0.518322 -0.0157166 -0.0318628 -0.0157166   0.746684  -0.362392 -0.0318628  -0.362392    1.28417
-61   3  -1  -308.41  18.3243 -9.37125  5.93649  1.31695 -12.2638  1.31695  1.11434  1.80739 -12.2638  1.80739  71.2769
-55  -4   1  -278.72 -24.5023  7.72892    1.10693 -0.0970384    0.61477 -0.0970384    44.9757   -72.3409    0.61477   -72.3409    133.769
-64  -2  -1   -322.9 -12.2638 -6.91435  0.847793 -0.131508   1.70701 -0.131508  0.569196 -0.377205   1.70701 -0.377205   12.8997
-62   5  -1 -312.666  27.8266 -9.34276   0.55917 -0.443174   4.28442 -0.443174   3.41169  -23.1885   4.28442  -23.1885   193.509
-63   4  -1 -318.034  22.9937 -8.67868  0.617246 -0.017378  0.261047 -0.017378  0.852462 -0.254314  0.261047 -0.254314  0.901346
-60  -3   1 -302.402 -17.9026  6.37049  0.808889 -0.131597 -0.401857 -0.131597   1.44534   1.55333 -0.401857   1.55333   5.42516
-64  -6   1 -321.977 -32.5929  5.24229  281.318  -10.823 -2.13904  -10.823   1.1698  2.76251 -2.13904  2.76251  51.8463
-55   6  -1   -277.6   31.041 -6.80136     0.560909 -0.000914126     0.218224 -0.000914126       1.8633   -0.0524914     0.218224   -0.0524914      1.33779
-61  -6  -1 -307.798 -31.2032 -5.98173  896.378 -28.1083  6.32855 -28.1083  1.84803 0.347511  6.32855 0.347511  5.30052
-56   6  -1 -282.658  31.7845 -7.17333   0.451979  0.0893454 -0.0217218  0.0893454   0.614879  -0.242799 -0.0217218  -0.242799   0.560591
-55  -3   0 -277.692 -17.2446 -2.61195   0.472675   0.128324 -0.0191366   0.128324    2.90478   0.319145 -0.0191366   0.319145    0.42566
-52   2  -1 -262.503  12.7561 -7.18187    0.52229 -0.0890784  0.0357868 -0.0890784   0.809027    1.62752  0.0357868    1.62752    11.7404
-61   5  -1 -307.583  27.9719 -9.47246   0.69966 -0.387348    2.5031 -0.387348   1.18872  -5.99405    2.5031  -5.99405   58.1691
-62   4  -1 -313.585  22.9928 -9.36858    0.58322 -0.0890933   0.146131 -0.0890933   0.826467   0.956592   0.146131   0.956592    4.00256
-58   5  -1 -292.089  28.0421 -7.54412  0.676454 -0.113029 -0.274774 -0.113029   1.26092  0.809106 -0.274774  0.809106   1.02736
-60   5  -1 -301.775  27.9536 -8.54208   0.561696   0.154796 -0.0356845   0.154796   0.691755  -0.062751 -0.0356845  -0.062751   0.439841
-61   4  -1 -307.281  22.4182 -9.44402  0.485988 -0.370121 -0.324269 -0.370121   2.71238   3.23491 -0.324269   3.23491    6.8914
-60   4  -1 -302.188  23.4669 -9.84585  0.596833 -0.607603   2.72729 -0.607603   1.60239  -5.03118   2.72729  -5.03118    310.49
-55  -5   1 -277.135 -25.8697  7.03144  0.594612  0.858592 -0.402851  0.858592   4.48938   -3.4054 -0.402851   -3.4054   5.73777
-55   5  -1 -277.436  28.6556 -7.42588   0.662776 -0.0957265  -0.718664 -0.0957265    1.51861  -0.734517  -0.718664  -0.734517    5.40012
-57   5  -1 -287.453  28.7523 -8.01044   0.397754 -0.0314949 -0.0753239 -0.0314949   0.904194  0.0404442 -0.0753239  0.0404442   0.755474
-59   5  -1 -297.66  28.539 -8.5332   0.485114 -0.0448326  0.0820668 -0.0448326   0.967568   0.468005  0.0820668   0.468005   0.877212
-59   4  -1 -297.736  23.3502 -9.19053  0.781408 -0.444897 0.0243504 -0.444897  0.770983  0.130431 0.0243504  0.130431  0.477865
-53  -5  -1 -267.357 -27.2509 -6.43538  0.73131 0.048476 0.890113 0.048476 0.513936 0.190221 0.890113 0.190221  5.54447
-63  -2   1 -315.719  -11.198  5.75474  740.212 -13.3073 -28.3248 -13.3073  2.44937 0.364311 -28.3248 0.364311   6.7703
-56   5  -2 -282.187   29.019 -10.1229  0.496861 -0.451808   1.70773 -0.451808   5.33801  -27.5286   1.70773  -27.5286   310.495
-62  -6   0 -310.254 -31.9355 -4.08846  978.022 -48.3285 -33.9788 -48.3285  17.1595  18.0072 -33.9788  18.0072  21.4967
-55   5  -2 -277.702   29.044 -10.2974    1.0385 -0.331283   7.90059 -0.331283   5.54179  -22.7058   7.90059  -22.7058   205.979
-50   6  -1 -252.814  31.0799 -6.16732 0.574841 0.843039 -3.88063 0.843039  6.20535 -31.8654 -3.88063 -31.8654  201.312
-53   4  -1 -267.249  23.6797 -7.76498  0.501664 -0.161238  -2.45771 -0.161238   1.14272   14.5098  -2.45771   14.5098   457.112
