-53 -30   2 -268.785 -154.479  12.4624  2.74759 -16.9569  8.21211 -16.9569   135.24  -68.298  8.21211  -68.298  39.1367
-51 -30   2 -259.226 -151.475  11.5688  71.0849  24.2079 -101.221  24.2079   11.826 -34.1274 -101.221 -34.1274  150.276
-56 -32   2 -280.661 -162.178  11.5118  8.04978  1.88442 -1.55429  1.88442  6.29976  -2.1438 -1.55429  -2.1438  2.41889
-52 -31   2 -264.426 -157.228  11.7413  29.243  55.564 44.3577  55.564  188.02 141.382 44.3577 141.382 107.305
-50 -32   2 -253.919 -161.206  11.6118  194.03 15.8976 49.0913 15.8976 1115.53 20.5875 49.0913 20.5875 14.8979
-55 -32   2 -279.649 -160.989   11.683  90.6946 -119.596 -5.88908 -119.596  221.314  13.7759 -5.88908  13.7759  1.99886
-63 -30   2 -317.967 -151.078  11.7128  0.626353 -0.786313  0.147663 -0.786313   5.95211  -1.80381  0.147663  -1.80381   1.16298
-59 -30   2 -298.551  -151.72  10.6975  4.72719 -1.71155 -6.90285 -1.71155  3.69257  2.67857 -6.90285  2.67857  15.4794
-51 -31   2 -257.505 -157.373  11.1898   4.18494  -3.81012 -0.275636  -3.81012    4.2212  0.167973 -0.275636  0.167973    2.0301
-56 -30   2 -282.571 -151.771  11.2765  0.725842 -0.495609 -0.344862 -0.495609  0.741009  0.290072 -0.344862  0.290072  0.824855
-50 -31   2 -252.122   -157.3  11.4861   0.85946  0.287534 -0.420075  0.287534   1.26111 -0.718947 -0.420075 -0.718947   1.20357
-55 -30   2 -278.619 -151.434  11.4775    1.55348    0.59911 -0.0780285    0.59911    1.77266   0.772911 -0.0780285   0.772911    1.13743
-57 -30   2 -286.089 -151.651  10.9084    2.32331 -0.0127307  -0.112418 -0.0127307   0.360266   0.137394  -0.112418   0.137394    2.50119
-54 -31   2 -273.922 -157.324  11.5882   5.63959 -0.133155  -1.48974 -0.133155  0.792029 0.0267404  -1.48974 0.0267404    1.1632
-53 -31   2 -267.775 -157.198  11.2968   0.938949   0.308296 -0.0117516   0.308296   0.510001  -0.114174 -0.0117516  -0.114174   0.732644
-50 -30   1 -250.228 -154.639  8.45182  55.642 11.3745 11.4451 11.3745 13.8202 5.99177 11.4451 5.99177 4.44468
-53 -32   1 -265.598 -160.358  8.07007  120.723  54.0041  1.17092  54.0041  133.377 -77.3399  1.17092 -77.3399  56.9556
-62 -31   1 -310.925 -156.677  7.58156  388.417 -311.998  -63.125 -311.998  421.507  74.1255  -63.125  74.1255   14.215
-54 -30   1  -273.87 -152.195  7.80595 0.510827 0.150044 0.431417 0.150044 0.439405 0.404013 0.431417 0.404013  1.39168
-61 -30   1 -305.288  -151.24  6.81529   38.5378   -27.324  -1.08784   -27.324    29.497 -0.209679  -1.08784 -0.209679   1.11972
-55 -32   1 -278.053 -160.649  8.37656   0.500712   0.809065 -0.0346293   0.809065    7.91531   -1.39039 -0.0346293   -1.39039   0.559553
-50 -31   1 -252.025  -157.77  8.33321    0.65649  0.0019088 -0.0610284  0.0019088   0.628946  -0.366957 -0.0610284  -0.366957   0.965591
-60 -30   1 -304.268 -151.432  7.40637  1.59005 0.655685  0.20539 0.655685  1.14692 0.510915  0.20539 0.510915 0.973305
-56 -32   1 -282.421 -163.094  6.31142   4.51758 -0.717524 -0.577102 -0.717524   16.9105   5.67705 -0.577102   5.67705   4.34382
-52 -31   1 -262.997 -157.864  6.67406  0.361226  0.144998 0.0565574  0.144998  0.656151 -0.284766 0.0565574 -0.284766  0.874656
-59 -31   1 -297.439 -156.226  6.28226  7.60457  3.58799 -1.40983  3.58799  35.3696 -1.51252 -1.40983 -1.51252  1.14513
-51 -30   1  -258.05 -151.151   6.8204   1.04553 -0.525306  0.501643 -0.525306  0.654061 -0.332566  0.501643 -0.332566  0.795841
-56 -30   1 -282.004 -151.276  7.55787  0.558106 -0.449304   0.14788 -0.449304   1.36799 -0.148892   0.14788 -0.148892  0.769394
-55 -30   1 -278.475  -151.04  8.02864  0.672344 0.0989256   0.47744 0.0989256   1.04973  0.118917   0.47744  0.118917  0.778048
-53 -30   1 -267.948 -151.765  6.78385   0.96425  -0.21634  0.558882  -0.21634   2.51626 -0.686127  0.558882 -0.686127   1.12708
-57 -30   1 -286.386 -151.379  7.13297   1.04957 -0.171965 -0.143872 -0.171965   1.59896   0.26489 -0.143872   0.26489  0.460132
-59 -30   1 -297.801  -151.89   7.5206  0.632462  -0.13735  0.173571  -0.13735   2.32246 -0.177911  0.173571 -0.177911  0.679736
-52 -30   1 -262.494 -152.249  7.69909   4.72288  -3.30632  0.758633  -3.30632   3.14837 -0.605356  0.758633 -0.605356  0.591378
-53 -31   1 -267.432 -158.001  7.39621    1.41399   0.422094 -0.0546553   0.422094   0.914352  0.0167341 -0.0546553  0.0167341   0.464312
-51 -31   1 -257.636 -158.085   7.7665  0.969603  -2.37101 -0.270451  -2.37101    8.2322   1.02437 -0.270451   1.02437  0.802935
-54 -31   1 -273.908 -158.625  7.50168  5.26138  1.46732  2.22273  1.46732  1.11066 0.349384  2.22273 0.349384  1.47235
-55 -31   1 -276.708 -158.715  7.02706    0.759292   -0.218642   0.0658418   -0.218642     1.19547 -0.00155251   0.0658418 -0.00155251    0.510619
-52 -32   1 -262.765 -162.295  6.58545 53.7913 56.9875 21.5327 56.9875 61.3276 23.9754 21.5327 23.9754 10.5729
-50 -32   1 -252.043 -161.516  7.02195   1.08311  0.452975 -0.241194  0.452975  0.759761 -0.325803 -0.241194 -0.325803  0.582936
-54 -32   1 -272.689 -161.054  6.17191  0.612575  0.149968 0.0662738  0.149968  0.960538  0.174097 0.0662738  0.174097   1.33013
-56 -32   0 -282.856 -162.334  4.02209  0.866169 -0.214868 -0.941346 -0.214868   1.04009  0.601613 -0.941346  0.601613   3.13961
-56 -31   0  -282.47 -156.508  3.29824  0.330902 -0.462958  -1.15498 -0.462958   2.62965   5.69989  -1.15498   5.69989   13.8891
-54 -32   0 -272.516 -160.557  3.40562  0.772496   1.69773 -0.250655   1.69773   14.3299   -3.2427 -0.250655   -3.2427     2.898
-54 -31   0 -273.582 -158.404  3.26839   1.65728  0.530665 0.0453561  0.530665   1.31787  0.483553 0.0453561  0.483553   1.29482
-53 -32   0 -267.132 -161.299  2.84971 0.677622 0.443586  0.23731 0.443586  13.5855 -2.52477  0.23731 -2.52477  1.03116
-55 -31   0 -276.476   -158.6  3.76824  0.913778  0.113426   0.12895  0.113426  0.887376 0.0796514   0.12895 0.0796514  0.583554
-60 -30   0 -303.432 -151.057 0.155972  0.917601 -0.263856  0.504078 -0.263856   2.73852 -0.532922  0.504078 -0.532922  0.728303
-52 -30   2 -262.666 -152.226  11.0929   1.10636 -0.269771  0.409764 -0.269771  0.648647  0.205262  0.409764  0.205262   1.93731
-57 -30   0 -285.618  -151.38  3.45931   3.06866 -0.293213 -0.424305 -0.293213   1.25567  0.390172 -0.424305  0.390172   0.78681
-55 -30   0 -277.159 -151.642  2.28992  0.640708  0.270113  0.029404  0.270113   1.17264 -0.152993  0.029404 -0.152993  0.223102
-51 -32   0  -257.775  -163.105 -0.344518   1.20112 -0.399249   0.51148 -0.399249   1.26274 -0.664683   0.51148 -0.664683  0.637698
-54 -30   0 -272.598 -151.374  1.76664    0.94972  -0.444077   0.388687  -0.444077    1.29874 -0.0383607   0.388687 -0.0383607   0.348779
-53 -31   0 -267.825  -158.06  3.01238     1.3467  0.0280649 -0.0381988  0.0280649     1.0613   0.225602 -0.0381988   0.225602    0.54401
-50 -32   0 -253.151 -161.079  1.35731   0.778848   0.449913 -0.0229225   0.449913     1.5927 0.00921731 -0.0229225 0.00921731   0.154493
-55 -31   2 -277.162 -157.713  12.0063  0.714898 -0.458818 0.0514768 -0.458818   1.23603 -0.416916 0.0514768 -0.416916   1.02612
-52 -31   0 -261.654 -157.924  1.75201   0.35994 0.0310343 0.0587886 0.0310343  0.528486 0.0447054 0.0587886 0.0447054  0.159275
-56 -30   0 -282.484 -151.153  2.14699    0.632544   -0.717897 -0.00949355   -0.717897     2.62136    0.219293 -0.00949355    0.219293    0.201952
-53 -30   0 -267.683 -151.901  2.12482  0.563078 -0.118784 0.0269725 -0.118784  0.732294 0.0731432 0.0269725 0.0731432   0.24445
-51 -31   0  -257.659  -156.778 -0.225603  0.280265 0.0853632 0.0570919 0.0853632   0.61157  0.137082 0.0570919  0.137082  0.193456
-52 -30   0 -263.021 -151.287   2.0321  0.745269 -0.123507 0.0952609 -0.123507   1.07336 0.0556273 0.0952609 0.0556273  0.319815
-51 -30   0 -256.981 -151.686 -1.05358   0.665034  0.0253034  0.0705446  0.0253034    0.50092 -0.0532433  0.0705446 -0.0532433   0.217832
-50 -31   0 -252.698 -158.072 -1.52409     0.634393 -0.000813337    0.0404485 -0.000813337     0.603278     0.201883    0.0404485     0.201883     0.343138
-50 -30   0 -252.752 -152.136 -2.07649   0.372767 -0.0892723   0.164253 -0.0892723    0.56472  -0.124826   0.164253  -0.124826    0.29797
