-66 -18   2 -332.994 -94.3389  12.4271 419.698 99.8695 328.016 99.8695 35.2333 82.7675 328.016 82.7675 260.185
-62 -27   2 -313.997 -139.812  12.0015  125.969 -155.074  243.695 -155.074  1058.29 -540.882  243.695 -540.882  543.637
-67 -28   2 -337.447 -141.685   12.106    4.6484  0.228763   5.95698  0.228763   1.32941 -0.919871   5.95698 -0.919871   10.2314
-66 -19   2 -332.997 -98.0401  11.7199     5.0197   0.949241   0.691149   0.949241   0.595635 -0.0150176   0.691149 -0.0150176    1.35443
-57 -29   2 -286.308 -148.967  11.0766 4.90346 2.03235 4.93625 2.03235 5.56754 3.88252 4.93625 3.88252 10.0854
-62 -29   2  -311.44 -146.644  11.4072   1.68379   0.46628 -0.965647   0.46628  0.779606 -0.646341 -0.965647 -0.646341   2.66986
-66 -23   2 -332.547 -117.931  11.3675  3.00504  1.71215 0.678147  1.71215  2.04089 0.454386 0.678147 0.454386  1.76935
-66 -26   2   -332.7 -130.546  10.9314  7.18109 -8.06915  8.18038 -8.06915  17.9081 -12.1252  8.18038 -12.1252  14.5203
-63 -27   2 -316.196 -139.132  11.3286  4.16961 -2.57497 -0.80455 -2.57497  8.53896  3.65085 -0.80455  3.65085  2.84294
-63 -28   2 -316.653 -142.158  11.3862   1.33416  -0.15493 -0.385215  -0.15493  0.486171 0.0453741 -0.385215 0.0453741  0.806112
-51 -28   2 -258.887 -142.734  10.3785  405.276 -108.278 -78.7236 -108.278  29.4952  19.3568 -78.7236  19.3568  50.2427
-60 -29   2 -304.479  -147.27  10.7342  231.493 -142.466 -50.3963 -142.466  91.2286  32.6261 -50.3963  32.6261  13.0965
-66 -24   2 -332.316 -122.858  11.6126   1.91032 -0.973424  0.837193 -0.973424   1.15501 -0.664278  0.837193 -0.664278   1.44187
-66 -25   2 -332.101 -128.259  11.6821    2.89824 -0.0907998   0.586782 -0.0907998     1.0148   0.246182   0.586782   0.246182   0.706143
-67 -27   2 -338.623 -138.883  11.5857 5.32227 4.53182 1.80858 4.53182 8.62245 3.18328 1.80858 3.18328 1.89179
-52 -29   2 -262.244 -148.714   11.513 0.996465 0.425113 0.584783 0.425113 0.889521 0.755816 0.584783 0.755816  1.73832
-66 -24   1 -332.109 -124.075  8.40266  1.44128 -2.04341  1.29894 -2.04341  5.69628 -1.37894  1.29894 -1.37894  2.46178
-65 -19   1   -329.8 -98.9949  7.01979  71.7638 -4.32458  37.4329 -4.32458  18.1797 -29.6191  37.4329 -29.6191  74.3157
-68 -27   1 -340.295 -138.962  7.12097  97.9051 -53.7361 -20.2516 -53.7361  56.8446  12.5884 -20.2516  12.5884  5.38773
-67 -28   1 -338.753 -140.221  6.46043  6.78752  -4.3205  3.06454  -4.3205  93.5565 -10.5775  3.06454 -10.5775  10.3531
-65 -27   1 -326.492 -138.276  6.61362  1.20513 -2.04639  2.39998 -2.04639    29.45 -11.2366  2.39998 -11.2366  9.29134
-64 -28   1 -323.997 -141.749  6.90639  2.69392 -2.02602 -1.99502 -2.02602   3.5811  3.74569 -1.99502  3.74569  4.41743
-67 -23   1 -336.287 -116.478  6.60484   1.67977 -0.238212  0.776847 -0.238212  0.890392  0.353518  0.776847  0.353518   2.13501
-60 -29   1 -303.376 -147.314  8.22118 0.832104 0.500208 0.469781 0.500208 0.870661 0.146447 0.469781 0.146447 0.779805
-66 -17   1  -332.61 -87.4342  7.26872   3.07655 0.0411627   1.23143 0.0411627   0.50035 0.0579513   1.23143 0.0579513   1.51349
-66 -22   1 -333.844  -113.36  8.37817   4.13722  0.158109  0.130023  0.158109   3.09833 -0.982969  0.130023 -0.982969   1.02637
-65 -23   1  -329.93 -118.982   6.5304  725.982  43.0294  6.78463  43.0294   10.487 -2.53468  6.78463 -2.53468  3.58665
-67 -22   1 -335.882 -113.474  6.60075   5.46501  -2.03764 -0.968037  -2.03764    2.5967   1.18507 -0.968037   1.18507   3.78189
-67 -25   1 -336.881 -127.151  7.93438    0.640176 -0.00930148     0.13142 -0.00930148    0.868101   -0.608959     0.13142   -0.608959     1.30499
-58 -28   1  -290.43 -144.079  5.50067 310.773 190.086  146.06 190.086 280.294 241.109  146.06 241.109 249.012
-66 -16   1 -332.865 -83.0154  7.24527 11.4412 2.10593 6.26663 2.10593  1.1911 1.28875 6.26663 1.28875 3.99381
-66 -18   1 -332.326 -92.2662  7.09783    1.34061 -0.0520556   0.428381 -0.0520556   0.452273 -0.0393509   0.428381 -0.0393509   0.816757
-63 -27   1 -315.651 -137.685  7.58289   2.46038 -0.832605 -0.638962 -0.832605  0.845642  0.444151 -0.638962  0.444151  0.748477
-61 -28   1 -307.499 -143.832  6.47274  4.45098 -1.76178  4.85641 -1.76178  2.49857 -2.02784  4.85641 -2.02784  6.49666
-66 -19   1 -332.132 -98.2594  7.03589   0.569013  -0.130441 -0.0203205  -0.130441   0.620408  0.0198109 -0.0203205  0.0198109   0.822972
-66 -20   1 -333.173 -101.645  7.11484   1.24386 -0.378934 -0.192581 -0.378934   1.28275  0.314113 -0.192581  0.314113  0.702513
-67 -20   1 -336.203 -102.327  6.49433  4.57081  4.46235 -3.21038  4.46235  10.0379 -2.94069 -3.21038 -2.94069  4.14639
-66 -23   1 -332.822 -117.392  6.87777   0.719655   0.524407 -0.0655535   0.524407     1.0577  -0.129852 -0.0655535  -0.129852   0.654136
-63 -24   1 -319.557 -123.189  5.87704   29.063 -1.57471 -0.24064 -1.57471  2.12865 0.106753 -0.24064 0.106753  4.49549
-64 -24   1 -320.199 -124.258  5.89125  50.6454 -3.98848 0.484881 -3.98848  3.26234 0.791394 0.484881 0.791394  3.82645
-66 -25   1 -332.219 -128.055  7.83857   0.542714   0.336835 -0.0288443   0.336835   0.913805  -0.363821 -0.0288443  -0.363821   0.719054
-67 -26   1 -336.077 -131.802  5.75474   2.46636   1.12353 -0.864409   1.12353   3.45496  -2.39466 -0.864409  -2.39466   3.78632
-66 -26   1  -332.22 -131.068  7.37494  0.839051 -0.383685 -0.167878 -0.383685   3.62459 -0.697945 -0.167878 -0.697945  0.770393
-56 -27   1 -281.552 -139.491  6.13155   1.41226 -0.753625   0.87484 -0.753625   7.77893  -1.74571   0.87484  -1.74571   2.65437
-62 -27   1 -313.891 -137.606  6.52988    1.9738  0.593016 0.0922765  0.593016   1.36924  0.306814 0.0922765  0.306814  0.850493
-52 -27   1 -262.708 -138.845  6.15663  0.589508 -0.148293 -0.165598 -0.148293   1.50798  0.417881 -0.165598  0.417881   1.12711
-55 -27   1 -276.896 -138.684  5.94908  0.376861 -0.144254 -0.294036 -0.144254   3.05398  0.673766 -0.294036  0.673766   2.78876
-53 -27   1  -266.03 -139.482  5.51163   4.69207 -0.268767   7.37998 -0.268767   8.24455   1.99936   7.37998   1.99936   17.0286
-54 -27   1 -274.139 -139.217  5.96625   1.53918  0.512965 -0.123755  0.512965   5.62933  -1.41265 -0.123755  -1.41265   2.96934
-51 -27   1 -258.91 -139.48 6.80769   6.25336   2.84077  -1.35195   2.84077   3.68023 -0.192942  -1.35195 -0.192942  0.816886
-62 -28   1 -313.408  -142.31  7.49483  0.708162 0.0171947 -0.034031 0.0171947  0.575634  0.165613 -0.034031  0.165613  0.556012
-53 -28   1 -266.229  -141.33  5.74594    2.07818   0.445853  -0.514243   0.445853    1.18959 -0.0147814  -0.514243 -0.0147814    1.66465
-57 -28   1 -287.337 -143.136   6.1254  0.536204 -0.269592 -0.103255 -0.269592   0.97992  0.183844 -0.103255  0.183844   1.55588
-60 -28   1 -302.928  -142.78  5.93948  0.528535  0.107979 -0.299189  0.107979    1.8495  0.671886 -0.299189  0.671886   2.27265
-51 -28   1 -257.976 -142.114   6.4242   0.675976 0.00730832 0.00991506 0.00730832   0.861365   0.143849 0.00991506   0.143849   0.767775
-59 -28   1 -298.204 -143.533    6.898   0.790748  -0.216805 -0.0812026  -0.216805   0.788766   0.201454 -0.0812026   0.201454   0.725168
-54 -28   1 -272.334  -141.74  6.02999  0.682607 0.0217219  0.390727 0.0217219  0.776306  0.349475  0.390727  0.349475   2.32629
-52 -28   1 -263.064 -141.818  6.32499   0.612625  -0.142791 -0.0762597  -0.142791   0.819744   0.100956 -0.0762597   0.100956    0.95431
-50 -28   1 -252.378 -142.513  5.85892  0.457686 -0.321812 -0.264569 -0.321812  0.857084  0.345862 -0.264569  0.345862   3.64691
-56 -28   1 -282.617 -142.367  6.11149  0.515196 -0.220511 -0.107659 -0.220511   0.65443  0.181201 -0.107659  0.181201   1.05249
-59 -29   1 -298.073 -145.943  7.32603  0.955429 -0.213983  0.137309 -0.213983  0.709925 0.0809322  0.137309 0.0809322  0.682066
-55 -28   1 -277.046 -142.423  6.06634   0.998217 -0.0248877 0.00510872 -0.0248877   0.816491 -0.0387704 0.00510872 -0.0387704    1.41823
-53 -29   1 -266.886 -146.663  5.90801  1.16593 0.663656 0.597101 0.663656  1.22973 0.180645 0.597101 0.180645  1.76286
-57 -29   1 -286.953  -146.65  6.55486   0.771246   0.252963  -0.207287   0.252963     1.0734 -0.0786146  -0.207287 -0.0786146   0.833734
-54 -29   1 -272.601 -146.181  6.67822   1.77287 -0.613427 -0.164938 -0.613427   1.19686 -0.239399 -0.164938 -0.239399  0.871184
-61 -29   1 -305.532 -147.124  7.49846   4.16693  0.384127 -0.970492  0.384127  0.933322 -0.127889 -0.970492 -0.127889  0.886881
-56 -29   1  -282.39 -147.341  7.09758   0.709103   -0.01409   0.275823   -0.01409   0.610372 -0.0947094   0.275823 -0.0947094   0.870133
-51 -29   1 -258.218  -147.34  6.49833     1.0612 -0.0324608    0.10698 -0.0324608    1.24182 -0.0722344    0.10698 -0.0722344   0.946783
-55 -29   1 -278.454  -148.48  7.36123   0.562352   0.139379 -0.0274356   0.139379    2.52091   -1.32198 -0.0274356   -1.32198    1.23197
-67 -27   0 -339.393 -139.438  4.39724  12.3092  0.82058 0.304993  0.82058  22.1635 -20.4186 0.304993 -20.4186  34.3119
-67 -23   0 -336.826 -116.811  3.93507  53.8001 -58.4904  14.7366 -58.4904  65.8541 -20.0803  14.7366 -20.0803  15.5286
-53 -19   0 -265.079 -95.7831   3.3769 245.854 38.2903 299.983 38.2903 13.6253  81.939 299.983  81.939 985.197
-66 -17   0 -332.124 -86.9572  4.10616    20.775  0.865295  0.333368  0.865295  0.783826 -0.353169  0.333368 -0.353169   2.43626
-52 -19   0  -262.25 -97.6033  3.47595 0.942784  1.93547 -1.20777  1.93547  17.8338 -7.46379 -1.20777 -7.46379  5.44776
-66 -26   0 -331.567 -130.698  2.85389  21.9713  12.4899  -1.3376  12.4899  15.8419 0.729679  -1.3376 0.729679 0.935175
-66 -18   0 -331.992 -92.1254   3.2789   6.99659  -2.46929   1.30057  -2.46929   1.38519 -0.717606   1.30057 -0.717606   1.19148
-55 -29   2 -278.49 -148.02 11.5699   1.56263  0.794701 -0.125329  0.794701   1.04935 -0.229311 -0.125329 -0.229311  0.774777
-67 -25   0 -336.686 -129.426  1.55275   1.09643  -1.69522  0.400608  -1.69522   15.5309 -0.982588  0.400608 -0.982588  0.437661
-67 -26   0 -336.844 -131.478  2.18034   1.98972  0.809969 -0.120041  0.809969   1.87445   0.24171 -0.120041   0.24171  0.329174
-58 -29   0 -292.107 -146.251 0.203418   0.82485 0.0599996  0.163501 0.0599996  0.631227 -0.021237  0.163501 -0.021237  0.383873
-61 -29   0 -306.308 -146.743 0.730579  2.91246  1.39035 0.555219  1.39035  1.16993 0.164571 0.555219 0.164571 0.259217
-61 -15   0 -309.46 -79.866 3.09795   7.49316   4.99628 -0.545731   4.99628   48.6058  0.601774 -0.545731  0.601774  0.464453
-59 -29   0 -298.174 -146.272 0.722436    0.713136   -0.142454   -0.183995   -0.142454     1.23287 -0.00645716   -0.183995 -0.00645716     0.22198
-57 -29   0 -286.784 -146.424  1.47484 0.720501 0.114636 0.105095 0.114636 0.947302 0.124809 0.105095 0.124809 0.220063
-56 -29   0 -281.416 -146.564  1.25381   0.877498  -0.086122 -0.0263769  -0.086122    1.01824   0.116828 -0.0263769   0.116828   0.277605
-64 -14   0 -323.405 -74.7594   1.7337   4.82458   5.13067 -0.141203   5.13067    193.96  -7.63348 -0.141203  -7.63348  0.495949
-55 -29   0 -277.975 -146.995  1.05718 0.560385 0.121587 0.103797 0.121587  1.30411 0.135453 0.103797 0.135453 0.415178
-66 -25   0 -333.133  -129.11  1.96363   5.53824   8.55387 -0.934015   8.55387   20.3152  -1.20599 -0.934015  -1.20599  0.514201
-64 -15   0 -320.349 -78.1067  0.56413  62.3759  49.5425 -2.11845  49.5425  41.0738 -1.56414 -2.11845 -1.56414 0.254293
-67 -27   1 -339.094 -139.268  7.74942   5.41493   1.49102 0.0329318   1.49102   3.17259 -0.166173 0.0329318 -0.166173  0.400325
-57 -28   0 -287.096 -141.966 0.720036   0.491117   0.051533 -0.0108809   0.051533   0.433604  0.0258929 -0.0108809  0.0258929   0.201259
-54 -29   0 -273.018 -147.111 0.929827   0.900003  -0.131547 -0.0400257  -0.131547   0.495911  0.0136974 -0.0400257  0.0136974   0.242276
-56 -28   0 -282.136 -142.063 0.573775   0.566014 -0.0348827  0.0444348 -0.0348827   0.564686 0.00111391  0.0444348 0.00111391   0.191426
-59 -28   0  -297.675  -141.517 -0.374444   0.454143  -0.143164 -0.0138279  -0.143164   0.492111  0.0570912 -0.0138279  0.0570912    0.20308
-62 -17   0 -310.324 -88.3975 -2.17467  33.8868  4.97661  -1.2437  4.97661  11.1741 -2.89535  -1.2437 -2.89535  3.59383
-65 -17   0 -327.211  -89.103  1.24077  0.588141 -0.509976  0.044248 -0.509976   3.54686 -0.201988  0.044248 -0.201988  0.326826
-66 -19   0 -332.155 -98.8751  2.38547   1.13663 -0.184481 -0.376626 -0.184481   1.06509 -0.104718 -0.376626 -0.104718  0.407783
-65 -20   0 -328.035 -100.763 -1.06616   2.73399  -1.62771 0.0760421  -1.62771   5.21478 -0.115956 0.0760421 -0.115956  0.575175
-60 -28   0 -302.728 -142.061 0.204733 0.557751 0.151325 0.149723 0.151325 0.588087 0.085021 0.149723 0.085021 0.218124
-55 -28   0   -277.505   -142.107 -0.0542016   0.537336   0.105682 -0.0528948   0.105682   0.782257 0.00580923 -0.0528948 0.00580923   0.209214
-53 -29   0 -267.238 -147.139  1.10135     0.408189 -0.000232499    0.0307947 -0.000232499     0.760557   -0.0334185    0.0307947   -0.0334185     0.255375
-67 -11   0 -335.642 -56.4296 -1.23099  27.1029 -17.7404 -7.62947 -17.7404   16.128   5.6338 -7.62947   5.6338  2.52577
-67 -19   0 -336.904 -98.5041   1.1983     1.27133    0.292299   -0.250383    0.292299    0.424004 -0.00822558   -0.250383 -0.00822558    0.242195
-66 -20   0 -333.456 -101.446  2.34162   1.36958  0.224135 -0.228966  0.224135  0.889534 0.0888729 -0.228966 0.0888729   0.28333
-61 -28   0 -306.465 -142.097 0.255352   1.06775  0.138536 -0.206595  0.138536  0.940167  0.167728 -0.206595  0.167728  0.193972
-63 -15   0  -317.42 -78.7078  1.15608  4.97643  28.1752 -1.21712  28.1752  177.746 -7.72069 -1.21712 -7.72069 0.518462
-65 -18   0  -327.164  -92.9268 -0.117923    1.4969 -0.464706   0.40757 -0.464706  0.665278  -0.11877   0.40757  -0.11877    0.4544
-54 -28   0 -272.908 -142.375 0.306362   0.544473   0.121867 -0.0167146   0.121867   0.718829 -0.0915115 -0.0167146 -0.0915115   0.233163
-62 -15   0 -312.498 -79.4291  2.66106  9.64462  57.8273 -2.30514  57.8273  361.003 -14.3381 -2.30514 -14.3381 0.971319
-65 -19   0   -328.012   -97.8564 -0.0187996   1.03044  0.122016  0.177216  0.122016  0.347507 0.0623014  0.177216 0.0623014  0.401856
-67 -20   0 -336.524 -102.832  1.92985  5.55344 -1.32274 0.523841 -1.32274   2.9988 0.259092 0.523841 0.259092 0.356005
-62 -28   0 -314.247  -141.05 0.086578    4.01491  -0.265759 -0.0738632  -0.265759    1.86178   0.213488 -0.0738632   0.213488   0.139506
-52 -29   0 -261.961 -147.645  1.43763   0.351645 -0.0214313 -0.0312176 -0.0214313   0.823066  0.0936664 -0.0312176  0.0936664   0.314873
-56 -27   0 -283.064 -138.301 -1.12575 0.850317 0.408688 0.106969 0.408688 0.760554 0.284198 0.106969 0.284198 0.431969
-63 -27   0 -316.835 -137.999 0.165134    0.63115  -0.130626 -0.0584397  -0.130626    1.16684 -0.0938521 -0.0584397 -0.0938521   0.130813
-64 -28   0 -322.444 -141.178 -1.90572   1.43162 -0.737381  0.105781 -0.737381   3.89065   -0.1668  0.105781   -0.1668  0.233252
-63 -28   0  -317.23 -141.383 -1.86015   0.483216  -0.475632 -0.0869259  -0.475632     1.3853   0.224093 -0.0869259   0.224093   0.244985
-53 -28   0 -267.389 -142.326 0.206403   0.761124   -0.14877 -0.0133681   -0.14877    1.13093 -0.0855946 -0.0133681 -0.0855946   0.231929
-55 -27   0 -277.601 -137.942 0.306514  0.583873 -0.333425 -0.209755 -0.333425  0.903758   0.39991 -0.209755   0.39991  0.333106
-62 -27   0 -311.755 -138.168 -1.14888   0.654269  -0.609346  0.0756942  -0.609346    2.13578 -0.0815051  0.0756942 -0.0815051   0.416431
-60 -27   0  -301.777  -137.195 -0.186894   2.03888  0.876312 0.0528671  0.876312   1.53653  0.143122 0.0528671  0.143122  0.276095
-54 -27   0  -272.711  -138.392 -0.809285   1.14594 -0.197809 0.0495769 -0.197809  0.667004  0.109949 0.0495769  0.109949  0.238529
-50 -28   0 -252.887 -142.369 0.442754   0.616747  -0.149606  -0.121889  -0.149606    0.53316 -0.0341392  -0.121889 -0.0341392   0.189185
-51 -28   0 -258.088  -142.63  -0.4184  0.742196 0.0934279 0.0335994 0.0934279  0.941744 -0.128949 0.0335994 -0.128949  0.167222
-53 -27   0  -266.73 -137.506 -1.19598   0.905703   0.135705 -0.0171018   0.135705   0.618088   0.142342 -0.0171018   0.142342    0.38562
-59 -27   0  -298.43 -137.036 -1.26958    1.17871 -0.0873993   0.260651 -0.0873993   0.460925   0.170778   0.260651   0.170778   0.432665
-52 -27   0  -263.268  -136.761 -0.539007  0.68589 0.376383 0.117872 0.376383   1.0869 0.504896 0.117872 0.504896 0.429195
-65 -27   0 -326.342 -138.614 -1.59666    0.77092 -0.0823528  -0.111876 -0.0823528    6.72517   -1.76347  -0.111876   -1.76347   0.570947
-64 -16   0  -323.545  -83.4767 0.0717153  2.50688 -1.01524 0.525025 -1.01524  3.72397 0.147776 0.525025 0.147776 0.279629
-66 -27   0  -331.13 -139.116 -1.03637   1.82345   1.79985 -0.434797   1.79985   4.08752 -0.805901 -0.434797 -0.805901  0.294371
-51 -27   0 -256.147 -136.019 -2.40795  0.611509 -0.470088 -0.199165 -0.470088   1.95969  0.783513 -0.199165  0.783513  0.662014
-63 -26   0 -317.039 -132.808 -2.98968   1.49874 -0.359922  0.699182 -0.359922   1.38021  0.234191  0.699182  0.234191   1.43255
-50 -27   0 -252.842 -136.249 -1.52648  0.428139  0.441906 0.0825971  0.441906   1.45197  0.303433 0.0825971  0.303433  0.399059
-65 -26   0 -325.962 -132.542 -2.86283   4.93765 -0.586543  0.213831 -0.586543   3.86776 -0.318882  0.213831 -0.318882   1.30754
-64 -25   0  -320.618  -128.142 -0.130532    5.53832   -5.15637 -0.0467569   -5.15637    10.6883 -0.0056576 -0.0467569 -0.0056576   0.213197
-62 -26   0 -311.876 -132.795 -2.73832   0.414007 -0.0363197  -0.127388 -0.0363197    0.82745   0.444743  -0.127388   0.444743    1.07139
-60 -15   0 -303.911  -79.836  1.41285  219.703 -40.9069 -1.55155 -40.9069  53.0041 0.787373 -1.55155 0.787373 0.245678
-60 -16   0  -304.535  -81.2693 -0.313394   12.6384  -1.39828 0.0215218  -1.39828   1.10532 -0.193684 0.0215218 -0.193684  0.172495
-58 -27   0 -291.922 -137.297 -1.97956    1.00411   0.154952 -0.0402738   0.154952    1.14521   0.316182 -0.0402738   0.316182   0.535342
-66 -23   0 -332.984 -116.558  2.45522   2.03582  -1.27334  0.814564  -1.27334   1.80886 -0.570994  0.814564 -0.570994  0.658048
-64 -24   0 -320.249 -123.924 0.343261   19.3132 -0.240054  -0.80958 -0.240054  0.802223  0.019574  -0.80958  0.019574  0.166944
-61 -26   0  -306.03 -133.084 -2.30053  0.86688  0.28369 -0.16355  0.28369   1.1654 0.268941 -0.16355 0.268941 0.762742
-64 -18   0 -322.167 -90.8955 -2.34362  0.957053 -0.027469   0.29838 -0.027469  0.521501   -0.2791   0.29838   -0.2791  0.778744
-60 -26   0 -302.269 -132.876 -2.61532   0.345586  -0.220373 -0.0353353  -0.220373   0.913289  0.0882193 -0.0353353  0.0882193   0.488938
-59 -26   0 -298.319 -132.791 -2.56313  0.983639 0.0580553  0.573161 0.0580553  0.696593   0.19717  0.573161   0.19717  0.755992
-66 -22   0 -332.018 -113.079  1.18431  3.25781 0.425811 0.772418 0.425811 0.889653 0.244528 0.772418 0.244528 0.383733
-63 -24   0 -319.478 -123.351 0.705278    2.92954  -0.321656   0.158828  -0.321656     1.8525 -0.0675096   0.158828 -0.0675096   0.151926
-57 -26   0 -286.846 -132.295 -3.16074    1.05547   -0.26566  -0.171684   -0.26566    1.41608 0.00640695  -0.171684 0.00640695   0.912561
-58 -26   0 -292.154 -133.111 -2.40754  0.791027  0.105016 -0.114395  0.105016   1.17266  0.236942 -0.114395  0.236942   0.61228
-63 -18   0 -318.175 -93.5887 -4.65638 0.810495 0.559695  11.7789 0.559695  14.3242  22.9839  11.7789  22.9839  561.465
-63 -19   0 -319.387 -97.4411 -4.30357    2.88193   -0.14452    1.28031   -0.14452   0.712125 -0.0212029    1.28031 -0.0212029    5.98316
-64 -19   0 -320.768 -96.7764 -4.02166    2.38652  -0.219009   0.114114  -0.219009    0.54459 -0.0863331   0.114114 -0.0863331    5.17769
-64 -20   0 -321.777 -103.802  -3.9491  0.981034  0.703887 -0.745823  0.703887   2.39258  0.971795 -0.745823  0.971795   6.33685
-64 -21   0 -321.601 -106.994 -4.13686    2.46914 -0.0289379  -0.319113 -0.0289379   0.644015  0.0162904  -0.319113  0.0162904    11.9822
-66 -21   0 -332.043 -106.152  -3.7762  1.08364  -3.2738 0.822194  -3.2738  27.7074 -10.6123 0.822194 -10.6123  6.72155
-65 -22   0 -329.487  -113.43 -2.42943   58.5616  -13.5669  -2.87947  -13.5669   13.0883 -0.203574  -2.87947 -0.203574  0.668109
-62 -25   0  -311.32 -127.773 -4.40126 0.929596 0.890853   7.9171 0.890853  5.88372  46.0437   7.9171  46.0437  386.987
-54 -26   0 -271.941 -133.147 -3.06765   0.404138   0.197142 -0.0136591   0.197142   0.783748   0.225809 -0.0136591   0.225809   0.475828
-60 -29   0  -301.792  -147.335 -0.262625    1.27685  -0.287665 -0.0282962  -0.287665   0.474356  0.0027115 -0.0282962  0.0027115   0.290502
-55 -26   0 -276.699 -132.812 -2.33259   0.738195 0.00050517  -0.275014 0.00050517   0.779682  0.0314019  -0.275014  0.0314019   0.348329
-53 -26   0 -268.026 -133.344 -2.33397  0.464934 -0.139455 0.0690816 -0.139455  0.888477  0.206841 0.0690816  0.206841  0.465633
-63 -25   0  -317.781  -126.377 -0.265427     3.9291  0.0499228 -0.0171489  0.0499228    1.65388 -0.0741423 -0.0171489 -0.0741423   0.219043
-66 -11   0 -332.738 -56.4023 0.803673   0.420708  -0.410511 -0.0037118  -0.410511    1.64011  0.0453938 -0.0037118  0.0453938   0.354672
-61 -20   0  -308.23 -100.085 -4.52666 0.682975 -5.78994  1.07513 -5.78994   431.94 -3.64398  1.07513 -3.64398  50.6619
-65 -21   0 -326.541 -106.374 -2.68272 62.6826 15.7459 35.5848 15.7459 30.9749 4.94343 35.5848 4.94343 22.5487
-58 -22   0 -292.555 -112.983 -1.46396  0.470809  0.508365 0.0637553  0.508365   47.5598  -2.18931 0.0637553  -2.18931   1.85853
-62 -24   0 -312.596 -123.643 -3.91109  0.525736  0.605652 -0.184001  0.605652   3.91338  -1.36349 -0.184001  -1.36349   2.00471
-51 -26   0 -257.407 -132.651 -3.76254    0.594815 -0.00157699  -0.0300835 -0.00157699    0.675057     0.16879  -0.0300835     0.16879    0.709693
-52 -26   0 -263.239 -133.329  -3.5408   0.636859 -0.0318494   0.404024 -0.0318494   0.868806   0.697892   0.404024   0.697892     1.5302
-61 -16   0 -306.412 -81.8553    1.252  0.959561 0.0798914  0.145218 0.0798914  0.453729 -0.205306  0.145218 -0.205306  0.276663
-61 -17   0 -307.719  -87.317 -2.14941    2.1007  -1.30973  0.476469  -1.30973    1.3166 -0.252878  0.476469 -0.252878  0.516844
-66 -20   2 -333.438 -101.016  11.9927    8.713 -7.34508 -0.15104 -7.34508   16.041 -1.07858 -0.15104 -1.07858  1.49754
-61 -19   0 -306.578 -99.3878 -4.54052  0.761193    -0.219    0.9302    -0.219    1.1241 -0.638557    0.9302 -0.638557   12.1229
-63 -20   0 -319.205  -102.83 -4.08702  3.86784  1.16942  10.4909  1.16942 0.900297  3.42405  10.4909  3.42405  33.6742
-62 -19   0 -311.285 -99.1485 -4.36617 3.92414 1.49355 1.72071 1.49355 28.3517 7.88759 1.72071 7.88759 10.6973
-63 -21   0 -316.274 -107.532 -4.95843   1.39283 0.0984192   8.14081 0.0984192  0.351528  -1.69923   8.14081  -1.69923   319.015
-54 -22   0 -272.484 -113.551 -2.71696  0.810688   12.5367 -0.358181   12.5367   483.015  -14.2567 -0.358181  -14.2567   1.02836
-53 -22   0 -267.497 -113.684 -2.77399  0.755321   11.5851 -0.328359   11.5851   466.657  -13.0519 -0.328359  -13.0519  0.973622
-51 -22   0 -257.596 -113.962 -2.20501  0.489628   1.17865 -0.148071   1.17865   65.7438   -3.7279 -0.148071   -3.7279   1.23722
-50 -22   0 -252.495 -114.074 -2.14591    0.516165     1.93672 -0.00351395     1.93672     108.029     -1.6243 -0.00351395     -1.6243     1.14033
-62 -22   0 -314.005 -112.748 -4.88323   4.68363 -0.174307  -14.7302 -0.174307    0.6037  -1.12087  -14.7302  -1.12087    60.745
-63 -22   0 -316.769 -112.496 -4.93173  0.985927 0.0948277   11.5467 0.0948277  0.523233   6.27811   11.5467   6.27811   386.929
-55 -22   0 -277.509 -113.419 -2.44631  0.514572   1.16548 0.0507989   1.16548   73.6554  -2.49779 0.0507989  -2.49779  0.612691
-56 -22   0 -282.434 -113.283 -2.59059  0.592336   3.44694 -0.105986   3.44694   98.2022  -3.98492 -0.105986  -3.98492  0.756809
-66 -28   0 -333.399 -142.742 -1.35998  17.4756  2.46686 -32.9247  2.46686   1.9246 -6.38759 -32.9247 -6.38759  70.8196
-52 -22   0 -262.587 -113.817 -2.49407  0.664806   4.29881 -0.192311   4.29881   136.615   -4.6378 -0.192311   -4.6378  0.668692
-57 -22   0 -287.165 -113.213 -2.05837  0.60637 0.406424 0.239991 0.406424  11.8772 -1.79202 0.239991 -1.79202  1.21186
-59 -22   0 -295.105  -112.98  -2.3938  372.649 -1.78772 -3.79448 -1.78772  12.2724 -1.12422 -3.79448 -1.12422 0.661406
-63 -23   0 -316.305 -117.618 -4.83516   0.986031 -0.0789509    9.44441 -0.0789509    2.48842    19.1216    9.44441    19.1216    326.615
-52 -23   0 -261.779 -117.913 -4.72998    2.7998  0.374083 -0.620014  0.374083   1.31142  -1.30343 -0.620014  -1.30343   25.7153
-58 -23   0 -292.109  -116.32 -3.95728  0.791845  0.782267 -0.225354  0.782267   4.49215  -1.12712 -0.225354  -1.12712   2.71801
-62 -23   0 -311.378 -117.454 -4.98206 1.59545   1.539 4.45215   1.539 2.12291 4.00493 4.45215 4.00493 295.242
-50 -23   0 -252.985 -118.713 -4.50906   0.473442 -0.0368808  -0.184269 -0.0368808     1.5142   -1.10856  -0.184269   -1.10856    9.77131
-51 -23   0 -257.674  -118.02 -4.27945 0.626296 0.379567 -1.08847 0.379567  1.16725 -1.79411 -1.08847 -1.79411  7.82963
-55 -23   0 -278.845 -118.817 -4.40464   6.72713 -0.668861   5.24709 -0.668861  0.749482 -0.484274   5.24709 -0.484274   9.67774
-56 -23   0 -280.345 -118.671 -4.54822  52.5062  2.20491 -1.54053  2.20491 0.734959 0.159802 -1.54053 0.159802  9.35475
-56 -24   0 -280.116 -120.052 -4.60792  256.844  195.118 -27.8906  195.118  752.239 -50.4577 -27.8906 -50.4577  30.4885
-55 -24   0 -279.349 -120.095 -4.53338  7.60885 -3.74402  1.35571 -3.74402  323.118 -6.22965  1.35571 -6.22965  16.2389
-50 -27   1 -251.982 -139.845  5.48513  0.641659 -0.781659  0.224933 -0.781659   63.1051   8.34305  0.224933   8.34305   7.93698
-50 -24   0 -250.997 -120.257 -4.40611  0.965783    3.5036 -0.504848    3.5036   174.271   12.6906 -0.504848   12.6906   9.63656
-51 -24   0 -255.951 -120.314 -4.59043  3.34972   3.1977 -1.82121   3.1977  69.9193 -30.4527 -1.82121 -30.4527  33.5295
-59 -24   0 -299.342 -124.288 -4.00316  15.2577 0.823073  1.29501 0.823073  6.32769  1.27926  1.29501  1.27926   4.2491
-60 -24   0 -302.232 -124.155 -3.03009   0.51541 -0.239164  0.278894 -0.239164   2.88291 -0.337379  0.278894 -0.337379  0.957209
-61 -24   0 -307.112 -124.341   -3.758  0.976001  0.917961  0.138695  0.917961   2.89067 0.0303972  0.138695 0.0303972   1.61376
-61 -25   0 -307.138 -127.256 -4.64019 1.52899 1.83907 21.4883 1.83907 3.99419 39.9738 21.4883 39.9738  456.96
-60 -25   0 -301.972 -126.999 -4.36194   0.527499 -0.0351785  -0.107342 -0.0351785   0.512029   -0.45995  -0.107342   -0.45995    2.10083
-59 -25   0  -297.81 -127.952 -4.57902   0.70419  0.327489  0.586283  0.327489  0.790611 -0.993815  0.586283 -0.993815   7.80973
-58 -25   0 -292.736  -128.94  -4.8358 0.546537 0.811183  4.69864 0.811183   11.489  63.1137  4.69864  63.1137  418.575
-58 -28   0  -292.774   -141.56 -0.366013  0.326661 0.0678651  0.104361 0.0678651  0.721678  0.178744  0.104361  0.178744  0.432086
-57 -25   0 -286.817 -128.993  -4.6406  0.758131 -0.128731  0.151667 -0.128731   3.16921   1.40953  0.151667   1.40953   4.69531
-55 -25   0 -277.844 -129.092 -4.88277 0.491413 0.252441 0.773587 0.252441  4.58495  16.9204 0.773587  16.9204  131.767
-65 -25   1 -329.814  -128.46  7.31086  76.5682 -25.9269  10.8614 -25.9269  45.1144 -20.3929  10.8614 -20.3929  9.52432
-52 -25   0 -262.403 -129.554 -4.91855 0.493784 0.687941  1.94664 0.687941  18.7422  56.9274  1.94664  56.9274  316.058
-53 -25   0 -267.626  -129.29 -4.91866 0.499886 0.551488  3.58575 0.551488  8.80905  49.3611  3.58575  49.3611  457.413
-62 -29   1 -312.306   -147.3  8.34633   1.41617  0.193972   1.03246  0.193972  0.926678 -0.170118   1.03246 -0.170118    1.7399
-50 -25   0 -252.412 -129.658 -4.59248  0.573362 -0.445272 -0.293987 -0.445272   20.9857   -7.8173 -0.293987   -7.8173   8.62713
-51 -25   0 -258.008  -129.79 -4.84494  0.545228  0.852293 -0.964145  0.852293   29.2781  -11.1399 -0.964145  -11.1399   24.8477
-50 -26   0 -252.535 -132.806 -3.42386   0.629998  -0.197205 -0.0315838  -0.197205   0.710176   0.172015 -0.0315838   0.172015    0.55867
-62 -19  -1 -310.852 -98.2039 -5.03883  31.7736 -18.8716  55.6001 -18.8716  20.5099  82.8506  55.6001  82.8506  2560.68
-62 -23  -1 -310.899 -116.234 -5.03319  2.1321 1.52832 12.3032 1.52832 2.28783 14.3538 12.3032 14.3538 677.458
-56 -29   2   -282.3 -149.069  11.4656  0.804363  0.580686 -0.245089  0.580686   1.85461 -0.913094 -0.245089 -0.913094   1.16116
-56 -26   0 -282.553 -132.972 -3.30686  0.699739 0.0224748  0.082634 0.0224748  0.964963  0.521414  0.082634  0.521414   1.03332
-61 -24  -1 -307.493 -120.497 -5.02381  0.693154   1.90294 -0.649523   1.90294   9.86457   4.38537 -0.649523   4.38537     306.6
-60 -25  -1 -300.501  -125.69 -5.00943   8.3926  1.37888 -2.29253  1.37888  5.37613 -8.94691 -2.29253 -8.94691  4829.09
-62 -20  -1 -311.715 -103.548 -5.08261   1.54919 -0.508673   19.2994 -0.508673  0.751331  -7.84231   19.2994  -7.84231   490.751
-62 -22  -1  -312.39 -112.679 -5.07177 0.892572 0.341006  9.70911 0.341006 0.534147  5.80722  9.70911  5.80722  327.722
-60 -24  -1 -301.689  -122.23  -5.0433 0.920431 0.485472  3.68618 0.485472 0.810635  7.05885  3.68618  7.05885  349.984
-59 -24  -1 -297.208 -122.844 -5.08892 0.602952 0.147419  7.45505 0.147419 0.675418  8.47652  7.45505  8.47652  481.339
-56 -25   0 -282.602 -128.936 -4.87791 0.491537  0.27162  1.35746  0.27162  9.85319  53.1456  1.35746  53.1456  373.373
-58 -25  -1 -292.626 -126.084 -5.12855  0.536277 0.0306405   4.21158 0.0306405   2.05575   5.98758   4.21158   5.98758   500.425
-61 -16  -1 -305.455 -84.1313 -5.14033  85.5576  -70.656 -235.496  -70.656  193.913  851.615 -235.496  851.615  3946.73
-62 -21  -1 -312.313 -107.899 -5.10856   1.19824 -0.218661   16.8361 -0.218661  0.578593  -2.79247   16.8361  -2.79247    449.44
-61 -23  -1 -307.166 -116.991 -5.12442  1.06578 0.556232  15.9824 0.556232  1.27093  19.0736  15.9824  19.0736  601.595
-58 -24  -1 -292.396 -122.599  -5.1611  0.503399 0.0457822    4.1169 0.0457822  0.597946   6.65813    4.1169   6.65813   461.877
-63 -28   1 -315.498  -140.84  7.68809   5.38197 -0.484475   1.02483 -0.484475   1.04009 -0.193333   1.02483 -0.193333  0.687828
-53 -25  -1  -267.46 -126.519 -5.19174 0.48636 0.17416 1.45768 0.17416 4.24554 38.9131 1.45768 38.9131 473.475
-54 -25  -1  -272.48 -126.499 -5.17683  0.520393 0.0207976 0.0244584 0.0207976   4.04878   37.3338 0.0244584   37.3338   517.255
-55 -25  -1 -277.575  -126.36 -5.17723  0.478771 0.0823875  0.162576 0.0823875   3.19444   28.8038  0.162576   28.8038   471.481
-66 -16   0 -332.207 -84.7133  4.54837  75.5439  47.2356  1.15962  47.2356  107.204 -31.6276  1.15962 -31.6276  21.2985
-56 -25  -1 -282.608   -126.3  -5.1692  0.508732 0.0864117    1.4673 0.0864117   2.78975   25.1588    1.4673   25.1588   503.018
-57 -25  -1 -287.027 -126.257 -5.15734 0.589636  0.25436  2.82343  0.25436  2.41907   21.815  2.82343   21.815  553.976
-61 -19  -1 -306.259  -97.723 -5.22936  3.96303 -1.84661  16.8564 -1.84661  1.45775 -8.25748  16.8564 -8.25748  288.975
-57 -24  -1 -287.469   -122.6   -5.208  0.526294 0.0918505   4.12211 0.0918505  0.711097   9.28884   4.12211   9.28884   487.412
-56 -24  -1 -282.564  -122.64 -5.25034  0.531946 0.0690891   4.94214 0.0690891  0.692249   9.39932   4.94214   9.39932   451.843
-52 -25  -1 -262.251 -126.806 -5.19496  0.50327 0.325651  3.25482 0.325651  3.96106  39.0261  3.25482  39.0261  464.344
-51 -25  -1 -257.562 -127.203 -5.21155 0.554527 0.446576  4.96221 0.446576  3.46936  36.7543  4.96221  36.7543  459.053
-61 -21  -1  -307.46 -107.829 -5.30301   1.10032  0.131868   15.1962  0.131868  0.592459 -0.369555   15.1962 -0.369555   352.601
-61 -22  -1  -306.97 -112.699 -5.25931  1.23591 0.310837  16.6502 0.310837 0.830626  11.4729  16.6502  11.4729  442.154
-57 -23  -1  -287.39 -118.435 -5.26092  0.532071 -0.106521   1.33784 -0.106521  0.992888   3.48717   1.33784   3.48717   130.346
-59 -23  -1 -297.123 -117.961 -5.26297  0.510523 -0.096443  -1.22731 -0.096443    1.5026   21.5357  -1.22731   21.5357   468.154
-60 -23  -1 -302.258 -117.888 -5.21747  1.04314 0.690089  13.6457 0.690089  2.38675  31.2168  13.6457  31.2168  546.445
-62 -28   2 -313.616 -142.908  11.1227    2.25976    1.70704 -0.0798388    1.70704    1.98349  -0.108573 -0.0798388  -0.108573    1.15411
-56 -23  -1 -282.402 -117.939 -5.33149   0.439232 -0.0608297   -1.98403 -0.0608297   0.601838    6.00576   -1.98403    6.00576    241.876
-55 -24  -1 -277.511 -122.567 -5.29467  0.509997 0.0984069   4.12536 0.0984069  0.767408   10.5219   4.12536   10.5219   472.994
-64 -27   0 -321.714 -137.596 -2.04099   0.311735  0.0724888  0.0633619  0.0724888    1.09942 0.00277316  0.0633619 0.00277316   0.271868
-54 -24  -1 -272.538 -122.496 -5.33554  0.483788 0.0920113   2.68108 0.0920113  0.998238   14.9994   2.68108   14.9994   467.185
-54 -25   0 -272.425 -129.125 -4.90277 0.530645 0.107575  1.25545 0.107575  8.68562  51.0887  1.25545  51.0887  418.686
-52 -24  -1 -262.464 -122.619 -5.38019  0.482244 0.0369573   1.57043 0.0369573   1.04508   15.3222   1.57043   15.3222   473.965
-50 -25  -1 -252.357 -127.391 -5.25373 0.562659 0.365181  4.67087 0.365181  3.07257  33.8539  4.67087  33.8539  435.492
-60 -19  -1 -302.512 -98.1218 -5.42669  1.33181 -0.45826  20.1356 -0.45826  1.03185 -12.4749  20.1356 -12.4749  490.952
-59 -21  -1  -298.74 -107.396 -5.54232   1.60183 0.0440814  -5.59084 0.0440814  0.702415   9.09587  -5.59084   9.09587   524.834
-57 -22  -1 -286.369 -113.839 -5.30997  1.07422 0.197879 -2.21515 0.197879  2.26072 -3.39991 -2.21515 -3.39991  56.0683
-56 -22  -1 -282.035 -113.652 -5.30097  0.600825  0.362818 -0.316642  0.362818   5.07919  -5.21025 -0.316642  -5.21025   49.2808
-60 -22  -1 -302.384 -112.999 -5.42656 0.861238 0.284812  12.9501 0.284812 0.670092  6.78666  12.9501  6.78666  420.531
-55 -22  -1 -277.289 -113.882  -5.3725  0.596637 -0.115304  0.626733 -0.115304   4.22917  -2.85412  0.626733  -2.85412   40.0878
-55 -23  -1 -277.555 -117.802 -5.37276  0.625935 0.0941209   4.73621 0.0941209  0.476991   2.50974   4.73621   2.50974   132.328
-54 -23  -1  -272.65 -117.981 -5.46444 0.590143 0.198118  6.52296 0.198118 0.801131   11.416  6.52296   11.416  469.865
-53 -23  -1 -267.641 -117.794 -5.40039  0.544809 0.0212666   4.82012 0.0212666  0.453452   2.25359   4.82012   2.25359   299.512
-51 -24  -1 -257.402 -122.488 -5.39595   0.475769 -0.0431761  -0.686526 -0.0431761   0.653604    6.46259  -0.686526    6.46259    351.781
-53 -24  -1  -267.51 -122.508 -5.35519 0.524184 0.101531  2.72363 0.101531 0.914754  14.2341  2.72363  14.2341  475.686
-51 -29   0 -258.011 -147.003    1.374   0.820335   0.120882  0.0318423   0.120882    1.05877 -0.0663566  0.0318423 -0.0663566   0.255002
-50 -24  -1 -252.514 -122.552 -5.43168   0.488316 0.00906975    2.45293 0.00906975   0.599878    6.77766    2.45293    6.77766    457.234
-59 -20  -1 -299.072 -103.095 -5.59115  3.74184 0.597771  4.43587 0.597771 0.643075  2.34602  4.43587  2.34602  527.418
-60 -20  -1  -302.65 -102.757 -5.48734   1.83287 -0.122657   21.5934 -0.122657  0.508502   -4.5062   21.5934   -4.5062   392.631
-60 -21  -1 -302.734 -108.101 -5.48581  0.874456 0.0654472   13.6104 0.0654472  0.625631   3.21138   13.6104   3.21138   493.289
-54 -22  -1 -272.515 -113.806 -5.37506  0.476348 0.0118123 0.0957551 0.0118123   12.5677  -10.8859 0.0957551  -10.8859   35.1073
-50 -22  -1 -252.408 -114.277 -5.40102 0.551924  1.01621 -1.54513  1.01621  24.7192 -14.0667 -1.54513 -14.0667  38.0136
-53 -22  -1 -267.723 -114.069 -5.32883   0.49738  0.337332 -0.876295  0.337332   7.33652  -10.0741 -0.876295  -10.0741   53.3333
-50 -23  -1 -252.479 -118.687 -5.40065   0.493781 -0.0120837   0.185772 -0.0120837   0.975884    1.57763   0.185772    1.57763    35.4185
-52 -23  -1  -262.34  -117.99 -5.44333   0.609092 -0.0485271   -1.06233 -0.0485271   0.606253   0.347062   -1.06233   0.347062    42.7822
-51 -23  -1 -257.664 -118.508 -5.40735  0.48852 0.133102 0.669218 0.133102 0.919625  1.62978 0.669218  1.62978  38.4271
-51 -29   2 -259.415 -147.921  10.8247   4.31617  0.234773 -0.822299  0.234773  0.731572 -0.435397 -0.822299 -0.435397   2.01274
-53 -12  -1 -267.535 -61.1173 -5.61877  2.18695 -7.56173 -10.8802 -7.56173  38.7572   91.473 -10.8802   91.473   453.29
-50 -29   1 -251.928  -147.36  6.50286   1.15742  0.124939 0.0750013  0.124939    1.0779  0.166704 0.0750013  0.166704  0.717039
-58 -23  -1 -292.353 -118.129 -5.25609 0.498797 0.038249  1.09934 0.038249 0.517235  3.97842  1.09934  3.97842  179.212
-57 -23   0 -287.639 -117.322 -4.07488  0.602449 -0.126637  0.328248 -0.126637   1.23403  -1.83366  0.328248  -1.83366   5.36265
-53 -11  -1 -265.606 -56.7246 -5.86634  95.6716  -124.58 -228.802  -124.58  245.905   685.76 -228.802   685.76  2449.52
-59 -22  -1  -297.73 -113.182 -5.42524  0.851366 0.0730353  -9.23911 0.0730353  0.748589   5.08048  -9.23911   5.08048   373.137
-64 -26   0 -321.925 -130.859 -3.76542   1.82596  -2.32399 -0.902718  -2.32399    6.6579   12.9143 -0.902718   12.9143   48.8953
-58 -22  -1 -293.016 -113.901  -5.4839  0.567214 -0.127589  0.387419 -0.127589   2.20019   2.53316  0.387419   2.53316   25.6195
-57 -27   0 -287.371 -138.391 -1.19263    0.446076   -0.159998 -0.00208828   -0.159998    0.853881    0.359397 -0.00208828    0.359397    0.469048
-67 -28   0 -338.803 -141.094  1.47283    2.01338    1.19557 -0.0365884    1.19557    2.47004  -0.212722 -0.0365884  -0.212722   0.126504
-61 -27   0 -305.828 -138.023 -2.34924  2.65033  1.09198 0.409132  1.09198  3.30641 0.395437 0.409132 0.395437 0.938119
-67 -18   0 -337.549 -93.3699  1.80192    0.983207    -0.32925   -0.177663    -0.32925    0.451681 -0.00581857   -0.177663 -0.00581857    0.201856
-52 -29   1 -261.308 -147.654  7.22926   1.29322   0.67742 -0.146649   0.67742   1.05034 -0.117503 -0.146649 -0.117503  0.646469
-52 -14  -1 -262.244  -72.845 -6.17973   8.94765 -0.803848   106.623 -0.803848   7.09706   42.7621   106.623   42.7621   2436.85
-52 -28   0  -262.623  -142.455 0.0675204   0.701875  0.0809032   0.121736  0.0809032   0.898186 -0.0464737   0.121736 -0.0464737   0.185666
-50 -29   0  -252.74 -147.178 0.703141   0.805864   0.273121 -0.0785576   0.273121   0.918754   0.042934 -0.0785576   0.042934   0.210446
-54 -10  -1 -271.415 -51.0595 -6.28786   6.9703  2.12343 -20.3761  2.12343  3.08179   20.165 -20.3761   20.165  429.804
-53 -10  -1 -266.434 -52.5021 -6.05902  1.33148 -2.41693 -9.65068 -2.41693  12.3401  52.2758 -9.65068  52.2758  239.076
-52 -11  -1 -263.152 -57.4169 -6.02182  3.07326 0.951117  11.3976 0.951117 0.699544  3.65782  11.3976  3.65782  73.8466
-51 -13  -1 -258.365 -66.0092  -6.4915   45.563  67.6661  15.5843  67.6661  140.057 -141.517  15.5843 -141.517  9619.98
-52 -10  -1 -262.464 -52.1565 -6.44021  1.38801 0.130499  9.75862 0.130499 0.649662  2.54939  9.75862  2.54939  102.142
-64 -17   0  -321.725  -88.8002 -0.594243  0.944129  -0.38445 0.0213943  -0.38445   1.64232 -0.132818 0.0213943 -0.132818  0.294973
-51 -11  -1 -257.299 -56.3901  -6.5907 1.73564 1.11562 17.4023 1.11562 1.34919 13.5857 17.4023 13.5857 405.509
-51 -10  -1 -257.462 -52.4973 -6.70796  1.39436 0.484486  20.3242 0.484486 0.727589  9.88007  20.3242  9.88007  450.577
-50 -11  -1 -252.322 -56.7306 -6.79141  2.15698  1.38116  7.53437  1.38116  1.71067 -4.62276  7.53437 -4.62276  276.209
-50 -10  -1 -253.391 -51.9775 -6.82778  0.967708 -0.151185   1.08715 -0.151185  0.293563   2.74815   1.08715   2.74815   222.978
-64 -14   1 -323.417 -74.5952  5.65622  4.54706  21.4511 -2.34357  21.4511   702.21  -19.434 -2.34357  -19.434   5.6259
-59 -25  -1 -297.138 -126.133 -5.06875  0.547986 0.0730308   1.39031 0.0730308   2.26349   1.84367   1.39031   1.84367   98.2727
-61 -20  -1 -307.559  -102.74 -5.29396  0.587745 -0.196703  0.250501 -0.196703  0.657377  0.734233  0.250501  0.734233   16.5576
-51 -22  -1 -257.677 -114.247 -5.52398   0.391935  0.0247493 -0.0274624  0.0247493    11.6734   -3.42002 -0.0274624   -3.42002    19.1096
-52 -22  -1 -262.934 -114.043  -5.4069 0.814158  1.18363   0.3126  1.18363  13.3896  -2.9977   0.3126  -2.9977   17.589
-61 -17  -1 -306.451 -87.0535 -5.44839  0.947568 -0.181658 -0.163854 -0.181658  0.671531 -0.421444 -0.163854 -0.421444   2.12986
