-69  14   0 -345.74 72.9942 -1.0834  56.6423 -112.336 -2.42701 -112.336  304.338  1.74826 -2.42701  1.74826 0.702697
-69  12   0 -348.082   63.527 -2.60826    3.00869   -1.10547  -0.694544   -1.10547    1.31025 -0.0295075  -0.694544 -0.0295075   0.918475
-61  13  -1 -306.154  69.0489  -7.0754   6.60327  -1.13224  0.594529  -1.13224  0.806103 -0.427992  0.594529 -0.427992   1.92238
-61  11  -1  -306.65  57.4207 -7.49787    69.798  -1.23989  -3.50569  -1.23989  0.490261 0.0286094  -3.50569 0.0286094    1.6662
-62  10   0 -313.491  53.4267 -2.51855 1947.71 2813.79 320.853 2813.79 4491.42 420.005 320.853 420.005 64.3657
-60  10  -1 -304.934  52.4711 -8.58535  524.977  9.00439 -10.4274  9.00439 0.703879  1.08066 -10.4274  1.08066  67.0905
-61  12  -1 -306.545  62.3075 -7.19806    128.418  -0.825907   -8.01495  -0.825907   0.439309 -0.0197386   -8.01495 -0.0197386    1.47873
-62  10  -1 -313.229  53.6104 -7.17072  12.1935 -1.94621  2.44497 -1.94621  19.7696 -3.48493  2.44497 -3.48493  1.76999
-69  10  -1 -347.258   51.481 -8.91798   1.19268 -0.290794  -2.04813 -0.290794  0.603762   1.41494  -2.04813   1.41494   17.8501
-63  13  -1 -315.809  65.6143 -8.48753  2046.75  1438.01  -18.338  1438.01   1118.4 -14.2356  -18.338 -14.2356  3.60678
-68  11  -1  -342.73  57.1299 -8.45803  0.965176   0.12699   0.17077   0.12699  0.764937 -0.671162   0.17077 -0.671162   3.62804
-68  10  -1 -343.155  52.3222 -8.61883   1.43586 -0.578738   2.38542 -0.578738  0.649973 -0.617052   2.38542 -0.617052   7.67494
-68  12  -1 -342.858  63.1065 -9.15226  3.96174  2.97895 -7.51151  2.97895  3.28831 -3.60991 -7.51151 -3.60991  25.4574
-69  11  -1 -347.908  57.3606 -9.23882   0.45353 -0.292656  -2.90831 -0.292656   1.06339   10.8103  -2.90831   10.8103   325.553
-67  10  -1  -338.72  53.0502 -9.28279    5.492 -6.24937  29.7212 -6.24937  13.2381   11.767  29.7212   11.767  933.809
-69  14  -1 -346.314  72.7572 -7.97503  18.7168 -5.96347 0.904489 -5.96347  78.9403 -7.34996 0.904489 -7.34996  1.25269
-67  13  -1 -336.295  68.5137 -9.14096  9.43121 -4.96454  4.44196 -4.96454  3.32752 -4.76433  4.44196 -4.76433  32.4062
-67  12  -1 -337.717  62.2183 -9.01699  28.2088  38.2698 -43.7078  38.2698  57.4541 -75.5235 -43.7078 -75.5235  118.528
-64  11  -1 -321.431  57.9098 -8.71381  53.4093   20.977 -10.4427   20.977  19.3481 -8.39902 -10.4427 -8.39902   4.6586
-64  10  -1 -322.763  52.4971 -7.66822    1.77178   0.577926  -0.918523   0.577926    0.78975 -0.0542094  -0.918523 -0.0542094   0.887623
-61  10  -1 -306.241  52.4401 -7.66047   3.55054  0.408492   1.95712  0.408492  0.569027 0.0861817   1.95712 0.0861817   2.17971
-65  12  -1 -326.233  62.9098 -9.34381   3.72705 -0.563167   4.22467 -0.563167   1.68283 -0.127093   4.22467 -0.127093   7.45062
-66  11  -1 -332.527  58.3881 -9.32762    0.586129 -0.00940771    0.631896 -0.00940771     0.90921   -0.843923    0.631896   -0.843923     4.37469
-64  12  -1 -324.241  62.2055 -9.72388   4.92923 -0.958923  -14.9348 -0.958923  0.640022   -2.9036  -14.9348   -2.9036   295.073
