-81   9   2 -408.221  46.7935  10.7258  33.1048  6.59468 -9.42521  6.59468   2.6013 -1.97537 -9.42521 -1.97537   5.3806
-86   8   2 -432.784  40.2843  10.9818 8.64536 42.4255 7.54863 42.4255 353.585 54.9041 7.54863 54.9041 9.93259
-87   9   2 -435.691  45.9727  10.4655   7595.2   5078.5 -76.1995   5078.5  3460.22 -61.6257 -76.1995 -61.6257  14.0915
-89   9   2 -448.488  46.3348  10.6318   5.4357  1.12556 -9.09198  1.12556  1.50647 -2.88449 -9.09198 -2.88449  18.8013
-80   9   1 -402.869  46.3967   9.3347  27.3497 -95.8589  120.614 -95.8589  358.272 -455.175  120.614 -455.175  584.193
-87   8   1 -438.894   42.241  8.20669  1.61817 -8.01615 -3.60633 -8.01615  74.3309  38.4803 -3.60633  38.4803  22.2919
-81   8   1 -406.685  43.0261  6.46674   3.512 2.02779 3.07386 2.02779 2.57202 2.85098 3.07386 2.85098 5.89463
-77   8   1 -388.904  41.8616  6.88838   3.30416  0.844205 -0.442056  0.844205   0.58206 -0.450645 -0.442056 -0.450645  0.963233
-76   8   1 -384.05 40.7353 6.15609  155.523 -319.711 -52.7181 -319.711  1212.48  -124.45 -52.7181  -124.45  118.972
-89   7   1 -446.197  37.4957  6.24704    1.45707   0.680145 -0.0883548   0.680145    1.47418   0.233728 -0.0883548   0.233728    3.56948
-79   8   1 -397.207  42.8981  7.06819  0.599089 0.0219231 -0.566854 0.0219231  0.573959  0.064424 -0.566854  0.064424   1.40576
-73  -2   1 -368.341 -14.1259  6.11452  0.523319 -0.681603  0.218475 -0.681603   4.38838   2.92351  0.218475   2.92351   6.51993
-70   8  -1  -352.26  42.2898 -8.75457  0.696216 -0.241781 0.0405004 -0.241781  0.568986 -0.179606 0.0405004 -0.179606   8.41375
-71   4  -1 -357.513  22.3519 -8.48809  0.462925 0.0888028  0.179035 0.0888028  0.567668   1.16367  0.179035   1.16367    12.712
-74   0   1  -371.689 -0.927419   5.54159  2.62404 -0.43902 -0.88415 -0.43902  3.03373  1.47181 -0.88415  1.47181  8.80189
-71   5  -1 -357.541   27.572 -8.67949   0.510749 -0.0313677   0.746495 -0.0313677   0.528396  -0.682555   0.746495  -0.682555    28.6053
-70   6  -1 -352.572  31.8388 -8.65228  0.542636 0.0398559  0.884516 0.0398559  0.497726  -0.72865  0.884516  -0.72865   15.6467
-71   8  -1 -357.262    41.87 -8.53885  2.28137 0.644003  25.8515 0.644003 0.599764  8.18359  25.8515  8.18359  363.085
-71   9  -1 -357.066  47.7381 -8.00191  0.609892 -0.193989 -0.346043 -0.193989   0.85836    -0.173 -0.346043    -0.173   1.39695
-81   4  -1 -407.506  22.5611 -6.61787 0.725918 0.369857  7.23361 0.369857   1.0195  10.5893  7.23361  10.5893  201.209
-71   6  -1 -357.524   32.189 -8.55573   0.510452 -0.0189138    1.35812 -0.0189138    0.57429   -0.17791    1.35812   -0.17791    41.9202
-71   7  -1 -357.775  37.1648 -7.33596   0.925605  -0.160306   0.343755  -0.160306   0.967263 -0.0775611   0.343755 -0.0775611   0.673496
-71  -8  -1 -356.995 -43.4629 -7.13388   0.434569 -0.0314108  -0.441316 -0.0314108    3.24812    5.86597  -0.441316    5.86597    12.7543
-78   0   1 -392.967  1.95967  5.60924   0.616097 -0.0400597  -0.507991 -0.0400597   0.280826   0.173175  -0.507991   0.173175    5.44056
-70   3  -1 -352.665  17.6669 -8.46957 0.825963 0.359263  9.68488 0.359263  1.07146  12.9829  9.68488  12.9829  311.969
-78   8  -1 -392.751  42.7928  -7.0941  0.848827  0.169346 0.0892876  0.169346  0.569037 -0.307087 0.0892876 -0.307087   1.75351
-72   4  -1 -362.498  22.6888 -8.33414 0.643113 0.100448  5.39717 0.100448 0.560017  3.60769  5.39717  3.60769  155.827
-72   5  -1  -362.45  27.3018 -8.15933   0.459941 -0.0208109  -0.321299 -0.0208109   0.437288   0.466123  -0.321299   0.466123    3.04411
-74   7   1 -373.104  37.4979   5.4615 2.03589 2.68246 6.78937 2.68246 5.81693 11.5152 6.78937 11.5152 40.2101
-83   0   0 -417.995 0.981122 -2.47658     0.57313   0.0127294   -0.133752   0.0127294    0.143077 -0.00722823   -0.133752 -0.00722823    0.666578
-72   7  -1 -362.793  37.0572 -8.07321  5.10591 -1.25186  44.3455 -1.25186 0.829664 -11.0142  44.3455 -11.0142   437.55
-70   5  -1 -352.636  27.4777 -8.79688  0.549219 -0.125833   5.82182 -0.125833  0.663639  -9.03557   5.82182  -9.03557   467.954
-86   8   0  -433.284   40.7644 -0.501229         1.03     -0.27849 -0.000607949     -0.27849      3.13463    0.0234273 -0.000607949    0.0234273     0.118684
-72   2  -1 -362.623  12.2667 -7.54917  0.538447   0.04315   0.16697   0.04315  0.442339 -0.219122   0.16697 -0.219122   8.32457
-76   6  -1 -382.396  32.0914  -7.5365  0.600105 -0.280858   7.25537 -0.280858   1.28454  -19.4383   7.25537  -19.4383   484.802
-74   0   0  -372.285  0.664725 -0.697717  0.754003 -0.279653 -0.121595 -0.279653  0.426905  0.155734 -0.121595  0.155734  0.186727
-70  -3  -1 -351.818 -17.6118 -7.09767  0.522051  0.104522 -0.414896  0.104522  0.705089   0.81072 -0.414896   0.81072   3.07463
-70  -2  -1 -352.548 -12.7985 -7.74975    0.428253 -0.00896995    0.689224 -0.00896995     0.51078   -0.431946    0.689224   -0.431946     15.2205
-81   8  -1  -407.32  41.8077 -6.67598     1.02513   -0.260628     0.38899   -0.260628    0.461715 -0.00248068     0.38899 -0.00248068      1.7431
-77   0   1 -386.968  1.11591  5.65191  0.687063 -0.199081 -0.263294 -0.199081   0.29116 0.0912988 -0.263294 0.0912988   3.28681
-73   4  -1  -367.56  22.6648 -8.16112 0.811277  0.27111  9.07035  0.27111 0.805294  8.06049  9.07035  8.06049  249.943
-73   6  -1 -367.346  32.3906 -7.99091  1.11709 -0.44413  15.4614 -0.44413 0.701737 -11.0297  15.4614 -11.0297  376.419
-72   8  -1 -362.955  42.5806  -8.0035   5.9699 0.264919   45.615 0.264919 0.398119    2.271   45.615    2.271  377.573
-72   9  -1 -362.245  46.7534 -7.42997  0.859027 -0.103852 -0.332457 -0.103852  0.631189  0.261958 -0.332457  0.261958   1.08844
-71  -9  -1 -356.733 -47.0967  -6.5202  0.777397 0.0667077 -0.495747 0.0667077  0.465267 -0.276475 -0.495747 -0.276475    2.1576
-74   4  -1 -372.429  22.5781 -7.98451 0.892538 0.463849  11.1229 0.463849  1.01512  12.5577  11.1229  12.5577  297.392
-75   9   0  -379.22  48.6164 -1.38898   1.11044   0.83496 0.0591038   0.83496   2.91116  0.461131 0.0591038  0.461131  0.234119
-87   3   0 -438.298  15.7489 -4.48126     0.573701    -0.104301 -0.000718962    -0.104301      2.64206     0.324586 -0.000718962     0.324586      2.00973
-83   8   1 -419.257  43.9734  7.75272  12.0139   2.8064  2.13102   2.8064  1.72699 0.905299  2.13102 0.905299  1.70869
-73   5  -1  -367.52  27.3477 -8.10269   1.51551 -0.359015   22.1895 -0.359015  0.614313   -7.7125   22.1895   -7.7125   473.921
-73  -5   1  -367.95 -28.9272  5.38478  1.93813 0.930952 -1.49336 0.930952  1.28711  1.50676 -1.49336  1.50676  21.9615
-70  -5  -1 -353.501 -26.8255 -6.48077   2.35637  0.394059  0.372708  0.394059  0.433791 -0.401319  0.372708 -0.401319   4.65189
-86   1   0 -432.855  7.66346 -4.81503 0.934938 0.820587  12.7459 0.820587  1.94575  25.0973  12.7459  25.0973  443.032
-70  -1  -1 -352.541 -7.20974 -7.66361  0.637561 0.0948111   1.16255 0.0948111  0.503096  0.643407   1.16255  0.643407   17.6981
-70   1  -1 -352.214  7.75658 -7.84192  0.503464 0.0826974  0.446748 0.0826974  0.579809  0.688799  0.446748  0.688799   11.4699
-84  -1   0 -421.889 -7.45025  -1.5909  5.06487 -1.38765 -2.79728 -1.38765 0.833318 0.848442 -2.79728 0.848442  5.06512
-71   2  -1 -357.231  11.8376  -7.8039 0.524703 0.279111  3.48096 0.279111  1.61625  13.1937  3.48096  13.1937  156.972
-70  -7  -1 -352.616 -36.8448 -6.58976 2.05013 1.85289 8.49502 1.85289 4.02635 14.0543 8.49502 14.0543 95.1693
-87   7  -1 -437.471  37.3703 -5.82899  0.491201 0.0853319 -0.161883 0.0853319   1.02392  -3.35879 -0.161883  -3.35879   25.6512
-73   3  -1 -366.723  17.0607 -7.25215  0.605854  0.117133 -0.291724  0.117133  0.744654  0.268227 -0.291724  0.268227   1.45713
-73  -3   1 -368.791 -15.7277  6.03599  4.05018 -0.78766   2.6187 -0.78766   3.3118 -1.39452   2.6187 -1.39452  3.75938
-88  -2   0 -442.485 -11.4434 -3.09453 2.33656 1.69107 20.8213 1.69107 2.84403 20.5647 20.8213 20.5647 228.037
-72  -2  -1 -363.194 -13.1468 -6.35583  0.82927 0.158685 0.262944 0.158685 0.873174 0.556722 0.262944 0.556722  2.06629
-72   0  -1  -362.35  2.42346 -6.35592   0.691776   0.244583    0.07299   0.244583   0.438284 -0.0328068    0.07299 -0.0328068    1.91343
-71  -2  -1 -357.391  -12.493  -7.3708 0.539351 0.104091  0.65132 0.104091 0.535205 0.154417  0.65132 0.154417  14.2095
-88   8   2 -440.939  41.5687  11.2629  2.80723 -7.25173 -3.51108 -7.25173    34.82  13.5103 -3.51108  13.5103  6.79707
-73  -2  -1 -366.231 -12.2037 -6.44458   0.864688 -0.0216385   -0.25447 -0.0216385   0.545722   0.152037   -0.25447   0.152037    2.29027
-80   1   0 -402.546  5.21661 -4.19557   0.601001  0.0492584  -0.118991  0.0492584    2.34747 -0.0567808  -0.118991 -0.0567808   0.673172
-71  -1  -1 -357.733 -6.37019 -6.77969  0.923265  0.102503  0.278274  0.102503  0.653543 -0.200079  0.278274 -0.200079   1.67829
-71  -2   0 -358.704 -11.0113   -3.072   2.95946 0.0553341  0.988475 0.0553341   5.22198    1.0196  0.988475    1.0196   1.53951
-71   0  -1  -357.792 -0.332036  -6.44912  0.718127 0.0486589 0.0175514 0.0486589  0.233092   0.08309 0.0175514   0.08309   1.35161
-76   0  -1 -382.412  0.13265 -5.68925 0.746943 0.464633  4.11905 0.464633 0.746119   6.1821  4.11905   6.1821  58.6965
-88   4   0 -444.076   21.643 -3.05474  2.60851 -1.01312 0.370174 -1.01312  3.61317 -1.74499 0.370174 -1.74499 0.927136
-75   5  -1 -377.395  27.2254 -7.78575   1.08996 -0.029908   16.9639 -0.029908  0.517803  -1.34097   16.9639  -1.34097    488.72
-75   6  -1 -377.513  32.3374 -7.60757  0.805478 -0.858787   11.6015 -0.858787   2.51225  -29.3671   11.6015  -29.3671   430.302
-70   4  -1  -352.53  22.3936 -8.73532 0.765032 0.499524  10.8957 0.499524  1.58666  22.2268  10.8957  22.2268   448.28
-83   3   0 -417.546  16.3628 -4.54227   0.541748 -0.0076014  0.0870988 -0.0076014    2.70027   0.484406  0.0870988   0.484406    12.2815
-73   8  -1 -367.639  41.9134 -6.93646    0.472212 -0.00784356    0.200501 -0.00784356    0.565609    0.405385    0.200501    0.405385     1.66913
-83  -5   2  -417.75 -28.0713  10.9297   1.3787   1.3842  -2.2535   1.3842  4.81713 -3.36855  -2.2535 -3.36855  8.04203
-71   3  -1 -357.513  17.7754 -8.26909 0.489231 0.032976  1.11707 0.032976 0.789652  2.88711  1.11707  2.88711   37.619
-71  -3   1 -357.207 -19.3055  6.07321  0.710984   -1.0466  0.549404   -1.0466    5.4066 -0.923463  0.549404 -0.923463   2.17113
-77   9  -1  -389.05  47.0891 -6.68121    1.05257   0.115736   0.468918   0.115736   0.527989 -0.0820705   0.468918 -0.0820705    1.39752
-79   9  -1 -397.993  48.2909 -7.04502  0.960642   0.21859  0.492212   0.21859   1.11278 -0.407675  0.492212 -0.407675   1.89488
-78   9  -1 -391.577  48.0178 -7.20909   0.475346  0.0562832  -0.372572  0.0562832   0.552423 -0.0545382  -0.372572 -0.0545382    1.77937
-71   1  -1 -357.311  7.91777 -7.63505  1.17524   0.2406  18.2204   0.2406 0.613467  6.05579  18.2204  6.05579  479.213
-79   1   0 -396.351  5.59666   0.1442  0.926936 -0.403694 -0.185938 -0.403694   3.41313 -0.163368 -0.185938 -0.163368  0.214578
-73  -3   0 -367.496 -17.2772  1.47321   0.829254 -0.0591945  0.0252238 -0.0591945   0.538707  -0.124233  0.0252238  -0.124233   0.160108
-74   7  -1 -372.338  37.6655 -6.78025   0.408018 -0.0225148 0.00899029 -0.0225148   0.945607  -0.930531 0.00899029  -0.930531    2.31805
-72  -5  -1 -361.983  -26.332 -6.70503  8.97939  1.23004  70.1388  1.23004 0.822056  9.93765  70.1388  9.93765  628.445
-85   7  -1 -427.873   37.447 -6.08814  0.876041 -0.485412  0.780508 -0.485412   1.07692 -0.703136  0.780508 -0.703136   4.75803
-79   7  -1  -397.34  38.0142 -7.04954   0.493173  -0.130819 -0.0295186  -0.130819    0.53828 -0.0781969 -0.0295186 -0.0781969    1.85664
-80   7  -1 -402.018  37.4194 -6.64854    1.18905 -0.0718356  -0.480454 -0.0718356   0.829923   0.454755  -0.480454   0.454755    1.98013
-88   3  -1 -441.111  19.0817  -5.0568 6.21498 3.24238 80.1682 3.24238 4.27716 46.7136 80.1682 46.7136 1484.81
-80   9  -1 -401.655  46.9212 -7.29642   1.37792 -0.203509  0.401626 -0.203509  0.435885  0.345938  0.401626  0.345938   2.51525
-76   9  -1 -381.734  48.7249 -6.59264   0.52581 0.0952914 -0.311049 0.0952914   1.76177 -0.781553 -0.311049 -0.781553   1.88986
-70  -6  -1 -352.555 -32.7639 -6.82404  0.608763 0.0984304  0.115879 0.0984304  0.674431  0.275084  0.115879  0.275084   3.01803
-71  -3   0   -356.753   -18.3455 0.00338108   0.827831 -0.0952281  -0.138216 -0.0952281   0.634744   0.182077  -0.138216   0.182077   0.257873
-83  -4   0  -417.267  -21.4262 -0.267393  2.19914 0.256526  2.24769 0.256526  2.86425  3.33702  2.24769  3.33702  6.25974
-77   4  -1 -387.528  22.5876  -7.4393    1.001 0.747407  14.8379 0.747407   1.6336  21.4367  14.8379  21.4367  410.186
-77   5  -1 -387.574  27.2332 -7.50764 0.932746 0.215409  14.2665 0.215409 0.602373  7.52067  14.2665  7.52067  431.909
-76   7  -1 -382.457  36.8274 -6.79342   0.524225 -0.0827433 -0.0873243 -0.0827433   0.639225  0.0290691 -0.0873243  0.0290691    1.91213
-81   7  -1  -408.48  38.2168 -6.65434 0.903194 0.170344 0.365076 0.170344 0.711933 0.127272 0.365076 0.127272  2.10083
-89   0   0 -447.405   3.5554 -3.28202   1.93641  0.135882 -0.803761  0.135882  0.175959 -0.302015 -0.803761 -0.302015   6.28344
-70   0   0 -354.921 0.208074 -3.54634  263.957  78.0061 -42.9669  78.0061  119.951  -41.305 -42.9669  -41.305  88.9134
-73   2  -1 -367.337   12.309 -7.41768   0.599526 -0.0378007    2.23739 -0.0378007   0.494778   0.681753    2.23739   0.681753    53.4905
-81   2   0 -409.268  11.0483 -2.47893    3.13602   -1.21993   0.716963   -1.21993   0.997762 -0.0443986   0.716963 -0.0443986    1.22689
-75   9  -1  -378.49  47.8504 -6.33711  0.763543  0.241069  0.214932  0.241069  0.545426 -0.274397  0.214932 -0.274397   1.54373
-72  -3   0 -362.813 -16.3032 -1.16551   1.11716  0.453264 0.0494097  0.453264  0.874377    0.1088 0.0494097    0.1088   0.19418
-77   6  -1 -387.488  32.0974 -7.50112  0.613157 0.0168129   6.80747 0.0168129  0.482458   -2.5459   6.80747   -2.5459   424.968
-78   6  -1 -392.482  32.4027 -7.42658 0.609477 0.231214  6.46379 0.231214 0.669779  10.1259  6.46379  10.1259  368.381
-75   8  -1 -376.727  42.0681 -6.60246   0.718344   0.148676   -0.30108   0.148676   0.527754 -0.0731123   -0.30108 -0.0731123    1.87721
-87   1   0 -437.543  7.51703 -4.47136  1.05202 0.266925   4.4678 0.266925  1.03907  4.10848   4.4678  4.10848  42.8543
-87   7   0   -438.287    37.2414 -0.0539024    0.614071 -0.00348761  -0.0528967 -0.00348761    0.910113    0.211368  -0.0528967    0.211368    0.211564
-83   7   0   -418.476    37.4972 -0.0218838    0.563281   -0.227039 -0.00793099   -0.227039    0.896366    0.180325 -0.00793099    0.180325      0.2082
-84  -4   0 -421.883 -22.6553  1.50969  8.32189  2.90095 0.709394  2.90095  1.80577 0.840682 0.709394 0.840682 0.645831
-82   8  -1 -412.444  41.9906 -7.01528   0.496752 -0.0389454  -0.124728 -0.0389454    0.34292  -0.201553  -0.124728  -0.201553    2.79613
-81  -1   0 -406.692 -7.13636 -1.76827    0.547248 0.000588671    0.217314 0.000588671     0.62139   0.0425195    0.217314   0.0425195    0.436223
-81   9  -1 -408.649  47.0253 -6.46324  0.937502 -0.337162  0.697613 -0.337162   1.13499 0.0060218  0.697613 0.0060218   1.99379
-79  -1   0 -396.013 -6.24839 -3.34411   3.18777   3.10893 -0.585131   3.10893   11.9384  -1.56006 -0.585131  -1.56006   3.86934
-87  -1   0  -437.92 -7.69369 -3.70116  1.3474 1.57071 11.2668 1.57071   2.818  22.617 11.2668  22.617  271.89
-74   9  -1 -373.11 46.5642 -6.3975  0.620743  0.170428  0.343678  0.170428  0.908551 0.0835957  0.343678 0.0835957   1.98247
-71   0   0   -357.964 -0.0114497   -1.86486  0.853066  0.192418  0.210411  0.192418  0.286005 0.0744758  0.210411 0.0744758  0.308937
-88   7   2 -442.325  36.2957  10.4509  1341.11 -1373.92 -2365.23 -1373.92  2033.09  3643.44 -2365.23  3643.44   6599.1
-79   0   1 -395.911  2.10403   5.4918   5.80334  0.906635  -5.76999  0.906635   1.77087 -0.218436  -5.76999 -0.218436   12.0398
-80  -4   0 -402.865 -22.1146 -1.53143  0.711248   0.76869 0.0210499   0.76869   3.05754   2.04111 0.0210499   2.04111   3.96136
-74   2  -1 -372.606   12.301 -7.07733    0.50618 -0.0405462   0.565693 -0.0405462   0.468122   -1.01694   0.565693   -1.01694    12.3911
-78   4  -1 -392.665  22.3936 -7.17279  0.62611 0.116422  1.87678 0.116422 0.658601  2.15796  1.87678  2.15796  31.0775
-71  -4   1 -357.962  -22.229  5.75153    0.583423 -0.00124791    0.229006 -0.00124791    0.524827    0.182029    0.229006    0.182029     2.86124
-78   5  -1 -392.657  27.3423 -7.29851  0.70982 0.134942  5.97232 0.134942 0.484186  1.92403  5.97232  1.92403  125.132
-82  -6   0   -411.897   -32.1591 -0.0677874 0.335309 0.148228 0.122685 0.148228  1.58013 0.343163 0.122685 0.343163 0.311077
-75   7  -1 -377.647  36.9512 -6.50802   0.512262 -0.0981519   0.040684 -0.0981519    0.80059  -0.167414   0.040684  -0.167414    1.65299
-82   7  -1 -412.601  37.7881 -7.00965   0.442112  -0.149621 -0.0167572  -0.149621   0.444001 -0.0467121 -0.0167572 -0.0467121    12.0465
-72   6  -1 -362.302  31.7236 -7.15731   0.797741  0.0781517 -0.0417663  0.0781517   0.747599   0.195649 -0.0417663   0.195649   0.639119
-88   8   0  -442.497   42.5015 0.0304064    2.3804 -0.613435 -0.290631 -0.613435   1.43133  0.238474 -0.290631  0.238474  0.178178
-74   8  -1 -372.408  42.2071 -6.30899   0.679258 -0.0260146  -0.182151 -0.0260146   0.575448   0.422128  -0.182151   0.422128    2.01096
-77   3  -1  -387.46   17.626 -7.08941  1.0698 1.64233 15.1936 1.64233 4.89129 41.7498 15.1936 41.7498  392.53
-89   9  -1 -447.196  47.1323 -6.28711  0.529449 0.0415966 -0.230088 0.0415966    0.8253  -1.65393 -0.230088  -1.65393   16.9884
-72  -9  -1 -361.562 -47.4217 -6.33035  24.5747 -1.29397  50.2234 -1.29397 0.277226 -2.50675  50.2234 -2.50675  194.454
-79   5  -1 -397.331   27.174  -7.1256 0.589036 0.110512  2.68134 0.110512 0.634465  3.17071  2.68134  3.17071  85.0478
-80   6  -1 -402.739  31.9741 -7.12197 0.845956 0.555957  11.6216 0.555957   1.1757  17.3107  11.6216  17.3107  396.743
-73   1  -1 -368.019  7.01724 -6.66657  0.678909 0.0791585    0.6941 0.0791585  0.742701   1.12715    0.6941   1.12715   3.69688
-73  -1   1 -366.021 -5.94996  5.11263  41.6799 -48.8711  78.6289 -48.8711  58.7037 -101.994  78.6289 -101.994  302.454
-70   1   0 -351.218  6.95375 -4.51787  42.5439 -8.78649 -0.99305 -8.78649  90.1052 -35.5076 -0.99305 -35.5076  36.5122
-72  -3  -1 -362.671 -16.8137 -6.46595   1.37996  0.124278   1.95444  0.124278  0.920827 -0.621791   1.95444 -0.621791   6.38696
-77   0  -1 -387.339 0.733002 -5.46105  1.29071 0.923112  10.6141 0.923112  1.14627  11.8122  10.6141  11.8122  139.104
-74   1  -1 -372.167  7.84695 -6.82333  0.454777 0.0148305 -0.333091 0.0148305  0.763922   1.49247 -0.333091   1.49247   7.42799
-75   2  -1 -377.827  12.1349 -6.89094  0.590281 0.0399994  0.266968 0.0399994  0.454579 -0.181482  0.266968 -0.181482   12.7089
-86   6   1 -432.591  33.9834  5.84722  0.665837  -0.13094  0.181085  -0.13094   2.84589 -0.871703  0.181085 -0.871703    1.5764
-79   4  -1 -397.521  22.4758 -6.99935 0.505865 0.128725  1.91862 0.128725 0.806806  4.81162  1.91862  4.81162  79.8503
-78   7  -1 -391.999  37.7285 -6.99548  0.642131  0.128343 -0.476309  0.128343  0.613386 -0.314206 -0.476309 -0.314206   2.59729
-73   9   0 -367.807  47.9758 -1.37146    0.66934  -0.106544 -0.0852687  -0.106544   0.503901  0.0719988 -0.0852687  0.0719988   0.159404
-83   8  -1 -416.876   43.273 -6.60826   0.619389 0.00486445  0.0308031 0.00486445   0.499624  -0.271402  0.0308031  -0.271402    2.50742
-83   2  -1 -417.547  12.5572 -5.30517  1.12869 0.853905  11.0724 0.853905   1.5751  14.8786  11.0724  14.8786  202.799
-76   6   0 -381.969  33.3719 -0.56386    0.79451   0.395195 0.00937051   0.395195    1.34737  0.0787518 0.00937051  0.0787518   0.400128
-74  -1  -1 -373.347 -7.43591 -6.22984   0.438706 -0.0920702   0.466742 -0.0920702    0.49398  -0.254128   0.466742  -0.254128    4.28336
-78   3  -1 -392.559  17.6609 -6.91386 0.970717  1.44492  13.7331  1.44492  4.40249  38.6067  13.7331  38.6067  376.462
-74   8   1 -372.364   44.699  5.49188 2.63072 30.4051 2.56535 30.4051 474.129 68.1926 2.56535 68.1926 27.3494
-80   5  -1 -402.376  27.5325 -6.98407 0.952173 0.631223  14.4617 0.631223  1.43218  20.7447  14.4617  20.7447  453.378
-78  -1   0 -393.779 -6.35845 -3.21008 0.837069  1.09976 0.341583  1.09976  6.30498 0.512875 0.341583 0.512875  2.61407
-83   7  -1 -417.672  37.4048 -6.61929  0.514473 -0.141874  0.801184 -0.141874  0.861465  -1.41669  0.801184  -1.41669   7.30963
-83   1  -1 -417.501  9.62748 -5.06881 0.806353 -1.83699  4.37359 -1.83699  10.6003  9.91678  4.37359  9.91678  371.279
-83   9  -1 -417.783  47.0326 -6.43647     0.33191 -0.00923823    0.102538 -0.00923823    0.681249    0.190016    0.102538    0.190016      2.6409
-86   7  -1 -432.483  36.8957 -5.88704  0.516806 -0.132554   1.01524 -0.132554   1.99584  -5.96685   1.01524  -5.96685    30.064
-75   1  -1   -377.5  8.06266 -6.70946 1.63617 1.35617 22.7374 1.35617 2.13175   26.53 22.7374   26.53 436.074
-84   7   1 -422.227   36.713  6.50168  0.500222  0.434873 -0.278494  0.434873   1.67081  0.146609 -0.278494  0.146609   0.74735
-82   6  -1 -412.297  31.8524 -6.86889 0.687797 0.659211  9.54387 0.659211  2.41631  29.3308  9.54387  29.3308  457.077
-88   7  -1 -442.596    37.64 -5.90169  0.514066 0.0215156  0.581344 0.0215156  0.690476 -0.748467  0.581344 -0.748467   10.9166
-87   0   0 -436.585  1.04478 -4.33147 0.826154 0.220787  4.50935 0.220787   0.5842  7.55725  4.50935  7.55725   126.26
-84   8  -1 -422.453  42.5535 -6.84176    0.540237 -0.00699797     1.24758 -0.00699797    0.531805   -0.662528     1.24758   -0.662528     19.5946
-84   9  -1 -422.455  47.7983 -6.41283  0.413753 0.0160516 0.0296212 0.0160516  0.494984 -0.176795 0.0296212 -0.176795   3.26714
-73  -6  -1 -368.059 -32.0391 -5.67529  3.69356 0.333692  4.82987 0.333692  0.56944  1.34803  4.82987  1.34803  17.0762
-87   6  -1 -437.445   32.289 -5.94938 0.539271 0.116872  3.41453 0.116872 0.697992  6.55313  3.41453  6.55313  140.862
-84   7  -1 -422.316  37.6187 -6.52318  0.450663  0.234099 -0.136153  0.234099    0.9169 -0.486561 -0.136153 -0.486561   4.07644
-81   0   0 -407.246 0.427093 -2.69322  0.385352 0.0564424   0.16812 0.0564424  0.168119 0.0726187   0.16812 0.0726187  0.368996
-77   2  -1 -387.282  12.3575 -6.46773   0.487567  0.0251431 -0.0821917  0.0251431    1.46738    7.08758 -0.0821917    7.08758    52.3628
-85  -3   0  -428.394  -19.5843 -0.992746  0.718166  0.268122 -0.252392  0.268122   5.16914   1.95012 -0.252392   1.95012   1.95284
-89  -2   0 -448.701 -11.2723  -2.8507   2.06993 -0.584449  -10.7823 -0.584449   3.01377   41.5769  -10.7823   41.5769    773.08
-82  -5   1 -413.975 -28.2465   8.6816   3.88792   4.84814 -0.530606   4.84814   67.1022   -28.746 -0.530606   -28.746   13.4411
-70  -4  -1 -353.852 -23.5814 -6.60564    2.14143   -0.80366 -0.0882994   -0.80366   0.931809   0.741392 -0.0882994   0.741392    3.80699
-82   5  -1 -412.571  27.1742 -6.57674 0.921698 0.823429  14.4571 0.823429  2.05072  26.4517  14.4571  26.4517  455.723
-84   6  -1 -422.553  32.1936 -6.56167 1.55214 1.59923  21.676 1.59923 3.16176 34.6469  21.676 34.6469  453.81
-73  -3  -1 -367.959 -16.8158 -6.35936 0.489796 0.124431  0.76261 0.124431 0.578838 -0.22322  0.76261 -0.22322  10.4338
-74  -2  -1 -373.062 -12.0233 -6.04952   0.480373 -0.0655925   0.624182 -0.0655925   0.520319   0.398106   0.624182   0.398106    5.66611
-75   0  -1  -377.352 -0.499415  -5.92087    0.5075 0.0610746  0.387178 0.0610746  0.176763  0.849371  0.387178  0.849371   8.05946
-84   9   0  -421.601   47.4221 -0.987356    0.371261   0.0402888 0.000427372   0.0402888    0.865433    0.222062 0.000427372    0.222062    0.216996
-76   1  -1 -382.235  8.08997 -6.43492 3.02727 2.85838 34.0545 2.85838 3.66191 37.8033 34.0545 37.8033 460.482
-72   1   0 -364.309  5.80411 -1.61431   5.56924   1.93977 -0.193418   1.93977   4.00143 -0.197574 -0.193418 -0.197574  0.256164
-80   3  -1 -402.415  17.8917 -6.48724 0.564527 0.409977  2.93259 0.409977  1.29648  7.73851  2.93259  7.73851  69.3411
-83   9   0  -418.449   46.6936 -0.138678    0.435202   -0.125391 -0.00522934   -0.125391      1.0441   0.0299278 -0.00522934   0.0299278    0.137792
-74  -3  -1 -372.499 -16.8988 -5.93367    0.4207 -0.201695   0.88566 -0.201695  0.570051 -0.350443   0.88566 -0.350443   7.38064
-72   1  -1 -362.395   7.7856  -7.4238  0.546452 0.0619729  0.572406 0.0619729  0.569538   1.13835  0.572406   1.13835   14.4838
-86  -1   0 -431.613 -6.65836 -3.80633  0.733945 -0.168292  -1.47081 -0.168292   0.69485   1.34594  -1.47081   1.34594   23.6771
-71  -5  -1 -356.085   -26.25 -6.24294    1.00709  -0.866885   0.113258  -0.866885    1.57071 -0.0256097   0.113258 -0.0256097    1.79052
-82   4  -1 -412.477  22.6204 -6.43148 0.746215 0.411644  7.68693 0.411644  1.06157  11.0161  7.68693  11.0161  203.304
-82   2  -1 -412.514  12.1873 -5.45525 0.583163 0.361098  3.05714 0.361098  1.82401  12.1954  3.05714  12.1954  113.736
-72   3  -1 -362.715  17.8051  -7.6646  0.733317 -0.170363  0.630213 -0.170363  0.755101 -0.173411  0.630213 -0.173411   4.92684
-89   1   0 -447.898  9.73562 -2.98817  0.640126  0.248081  0.585679  0.248081   6.67158 -0.815463  0.585679 -0.815463   3.31278
-83   5  -1 -417.377  26.9444 -6.40092 1.15685 1.23446  17.388 1.23446 2.93584 33.1202  17.388 33.1202 452.052
-83  -5   1 -417.609 -26.7112  7.18154   0.510232 -0.0283953 -0.0824272 -0.0283953    1.18507   0.302679 -0.0824272   0.302679   0.671257
-85   6  -1 -427.726  32.5503 -6.36505 1.16396 1.22291 16.2803 1.22291 2.31938 26.5556 16.2803 26.5556 373.654
-80   8  -1 -402.413  42.2739 -7.21005  0.536857  0.158153 -0.133821  0.158153  0.463694 0.0368851 -0.133821 0.0368851   3.11893
-81   6  -1 -407.735  31.9498 -6.98354  0.83208 0.579638   12.769 0.579638  1.63682  23.1056   12.769  23.1056  511.661
-80  -5   0 -402.092 -26.7333 0.247193  1.37415 -1.30213 0.516195 -1.30213  3.71838 0.779787 0.516195 0.779787  1.18607
-70   9  -1 -352.653  47.1521 -8.78375    0.6571 0.0177597  0.581071 0.0177597  0.316629 0.0567879  0.581071 0.0567879   4.50897
-72  -8  -1 -362.339 -41.7444 -6.05385  2.40705 0.745531  5.35838 0.745531  1.46383   1.7165  5.35838   1.7165  16.0374
-77   7  -1 -386.942  37.3816 -7.38094  0.719931  0.036955  -1.56042  0.036955   0.53146 -0.195454  -1.56042 -0.195454   22.5735
-88   3   0 -442.505  16.4599 -4.34181  0.608541  0.189912 -0.122409  0.189912  0.864759  0.469773 -0.122409  0.469773   1.58377
-79   2  -1 -397.415  12.2495 -6.12909 0.536183 0.074762  1.35569 0.074762 0.682912   3.1605  1.35569   3.1605  41.0975
-81   3  -1 -407.682  17.8084 -6.24389 0.617773 0.200878  1.90586 0.200878  1.38961  6.81921  1.90586  6.81921  48.9736
-87   5   0 -439.743  27.9913 -4.79922  511.025 -259.018 -152.886 -259.018  257.598  99.6006 -152.886  99.6006    141.8
-84   5  -1 -422.684  27.1444 -6.19696 1.18538 1.25293 17.9685 1.25293 2.79119 32.4296 17.9685 32.4296  457.22
-84  -5   1   -420.8 -27.3167  7.26454    4.4954 -0.728605 -0.172359 -0.728605   1.54275  0.315137 -0.172359  0.315137   0.45597
-89   8  -1 -447.906   42.823 -6.14967  0.519921  0.041159  0.915246  0.041159  0.503372 -0.372686  0.915246 -0.372686   7.99081
-77   8  -1 -386.914  40.9469  -6.6359   0.950085 -0.0949921  -0.557269 -0.0949921    1.01488   0.534818  -0.557269   0.534818    2.04661
-73  -4  -1 -367.265 -21.2147 -5.84111   1.91145 0.0242634   1.56129 0.0242634  0.516576 -0.910667   1.56129 -0.910667   6.57185
-88   8  -1 -442.685  42.1504 -6.01465  0.753577  0.205028 -0.619843  0.205028  0.753448  -1.35423 -0.619843  -1.35423   11.1557
-85   9  -1 -427.172  47.4247 -6.03429   0.668661  -0.100122   0.892046  -0.100122   0.569614 -0.0108515   0.892046 -0.0108515    11.4107
-89   5  -1 -446.981  27.3078 -5.20267 1.08659 1.30691 14.1869 1.30691 3.22212 32.4919 14.1869 32.4919 377.424
-88   9  -1 -442.42 47.3335 -5.8992 0.638465 0.205405 -1.54192 0.205405 0.886822 -2.24403 -1.54192 -2.24403  16.9356
-84   4  -1  -422.44  22.6415 -6.01159 1.07504 1.02939 15.5221 1.02939 2.15403 26.8546 15.5221 26.8546 431.615
-77   1  -1 -387.879    8.334 -5.98478  0.64046 0.313442  2.25081 0.313442 0.944367  3.80227  2.25081  3.80227  55.1698
-89   5   0 -449.011  25.5618  -4.9536 4.78002 3.04463 65.5635 3.04463 7.76988 37.8438 65.5635 37.8438  1958.2
-82   3  -1 -412.549  17.5487 -6.01489 0.579229  0.35506  2.54924  0.35506  1.67709  9.19681  2.54924  9.19681  67.6483
-86   6  -1 -432.713  32.9166 -6.16255 1.41872 1.06944 20.4819 1.06944 1.70811  23.541 20.4819  23.541 443.837
-73  -5  -1 -368.416 -27.3197 -5.57613   2.49117 0.0969944 -0.814566 0.0969944  0.743158 -0.113656 -0.814566 -0.113656   5.97695
-74  -4  -1 -373.895 -21.7568 -5.58767    3.8401 -0.694707   9.27863 -0.694707  0.876979  -1.06226   9.27863  -1.06226   28.6303
-73   9  -1 -367.979  47.7518  -6.9323   0.705808 -0.0893598    0.87462 -0.0893598   0.771252   -0.86841    0.87462   -0.86841    3.90117
-78   1  -1 -392.452  7.81774 -5.88112  0.493408 0.0952109  0.438249 0.0952109   2.13803   13.2052  0.438249   13.2052   107.579
-81   8   0 -408.128  41.0675 -2.55395    1.45563   0.015553 -0.0661388   0.015553   0.532476  -0.111839 -0.0661388  -0.111839   0.370859
-89   7  -1 -447.605  38.0575 -5.88146  0.617885   0.28656 -0.686241   0.28656   1.14424   -1.3904 -0.686241   -1.3904   10.7958
-80   2  -1 -402.326  12.2479 -5.93137 0.770599 0.596445  6.88725 0.596445  1.53271  12.3878  6.88725  12.3878  142.135
-74  -3   0 -373.752 -17.1821 -1.88951    1.50004  -0.268876  -0.408104  -0.268876   0.636136 -0.0307452  -0.408104 -0.0307452   0.212986
-71  -6  -1 -356.802 -33.3933  -6.3155  8.98748  3.35362 0.551594  3.35362  6.61087  2.36171 0.551594  2.36171  1.74304
-73   3   0 -365.768  16.3626 -4.89597  135.226 -8.49981 -149.791 -8.49981  40.8443  41.1243 -149.791  41.1243  397.156
-79   8  -1 -397.538  42.3495 -6.94901   0.464886 -0.0996272  -0.127962 -0.0996272    0.73762 -0.0674131  -0.127962 -0.0674131    1.44413
-76   5  -1   -382.6  27.3371 -7.63451 0.780268   0.1626  11.9485   0.1626 0.542432  4.66193  11.9485  4.66193  429.864
-85   5  -1 -427.615  27.1491  -5.9997 1.27261 1.18982 19.4267 1.18982  2.3034 29.0159 19.4267 29.0159 475.878
-83   3  -1 -417.624  17.5747 -5.79828 0.618276 0.347547  2.97983 0.347547  1.45619  8.60676  2.97983  8.60676  73.9634
-85   4  -1 -427.478  22.7803 -5.82047 1.34124 1.27303  19.842 1.27303  2.5784 30.9457  19.842 30.9457 467.868
-76   2  -1  -382.76  12.4377 -6.68247  1.41843 0.880815  10.4432 0.880815  1.28186  9.22128  10.4432  9.22128  115.563
-84   6   0 -421.593  33.0092   2.0427  0.738582  0.374764 0.0312929  0.374764  0.734233  0.119193 0.0312929  0.119193  0.483858
-87   8  -1 -437.559  42.5152 -5.84054  0.619951 -0.135776  -1.27684 -0.135776  0.578351 0.0946032  -1.27684 0.0946032   18.4763
-79   1  -1 -397.469  7.90463 -5.74672 1.58486 2.03306 22.2675 2.03306  4.3218 42.0403 22.2675 42.0403 458.829
-86   5  -1 -432.546  27.1961 -5.79473 1.52195 1.34833 21.9716 1.34833 2.31247 28.7214 21.9716 28.7214 460.635
-86   2  -1 -432.824  13.0372 -5.11414 1.40752 1.27164 19.1074 1.27164 2.27078 25.9146 19.1074 25.9146 492.349
-86   8  -1 -432.714  42.1856  -5.6138  0.615083 -0.105943   1.06484 -0.105943  0.475769  0.924835   1.06484  0.924835   15.6765
-82  -3   0 -412.881 -16.2284 -1.65168   2.35909  0.594629 -0.272757  0.594629   1.75826 0.0225818 -0.272757 0.0225818  0.438439
-87   9  -1 -437.387  46.9804 -5.62905   0.606259  0.0367924   -1.21049  0.0367924   0.379195 -0.0307917   -1.21049 -0.0307917     19.332
-74   6  -1 -372.662  32.4448 -7.77649  1.51553 -1.34252  20.9119 -1.34252  2.23924 -28.1287  20.9119 -28.1287  441.483
-85   9   0  -426.706   48.3726 -0.394176    2.2293 -0.635784 0.0102196 -0.635784  0.713271 -0.181278 0.0102196 -0.181278  0.191351
-74  -5  -1 -372.943 -27.0095  -5.4051   0.39864 -0.273942   1.33272 -0.273942  0.698647 -0.837854   1.33272 -0.837854    21.112
-88   6  -1  -442.27  31.9681 -5.81054 1.83148 1.25586 24.6956 1.25586 1.73537 23.5892 24.6956 23.5892 451.709
-84   3  -1 -422.147  17.3351 -5.60738 0.82488  1.1502  10.442  1.1502 4.79186 37.3346  10.442 37.3346 320.076
-82   0   0 -412.085  1.27109  -1.0045    0.58209 -0.0038642  0.0220214 -0.0038642   0.204501   0.029576  0.0220214   0.029576   0.255041
-86   4  -1 -432.392  22.6197 -5.60906  1.0773 1.00642 15.6661 1.00642 1.90161 23.9996 15.6661 23.9996 383.078
-72  -1   0 -362.207 -6.98718 -1.57079   0.453972   0.140648   0.121238   0.140648   0.475886 -0.0334307   0.121238 -0.0334307   0.242455
-86   9  -1 -433.001  47.2264 -5.58808  0.427499 0.0767858   1.11566 0.0767858  0.447058 0.0731679   1.11566 0.0731679   28.2704
-80   1  -1 -402.413  7.68019 -5.50471 0.779475 0.869106  8.79186 0.869106  2.70702  23.3193  8.79186  23.3193  237.989
-87   5  -1  -437.39  27.2074 -5.60251 0.718619 0.620699  7.78953 0.620699  2.30437  22.9013  7.78953  22.9013  285.708
-85   3  -1 -427.364  17.4049 -5.47325 0.762245 0.692864  7.40864 0.692864  2.22367  20.6177  7.40864  20.6177  233.269
-85  -2   0 -429.076 -11.9892 -2.71067  7.21111 -1.70188 -4.10597 -1.70188  2.37496 0.248533 -4.10597 0.248533  9.95338
-80   4  -1 -402.498     22.5  -6.7838 0.597909 0.123949  2.24405 0.123949 0.680172  2.63081  2.24405  2.63081  45.4601
-74  -2   1 -370.472 -13.9743  5.73999  12.7983 -11.2526 -8.81421 -11.2526  13.5309  9.93478 -8.81421  9.93478  10.2705
-78   0  -1 -392.785  2.54614 -5.34221    0.480581 0.000156903   -0.167012 0.000156903    0.744938     7.42032   -0.167012     7.42032     111.232
-81   4   0 -405.841  24.4473  1.93067 119.188 11.8547 4.91239 11.8547 24.1597 11.4766 4.91239 11.4766 169.153
-87   4  -1 -437.399  22.7126 -5.41822  1.07823 0.943276  16.0501 0.943276  1.85417  24.3351  16.0501  24.3351  411.862
-75   7   0 -377.352  36.4025 -2.12178    0.48741  -0.159088 -0.0419802  -0.159088   0.831371   0.128943 -0.0419802   0.128943   0.228989
-79   0  -1 -397.475  3.54961 -5.29173  1.48485 0.882291  9.00328 0.882291   1.0276  7.29582  9.00328  7.29582  104.607
-74   9   1 -370.997  46.2001  5.91964   15.634 -4.30267 -9.48134 -4.30267  3.19124  2.74703 -9.48134  2.74703  8.08023
-82   1  -1 -412.323  9.66888 -5.14451 0.601577  1.02906  4.12182  1.02906  8.85813  19.6637  4.12182  19.6637  156.946
-76   9   0 -381.936  49.2474 -1.20556  0.529122 -0.377108 0.0772403 -0.377108   5.53126 0.0204673 0.0772403 0.0204673  0.155942
-84   1  -1 -421.591  9.31694 -5.02995 0.922569  1.17485  7.11903  1.17485  7.14097  22.0494  7.11903  22.0494  692.111
-86  -3   0 -432.541 -19.2941 -1.18247 0.599562 0.471053 0.240692 0.471053  2.41718  1.35862 0.240692  1.35862  1.40269
-72   0   0 -362.545  2.03789 -1.34002  0.535694  0.125195 0.0755475  0.125195  0.253471 0.0245846 0.0755475 0.0245846  0.224942
-84   2  -1 -422.096  12.7845 -5.17865 0.587297 0.145069  4.25098 0.145069  0.69029  7.09063  4.25098  7.09063  245.507
-79   6  -1  -397.46  32.1388 -7.28936 0.942873 0.453367  12.6874 0.453367  1.23625  17.2115  12.6874  17.2115  389.405
-85   2  -1 -427.041  13.7242 -5.13167 0.427467 0.101581  2.48908 0.101581  1.06565   6.9772  2.48908   6.9772  191.088
-79   7   0 -397.175  37.2238 -1.16467   1.40265 -0.346477 0.0608133 -0.346477   1.50792  0.371625 0.0608133  0.371625  0.329472
-87   3  -1 -437.213  17.6822 -5.15394 1.37227 1.23769 19.1879 1.23769 2.05406 24.7054 19.1879 24.7054  425.14
-89   7   0  -447.129   37.7057 0.0370706   0.42685 0.0569029 0.0755364 0.0569029  0.708643 0.0700687 0.0755364 0.0700687  0.210256
-73   7   0 -368.566  37.4744   -1.934  0.981802 0.0680262  0.152641 0.0680262  0.540569  0.061269  0.152641  0.061269  0.309462
-72   6   0 -362.248  31.3394 -4.56304  10.4413  1.58513 0.572262  1.58513  18.2923 -9.33086 0.572262 -9.33086  17.9691
-89   4  -1 -447.084   23.968 -5.09693 1.30572    1.43 18.3691    1.43 3.18108 28.9004 18.3691 28.9004 492.968
-81   0  -1 -406.992  3.97459 -5.03297  0.62877 0.211159  3.28024 0.211159  2.60371   13.149  3.28024   13.149  599.207
-87   2  -1 -435.796  14.1671 -5.04373 10.6214 8.89325 119.072 8.89325 12.0954 131.321 119.072 131.321 2418.93
-71   9   0 -356.414   48.117 -3.41975   1.05839 -0.884624  0.598882 -0.884624   11.9845  0.528976  0.598882  0.528976   1.18365
-82   9   1 -410.051  45.2405  9.65291  7361.32  367.923 -720.449  367.923  469.451  280.005 -720.449  280.005   303.21
-73  -6   0  -367.189  -31.4541 -0.753716    1.04954 -0.0764637 -0.0746576 -0.0764637   0.748055 -0.0307093 -0.0746576 -0.0307093   0.137717
-74  -5   0 -373.301 -27.1321 -2.34333  0.528868 -0.296706 -0.231957 -0.296706  0.671042    0.1538 -0.231957    0.1538  0.262612
-81   7   0  -408.53  38.2713 -2.03696   1.24653  -0.30082 -0.147353  -0.30082   1.06983  -0.25082 -0.147353  -0.25082  0.344612
-76   8  -1 -382.276  41.1003 -6.73403 0.823671  0.38501 0.301283  0.38501 0.952941 0.620379 0.301283 0.620379  1.73549
-71  -4   0 -358.102 -22.6891 0.306515   0.779837  -0.048293 -0.0930147  -0.048293   0.710518  -0.107371 -0.0930147  -0.107371   0.178387
-74  -4   0 -373.535 -22.8857 -1.91066   0.948749   0.211626  -0.412084   0.211626   0.600529 -0.0079365  -0.412084 -0.0079365   0.365316
-71  -5   0 -357.459 -26.4038 0.557751    0.643209   0.0698356   -0.104133   0.0698356    0.881381 -0.00380959   -0.104133 -0.00380959    0.211074
-70  -3   0 -354.244 -19.2092  2.41822   4.06576  0.315601 -0.176927  0.315601    2.8462 -0.305117 -0.176927 -0.305117  0.359797
-72  -2   0 -363.265  -12.814 0.142794   1.66512  0.313316  0.327145  0.313316  0.769645 0.0481086  0.327145 0.0481086  0.217634
-73  -2   0 -366.439  -11.939 0.983966  0.434065 0.0443136 0.0235816 0.0443136  0.728377  0.102854 0.0235816  0.102854  0.108377
-83   7   1 -419.262  36.2101  6.42285   3.55982  -1.03461 -0.453225  -1.03461   3.60353  0.885467 -0.453225  0.885467  0.981516
-80   0  -1 -402.253  4.94281 -5.17309  0.59535  5.67425  1.83285  5.67425  485.037 -44.1143  1.83285 -44.1143  149.365
-74  -1   0  -372.165  -7.75199 -0.667968   0.455765 -0.0213359  -0.108157 -0.0213359   0.523391   0.232389  -0.108157   0.232389   0.332017
-74   6   0  -372.894   33.8204 -0.133616    0.652673   -0.422213 -0.00885223   -0.422213     1.56924    0.243615 -0.00885223    0.243615    0.298892
-71  -1   0 -358.333 -6.40564 -2.70575   1.32465 -0.313405  0.476944 -0.313405  0.513376 -0.186483  0.476944 -0.186483    0.5747
-82  -5   0 -412.166 -27.2976 -1.02957   0.552772 0.00533445 -0.0193105 0.00533445    1.28705    -0.4652 -0.0193105    -0.4652    1.49923
-86   0   0 -432.058 0.504656 -4.25799   0.598348 0.00287992  -0.864874 0.00287992   0.311842    1.71676  -0.864874    1.71676    16.2222
-76   0   0  -383.067   1.20912 -0.807971   0.750843  0.0729845 -0.0116425  0.0729845   0.140822 -0.0779623 -0.0116425 -0.0779623   0.205469
-73  -5   0 -367.917 -27.8939 0.817738   1.29134  0.585202 0.0923741  0.585202  0.697924 0.0513736 0.0923741 0.0513736  0.124936
-89   3   0 -447.431  16.9513 -4.37878   0.494782  0.0401037 -0.0583814  0.0401037   0.732273    1.04807 -0.0583814    1.04807    7.51019
-88   6   0 -441.873     33.8  2.97575  0.624225  0.296473  0.240869  0.296473   2.20975 0.0731199  0.240869 0.0731199   1.08092
-75   0   0    -377.6 -0.950707  -2.81487   0.568881  0.0287248  0.0122042  0.0287248   0.131462 -0.0273839  0.0122042 -0.0273839   0.579813
-73   0   0  -367.381   2.17854 -0.713171   0.545069 -0.0611712 -0.0554526 -0.0611712   0.202481  0.0684966 -0.0554526  0.0684966   0.176377
-86   3  -1 -432.853  17.7383 -5.34077  1.22273 0.690909  16.1423 0.690909  1.64855  22.1834  16.1423  22.1834  438.582
-77   0   0   -387.59   1.16389 -0.368149    0.433407 -0.00775785   0.0038059 -0.00775785    0.128174  -0.0727681   0.0038059  -0.0727681    0.196512
-85   2   0 -427.757  13.6055 -4.03953   0.527862 -0.0666125   0.361571 -0.0666125   0.668777  -0.327828   0.361571  -0.327828    2.55821
-83   4  -1 -417.451  22.3608 -6.19264 0.812429 0.433961  6.49833 0.433961  1.08779  9.28112  6.49833  9.28112  131.239
-78   0   0  -392.415  0.816909 -0.756503   0.484006 -0.0194804  0.0408824 -0.0194804    0.13337  -0.082184  0.0408824  -0.082184   0.213436
-78   9   0 -390.222  48.2506 -1.10483  2.43467 -1.31162 -0.12153 -1.31162  6.88455 0.201217 -0.12153 0.201217 0.148158
-79   0   0 -397.322 0.646292 -1.32353   0.525551  0.0341812   -0.15938  0.0341812   0.171301 -0.0841679   -0.15938 -0.0841679   0.274671
-71  -4  -1 -358.135 -23.2353 -6.22321 0.774355  0.67945 0.556519  0.67945  2.12542  1.11096 0.556519  1.11096  2.44117
-80   0   0 -402.155  1.28767 -1.87273   0.609073 -0.0171757  -0.065975 -0.0171757   0.185695  0.0361394  -0.065975  0.0361394   0.475397
-72  -4  -1 -361.578 -22.0574 -6.83301 8.88998   2.092 60.7071   2.092 1.14126 14.8157 60.7071 14.8157 604.422
-82   1   0 -412.166  8.09922 -1.53546   0.541836  0.0209022 -0.0152412  0.0209022   0.633422  0.0713026 -0.0152412  0.0713026   0.300099
-81   1   0 -409.017  8.04115 -1.65502    1.53268   0.152188   0.353837   0.152188   0.529286 -0.0984736   0.353837 -0.0984736   0.828766
-72   9   0  -362.735    47.633 -0.820501   0.723057 -0.0696439  0.0202906 -0.0696439   0.747832  -0.140898  0.0202906  -0.140898   0.184459
-74   1   0 -370.393  5.15916 -3.80527  19.4632 -10.3522  0.99491 -10.3522  91.9394  5.32058  0.99491  5.32058  2.39641
-85   1   0  -427.68  7.74174 -4.52729  0.534141 -0.353343  0.286282 -0.353343   1.25067   0.16085  0.286282   0.16085   7.89875
-76   1   0 -383.746  5.73519 -2.05427   2.9317 -1.04867 0.577749 -1.04867  5.25227 0.114657 0.577749 0.114657 0.739461
-83   1   0 -417.484  8.21867 -2.11115  0.499841 0.0222605 -0.108739 0.0222605  0.646041 0.0445209 -0.108739 0.0445209   0.41461
-84   1   0 -422.752  8.29404  -3.4216  0.880452 -0.166581  0.206425 -0.166581  0.631245 -0.125323  0.206425 -0.125323  0.605405
-84   2   0 -422.298  13.0725 -3.31842   0.629678 -0.0845335 -0.0618795 -0.0845335   0.766029   0.190928 -0.0618795   0.190928   0.985628
-87   2   0 -437.774  13.6326 -3.99113  0.980923  0.355509 -0.152383  0.355509  0.765192   -0.4186 -0.152383   -0.4186   1.77416
-74   3  -1 -372.663  18.2834 -7.61513 0.529962 0.189831 0.847287 0.189831 0.871598  2.47171 0.847287  2.47171  12.6514
-75   2   0 -377.341  14.3345 -3.89371   64.775 -1.86624 -3.43449 -1.86624  167.628 -13.4825 -3.43449 -13.4825  6.06598
-77   1   0 -387.562   5.8881 0.243303  0.580973  0.251099 0.0721141  0.251099   1.84892  0.130784 0.0721141  0.130784  0.251863
-85   3   0 -427.704  16.2293 -4.41682  0.592364 -0.701888 0.0492884 -0.701888   8.24451  -3.18157 0.0492884  -3.18157   7.39655
-89   2   0 -446.411  13.0323 -3.10516  0.798504 0.0701759 -0.507114 0.0701759   1.39336  0.923108 -0.507114  0.923108   2.20962
-81   3   0  -407.83  15.5389 -4.52644   0.85197 0.0233051 -0.170951 0.0233051   3.99045   1.31298 -0.170951   1.31298   3.18525
-81   1  -1 -407.411  8.03569 -5.31974 1.79264 1.83225 23.3657 1.83225 2.83485 30.4905 23.3657 30.4905 399.065
-74   0  -1 -372.07 2.38098 -6.0395   0.631437  -0.180091  -0.039168  -0.180091   0.237781 -0.0336892  -0.039168 -0.0336892    2.58316
-86   8   1 -433.137  40.8339  6.99789    1.69169  -0.532689 -0.0561101  -0.532689    4.59986  -0.243878 -0.0561101  -0.243878   0.602926
-72  -1  -1 -361.863 -7.36916 -6.51258  0.555523 0.0808726 -0.113412 0.0808726   0.46875 0.0093356 -0.113412 0.0093356    1.9964
-84   3   0 -423.438  15.7313  -3.2612  0.735192 -0.808487  0.143516 -0.808487    17.953   7.39694  0.143516   7.39694    3.9652
-70  -4   0 -354.233 -22.6071 0.680603    1.84544  0.0724646 -0.0100282  0.0724646   0.941912  -0.381484 -0.0100282  -0.381484    0.33272
-78   1   0 -392.407   6.2009 0.624864  0.465773   0.12247 0.0880364   0.12247   1.31611 -0.022823 0.0880364 -0.022823   0.24284
-89   4   0 -448.031  21.6624 -4.88533 1.46526  1.5566 19.6236  1.5566 2.84032 27.9454 19.6236 27.9454 433.104
-72   5   0 -360.402  25.3129 -4.84691 72.0324 29.4169 12.7472 29.4169 223.467 62.2334 12.7472 62.2334 123.092
-81   5   0 -405.872  26.2095  -3.3388    109.969    16.2517   -2.42488    16.2517    21.0285 -0.0680828   -2.42488 -0.0680828   0.427838
-84  -5   0 -421.946 -27.2567   2.9689   0.996251  -0.255102  -0.223176  -0.255102   0.718199 -0.0978046  -0.223176 -0.0978046   0.531939
-88   5   0 -443.694   26.751  -2.1038   3.57449  -3.73032 -0.169308  -3.73032   9.08323  0.673747 -0.169308  0.673747  0.233472
-83   6  -1 -417.653  32.6241 -6.80442 0.830645 0.933203  12.4086 0.933203  2.45329  27.9809  12.4086  27.9809   379.88
-80   7   0 -402.102  37.6271 -3.64025   1.00571 0.0281853  0.209534 0.0281853   1.97779   -1.2942  0.209534   -1.2942   1.54936
-73   1   0 -366.372  5.62598 -1.44395    1.02507  -0.868975 -0.0660172  -0.868975    6.98939  -0.255022 -0.0660172  -0.255022   0.257417
-76   7   0 -382.231  36.9975 -1.57968  0.492347   -0.1902 0.0447259   -0.1902  0.579686  -0.13799 0.0447259  -0.13799  0.199945
-84   5   0 -420.55 29.7974 2.09035 290.549   180.8 114.402   180.8 202.891 108.223 114.402 108.223 82.2698
-89   9   1 -448.317  46.2733  8.82174  9.83205 -9.40904  9.99575 -9.40904   12.113 -7.77615  9.99575 -7.77615  14.2138
-86   7   0 -433.031  37.6027 0.200919   0.518209  0.0077802 -0.0270429  0.0077802   0.550355  0.0303478 -0.0270429  0.0303478   0.200121
-71   7   0 -358.071  37.3201 -4.55372  11.3879 -5.74683   1.5203 -5.74683  13.1207 -2.05939   1.5203 -2.05939  17.2795
-84  -6   0 -423.892 -33.6749  3.83426 4.20868 2.63886 4.18314 2.63886 2.49486 2.24061 4.18314 2.24061 5.38907
-85   7   0  -427.496   37.5436 -0.660119  0.579413 -0.206913 -0.119737 -0.206913  0.763214  0.109916 -0.119737  0.109916   0.17542
-78   7   0 -391.896  37.3849 -1.15347   0.576753   0.163706 -0.0447619   0.163706    1.03354 -0.0600747 -0.0447619 -0.0600747   0.116534
-86   7   1 -432.971  37.7885  6.05243   0.759491 -0.0212499  -0.155276 -0.0212499   0.578013 0.00984509  -0.155276 0.00984509    1.70596
-85   7   1 -426.768  37.2276  6.00052  0.491036 0.0355535  0.393419 0.0355535  0.812625 -0.390583  0.393419 -0.390583   2.39452
-77   7   0 -386.956  37.7421 0.444064   0.838092  -0.165713   0.136327  -0.165713   0.453218 -0.0528552   0.136327 -0.0528552   0.158885
-77   8   0 -386.677   40.547 -1.31623  3.24422  1.77768 0.260383  1.77768  2.57749   0.2726 0.260383   0.2726 0.163511
-74   7   0  -372.82  37.4047 -1.23638   0.503588 0.00734201 0.00719166 0.00734201   0.608128   0.113771 0.00719166   0.113771   0.206538
-74  -6  -1 -373.039 -31.8041  -5.3464 0.857198  0.63122  3.52517  0.63122  1.41456  2.19761  3.52517  2.19761  35.9529
-76   8   0 -381.719  40.2487  -1.9826   3.20304   3.17182 -0.494489   3.17182   6.12146  -0.55029 -0.494489  -0.55029    0.2394
-73   8   0  -368.617   42.6517 -0.204271  0.855327 0.0963926 -0.054593 0.0963926  0.665862 -0.182912 -0.054593 -0.182912   0.16225
-83   6   0 -418.693   32.984  1.57927    1.32228  -0.310592 -0.0372371  -0.310592   0.687108   0.246537 -0.0372371   0.246537   0.498872
-83   8   0 -417.045  43.3247 -1.66854  0.586979  0.325834 0.0468585  0.325834  0.640226 0.0130921 0.0468585 0.0130921  0.211682
-70   7  -1 -353.213  37.4277 -8.71056   0.583419 -0.0426393  0.0137289 -0.0426393   0.452786   0.333186  0.0137289   0.333186    13.0526
-82   2   0 -412.453  10.7852 -1.78391   0.543034  0.0412482 0.00373562  0.0412482    6.14784   0.538058 0.00373562   0.538058   0.478299
-79   8   0 -397.147  42.0005 -1.70567  0.536163  0.137337 0.0223538  0.137337   1.14515 0.0345852 0.0223538 0.0345852  0.133246
-85   8   0 -428.475  42.1889 -1.05344   0.887536    0.29238   -0.05269    0.29238   0.675274 0.00554191   -0.05269 0.00554191   0.146599
-87   8   0 -437.599  42.0497 -1.03884   0.651369  -0.201709 -0.0498147  -0.201709   0.755137  0.0745762 -0.0498147  0.0745762   0.224838
-73  -9   0 -368.742 -46.5628  3.84874  0.868237 -0.273953  0.385137 -0.273953  0.878253  0.287638  0.385137  0.287638   1.12528
-76   3  -1 -382.653  17.3779 -7.24253 0.669805 0.757446  6.65317 0.757446  2.56243  20.0258  6.65317  20.0258  189.797
-78   7   1 -392.643  37.8803   5.9107 78.3952 47.7426 -41.372 47.7426 29.2578 -25.169 -41.372 -25.169 22.9441
-70   0  -1 -352.264 0.939907 -7.78607  0.543933 0.0464367   2.19035 0.0464367  0.154497   1.63307   2.19035   1.63307   85.6074
-74   8   0 -371.762  42.2207 -1.41133   0.655551 -0.0237257  0.0224984 -0.0237257   0.525678   -0.10398  0.0224984   -0.10398   0.155735
-77  -1   0 -388.075 -7.18315 -3.29185  2.90537  -2.8052 -4.83604  -2.8052   7.4116  15.5183 -4.83604  15.5183  44.7552
-82   8   0 -412.586  42.7078 -1.23418  0.810987 -0.295685  0.116397 -0.295685  0.597316 -0.200821  0.116397 -0.200821  0.252386
-89   8   0  -448.975   43.3602 -0.130918     1.19543    0.337184  0.00552747    0.337184    0.626464 -0.00645306  0.00552747 -0.00645306    0.137736
-78   8   0 -392.895  43.1095 -1.84549   0.932596  -0.378557 -0.0558966  -0.378557    1.08835   0.314756 -0.0558966   0.314756   0.266496
-87   7   1 -437.654  36.8352  6.17313    1.2432  -1.00823 -0.188547  -1.00823   1.32957 -0.269517 -0.188547 -0.269517   1.44433
-82   9   0 -412.359  46.4652  -2.2968   0.535938  -0.174326 0.00310723  -0.174326   0.702722  0.0887413 0.00310723  0.0887413   0.325659
-80   9   0 -402.213  45.4525 -2.81478 36.0895 45.9525 10.1485 45.9525 90.9253 11.9745 10.1485 11.9745 3.01286
-73  -1   0    -367.28   -6.90151 0.00693684   0.569412  -0.131802 0.00701339  -0.131802   0.808568   0.101609 0.00701339   0.101609    0.14882
-81  -5   1 -407.387 -27.8506  7.88518   3.43591   1.29067 -0.138645   1.29067   4.08643 -0.121119 -0.138645 -0.121119  0.656167
-81   5  -1 -407.248  27.1661 -6.68877    0.46664 0.00245732 -0.0864488 0.00245732   0.614264    1.29941 -0.0864488    1.29941    12.5799
-86   9   0 -433.076  46.4998 -2.17389    0.63093   0.145028 -0.0066442   0.145028   0.977108  0.0621067 -0.0066442  0.0621067    0.23968
-78   8   1 -393.584  42.7205  6.39148  6.60545  6.87425 -4.65574  6.87425  9.92572 -7.39882 -4.65574 -7.39882  6.27797
-82   8   1 -412.526  42.1672  8.91146  8.72088  12.1099 -14.3065  12.1099  19.2089 -21.5089 -14.3065 -21.5089  27.3735
-81   9   0  -408.986   46.8272 -0.256416   1.35339  0.912106 -0.104898  0.912106   2.30657 -0.066672 -0.104898 -0.066672  0.124592
-88   9   0 -442.363   48.465 -2.48381    0.653895  -0.0412163 -0.00822209  -0.0412163    0.833054  -0.0128128 -0.00822209  -0.0128128    0.252644
-77   9   0   -389.568    48.0317 -0.0171794    7.38612     5.2802  0.0609041     5.2802    6.99585 -0.0388446  0.0609041 -0.0388446   0.109485
-74   9   0  -372.624    46.259 -0.828681   0.622235 -0.0415031 -0.0399747 -0.0415031   0.874242  0.0203354 -0.0399747  0.0203354   0.167835
-81   2  -1 -407.917  12.0958 -5.65982 0.764961 0.414635  4.52009 0.414635  1.12408  8.82951  4.52009  8.82951  115.545
-75   8   0 -376.645  42.9639 -1.41182   3.51469   1.96379 -0.268946   1.96379   1.51061 -0.157616 -0.268946 -0.157616  0.155142
-83  -1   0 -417.523 -7.90013 -2.18796   0.866081   0.233624 -0.0158637   0.233624   0.412462  -0.107105 -0.0158637  -0.107105   0.826129
-73   0  -1 -367.773  2.91338 -6.22003   0.416447 -0.0159468   0.094133 -0.0159468   0.168033  -0.159399   0.094133  -0.159399    2.41504
-89   9   0 -447.826  47.7354 -1.41966  0.467617  0.138385 0.0827362  0.138385  0.526517 0.0909564 0.0827362 0.0909564  0.205879
-79   9   0  -398.06  47.9435 0.308878   8.05573 0.0764399 -0.638431 0.0764399   7.57066   1.23375 -0.638431   1.23375  0.365332
-74  -6   0 -373.134 -31.5516 -3.11103   0.243377 -0.0272882 -0.0316622 -0.0272882   0.750108 -0.0371032 -0.0316622 -0.0371032   0.437116
-89   8   1 -449.097  43.5748  5.75963  4.19616  3.74578 0.250495  3.74578  5.31619   1.0846 0.250495   1.0846  3.91027
-73  -4   0 -367.695 -22.0131 -1.41841   1.63042 -0.240215  0.111702 -0.240215  0.554375   0.18308  0.111702   0.18308  0.202585
-73   8   1 -367.678  42.8938  5.45408  2.17612 -0.58302 -2.00628 -0.58302  1.27498  1.61365 -2.00628  1.61365  14.1198
-84   8   0  -423.598   41.6585 -0.947522    0.80156  -0.180685 -0.0978013  -0.180685   0.670948   0.201286 -0.0978013   0.201286   0.212856
-84   0   0 -422.719 0.685818 -2.50567   0.553137  0.0176037 -0.0503433  0.0176037    0.14434  0.0829412 -0.0503433  0.0829412   0.550876
-72  -4   0 -361.501 -22.6666 0.648948    1.00655 -0.0447826   0.226828 -0.0447826   0.527877  -0.124815   0.226828  -0.124815   0.281657
-72   2   0 -362.081  14.0805 -4.22083  68.4045  21.3377 -13.7084  21.3377  282.232   14.952 -13.7084   14.952  20.9991
-79   3  -1 -397.257  17.4762 -6.68515 1.09352 1.24313 11.6291 1.24313 3.29283 27.0297 11.6291 27.0297 257.082
-88   2   0 -442.496  12.4821 -2.25462  0.606451 0.0620503  0.132755 0.0620503  0.876748  0.336293  0.132755  0.336293  0.591441
-82   7   0 -411.578  38.3297 -1.84558  0.359958  0.206882 0.0490533  0.206882   1.25577 -0.237049 0.0490533 -0.237049  0.292309
-78   2  -1 -392.524  12.3476 -6.29915  0.564096 0.0208224  0.912404 0.0208224   0.48583  0.770045  0.912404  0.770045   17.8365
-78   1   1 -392.483  5.83745  5.52316   2.08239  -1.20474   2.37977  -1.20474   4.21614 -0.716116   2.37977 -0.716116   10.0034
-86   3   0 -432.527  15.9802 -4.17867  1.11647 -2.15039 0.136628 -2.15039  8.13021 0.706769 0.136628 0.706769  8.01369
-72   8   0 -363.066  43.0014 -2.82702   1.31432   0.01784  0.329948   0.01784  0.759995 0.0772911  0.329948 0.0772911   1.45048
-88   1   0 -442.414  9.23926 -3.35643   0.59895  0.139446  0.145863  0.139446   1.31631 -0.289807  0.145863 -0.289807   1.16645
-73  -7   0 -368.631 -37.9128 -3.50575 64.3184  52.152 1.69994  52.152 44.7042 2.63498 1.69994 2.63498  2.4669
-74  -2   0 -371.525 -12.1632  1.92075   1.11391 -0.270067 -0.218455 -0.270067  0.435573  0.125578 -0.218455  0.125578  0.224395
-84   7   0 -422.259  37.2123  -1.0298    0.321076 -0.00277888  -0.0332664 -0.00277888    0.853023   0.0714753  -0.0332664   0.0714753    0.182265
-73  -1  -1 -367.648 -6.35427 -6.45173   0.434254 -0.0211912   0.134514 -0.0211912   0.509092  -0.193561   0.134514  -0.193561    3.40804
-70  -1   0  -352.72 -8.28343 -4.19558  239.694  153.187   -135.9  153.187  733.883 -501.081   -135.9 -501.081  423.335
-87   8   2 -439.125   42.072  11.4727 30.0665 22.8251 8.27505 22.8251 19.0515 5.73497 8.27505 5.73497 3.85989
-88   0   0 -441.997  4.01264 -3.31354   2.22865  0.208723  0.241754  0.208723  0.232727 -0.253554  0.241754 -0.253554   3.69581
-72  -2   1 -364.671 -12.9236   5.3597 34.1035 2.54698 23.6862 2.54698 7.78659 6.35803 23.6862 6.35803 49.0376
-72  -6   0 -364.108 -32.3241 -1.75598  77.6377  50.7933 -10.8009  50.7933  33.8094 -7.38475 -10.8009 -7.38475  1.84473
-86   2   0 -431.979  11.7088 -4.31043  0.812991 -0.496881  -1.40275 -0.496881   1.82995 -0.278443  -1.40275 -0.278443    5.1528
-85  -1   0 -429.098 -5.62685 -4.04378  2.26567 0.671324 -2.24402 0.671324  17.6664  145.587 -2.24402  145.587  2131.19
-75   6   0  -377.846   33.0451 -0.411784   0.426199 -0.0290975  0.0280551 -0.0290975   0.712893  0.0496002  0.0280551  0.0496002   0.265543
-74   5  -1 -372.481    27.22  -7.9423   0.745904 -0.0961518    11.1814 -0.0961518   0.551302   -4.84651    11.1814   -4.84651    464.008
-88  -1   0 -442.258  -7.7871 -3.39571  1.17933   0.3337  4.66862   0.3337 0.668812  3.65139  4.66862  3.65139  35.4094
-70   2  -1 -352.747  12.2295 -8.17286  1.18235 0.497005  7.45359 0.497005  0.89422  6.00495  7.45359  6.00495  87.3276
-89   6  -1 -447.548  31.8911  -5.5833 0.914997  1.40398  14.0898  1.40398  5.05458  44.1753  14.0898  44.1753  431.412
-81  -3   0  -406.05 -17.6041 -2.10366   3.06845 -0.650516 -0.218679 -0.650516  0.799509   0.23287 -0.218679   0.23287  0.429389
-80  -3   0 -403.092 -17.1544 -2.06383   1.20713  -0.62111 -0.446199  -0.62111  0.989345  0.399562 -0.446199  0.399562   1.30156
-80  -1   0 -403.155 -7.24331 -2.10827   1.32078 -0.153404 -0.244919 -0.153404  0.671999 0.0169366 -0.244919 0.0169366   1.00446
-82  -2   0 -412.336  -13.574 -2.60982   1.85673 -0.849464  0.810513 -0.849464  0.945008  -1.09617  0.810513  -1.09617   2.33298
-76   4  -1 -382.626  22.7702 -7.61779 0.899489 0.305557  10.9552 0.305557 0.823154  9.24216  10.9552  9.24216  294.117
-70  -5   0 -353.924 -25.8271   1.6262   2.22362 0.0218275 0.0162548 0.0218275   2.71672  0.397266 0.0162548  0.397266  0.426856
-87  -2   0 -437.519 -12.3884 -3.36252 1.62189 2.03959 8.74113 2.03959 3.29827 16.4806 8.74113 16.4806 229.223
-82   9  -1 -412.161  46.8019 -6.50877  0.427128 -0.213336 -0.223421 -0.213336  0.895433 0.0490524 -0.223421 0.0490524   1.98836
-73   6   0 -369.757  34.6751 0.107747  106.658 -20.0325 0.160955 -20.0325  53.9718 -5.75149 0.160955 -5.75149 0.873553
-83  -3   0  -416.663    -16.58 -0.236316   1.48509 -0.471488  0.151902 -0.471488   2.02008  0.634733  0.151902  0.634733   0.58111
-81  -4   0 -406.354 -22.2544 -1.14697 0.825444 0.173254 0.176697 0.173254  1.40791 0.879045 0.176697 0.879045  1.92112
-81  -5   0  -407.759  -27.7616 -0.343688   0.716866  0.0733193  -0.170326  0.0733193   0.682842 -0.0575824  -0.170326 -0.0575824   0.306963
-87  -3   0 -437.224 -18.3894 -2.34784  0.436213 -0.423148 -0.545574 -0.423148   2.77509   3.78969 -0.545574   3.78969   7.79334
-79   2   0 -396.859  14.0873 -4.86917  2.07331  21.1155 -20.1142  21.1155  326.255 -246.373 -20.1142 -246.373   311.84
-80   8   0 -401.762  41.2234 -1.99687   0.670381  0.0926882    0.10021  0.0926882   0.849774 -0.0623184    0.10021 -0.0623184   0.385604
-83  -2   0 -416.588 -11.6668 -1.72834    1.58546 0.00231945    2.42587 0.00231945   0.646405   0.447602    2.42587   0.447602    5.54421
-78   6   0 -391.155  34.8598 -2.78045  259.999 -105.404 -488.559 -105.404  140.127  234.817 -488.559  234.817  988.297
-82  -1   0  -411.802   -7.0349 -0.386995   0.920559 -0.0279662  -0.154809 -0.0279662   0.769845 -0.0181332  -0.154809 -0.0181332   0.271446
-72  -4   1 -360.537 -21.2644  5.57543  299.162 -64.4106  40.6012 -64.4106  37.1359 -6.72336  40.6012 -6.72336  8.48521
-88   4  -1 -442.332  22.7565 -5.20859 1.39527 1.36814 18.9102 1.36814 2.55217 30.0708 18.9102 30.0708 430.512
-83   2   0 -418.304  11.7051 -2.61493  0.587703   0.11163 -0.216201   0.11163  0.741529  0.287357 -0.216201  0.287357  0.706746
-80  -2   0 -402.704 -11.6488 -1.15491   6.66896  0.502412 -0.143534  0.502412   0.80654  0.400026 -0.143534  0.400026   1.40562
-76  -2   0 -382.187 -12.0329 -2.60254  27.7976 -23.0294   64.325 -23.0294  33.7788   -66.33   64.325   -66.33  178.901
-71  -6   0 -356.455 -32.3195 -2.12764  10.5951  10.2417 -3.78172  10.2417  37.9862 -14.4307 -3.78172 -14.4307  5.53732
-86  -4   0   -432.35  -22.0517 -0.676434 0.605556 0.913031  1.29192 0.913031  4.34983  4.23289  1.29192  4.23289  5.25501
-85   0   0  -428.056 -0.627537  -3.77812  0.510355 -0.020877  0.109374 -0.020877  0.596109   1.02267  0.109374   1.02267    5.1966
-88   7   0  -442.838   37.8505 -0.727523   0.526092 0.00982011 -0.0308833 0.00982011   0.637342   0.106418 -0.0308833   0.106418   0.152606
-87  -8   0 -436.727 -43.5234  1.94025  3.65387 -5.68125 -29.3073 -5.68125  12.5704  46.8445 -29.3073  46.8445  318.742
-86   6   0 -432.523  33.6828  1.79915    0.462419  -0.0623882 0.000624511  -0.0623882     1.76101    0.124125 0.000624511    0.124125    0.344027
-87  -4   0 -436.642 -21.8085 -1.37097   2.1685   2.1785 -3.35784   2.1785  3.15243 -4.10014 -3.35784 -4.10014  6.56672
-81  -7   0 -406.399 -36.1949 -1.01627  18.1769 -19.6405 -8.63878 -19.6405  24.0515  10.7985 -8.63878  10.7985   10.379
-81  -6   0  -408.922   -32.389 -0.518757    1.62679  -0.442646   0.476786  -0.442646    1.11061 -0.0905288   0.476786 -0.0905288   0.881072
-88   5  -1 -442.766  27.1179 -5.40783  1.1897  1.1282 10.6424  1.1282 2.26925 17.8408 10.6424 17.8408 170.036
-88   6   1 -440.941  33.5302  6.31488    1.42993  0.0768441 -0.0711712  0.0768441     1.1713   0.132929 -0.0711712   0.132929   0.796307
-83  -5   0 -417.429 -27.1388 0.409529  0.705649 0.0235738  0.172811 0.0235738  0.984214 -0.255507  0.172811 -0.255507  0.296934
-76   0   1 -384.292  2.99728  5.63238   5.19646  0.750455  -1.34345  0.750455  0.624961 -0.119699  -1.34345 -0.119699   7.78291
-82  -4   0  -412.631  -21.1529 -0.792084  0.997335  0.489637 -0.498732  0.489637   14.7289   1.53453 -0.498732   1.53453   2.64215
-87   6   0 -437.707  33.8825  2.66653   0.44365  0.256834 0.0433317  0.256834   1.70044  0.236089 0.0433317  0.236089   0.38287
-75   3  -1 -377.824  17.6249  -7.4326 0.669361  0.11555  2.00557  0.11555  1.01071  4.98042  2.00557  4.98042  45.2682
-77   6   0  -386.243   33.9958 -0.690486    1.21758     0.5653   0.129016     0.5653    2.85016 -0.0368193   0.129016 -0.0368193   0.528837
-85   6   0 -428.002  33.6217  1.23104     0.63796   0.0484991   -0.151837   0.0484991     1.83138 -0.00993931   -0.151837 -0.00993931    0.435248
-84  -2   0 -422.221 -11.6795 -1.22004    436.999   -18.4598    8.38311   -18.4598    1.23888 -0.0491482    8.38311 -0.0491482    5.17397
-72  -6  -1 -361.772 -33.5459 -6.29446    5.4351 -0.866961   8.55867 -0.866961   0.80775 -0.299807   8.55867 -0.299807   18.3924
-84   9   1 -420.434  45.5435  7.96932 8.46489 7.98969 1.98979 7.98969 9.67595 1.97692 1.98979 1.97692 1.11422
-87   9   0  -436.532   45.7915 -0.639932    4.29549    3.85289  -0.119452    3.85289    4.58676 -0.0548433  -0.119452 -0.0548433   0.133363
-72  -5   0 -361.453 -26.1948  1.08248   0.763607   0.462407 -0.0645442   0.462407    1.32298  0.0626639 -0.0645442  0.0626639   0.308486
-84  -3   0  -422.402  -17.5956 -0.579523    46.42 -4.29945 -15.5624 -4.29945  1.02548  1.72751 -15.5624  1.72751  8.05531
-71  -7  -1 -357.902 -37.5096 -7.63545   2.19784 -0.605514 -0.321172 -0.605514  0.825645   0.69632 -0.321172   0.69632    1.6555
-89  -4   0   -448.47  -22.9366 -0.909105  2.4877  8.2149 1.17132  8.2149 53.1704 15.5031 1.17132 15.5031 7.97243
-80  -7   0  -404.409  -36.1281 -0.794189  26.9213  7.48805 -2.42224  7.48805  22.5921 -5.01339 -2.42224 -5.01339   4.4826
-85   8  -1 -427.635   42.376 -6.14581   0.895785 -0.0577691    2.26259 -0.0577691   0.477054  -0.288389    2.26259  -0.288389    9.97514
-79   6   0 -397.303  34.4675 0.755257  5.81712   2.0032  1.69404   2.0032  7.69853 -0.34601  1.69404 -0.34601  1.93656
-82   3   0 -412.698  15.8674 -4.55021  0.584083   3.28407 -0.327297   3.28407   65.6147  -5.30841 -0.327297  -5.30841   16.6774
-89   6   0 -445.719  34.3233  2.66733  5.78102 0.515312  1.64611 0.515312  10.3067 -6.63416  1.64611 -6.63416  12.2483
-85  -6   0 -426.621 -31.7293  3.70549  1.12547 0.312968  0.22726 0.312968  1.09575 0.645101  0.22726 0.645101  2.34347
-74  -4   1 -370.918 -24.3852  5.27332  4.25133  2.16649 -1.42408  2.16649    13.85  19.4585 -1.42408  19.4585  51.3088
-73   0   1 -367.548 -1.65175  5.54033  4.82254  2.87605 0.832479  2.87605  3.65404  1.65727 0.832479  1.65727  7.17004
-77   1   1 -387.872  5.55068  5.53438  0.468104 -0.101976  0.714986 -0.101976    5.5981   2.22321  0.714986   2.22321   4.78911
-84   6   1 -421.825  32.6475   5.6048   1.28927  0.231853  0.216909  0.231853   0.69418 -0.153458  0.216909 -0.153458   1.84767
-87   6   1 -437.977  33.4376  6.36032  0.661655  0.134876  0.120528  0.134876  0.863697 0.0751907  0.120528 0.0751907  0.940943
-83   6   1 -418.769  33.5831  6.36735   4.56683   2.23155 -0.860704   2.23155   2.03385 -0.416862 -0.860704 -0.416862  0.493939
-88   7   1 -442.464  37.5983  6.89352    0.698408   0.0107604   -0.176004   0.0107604    0.429004 -0.00181953   -0.176004 -0.00181953    0.747146
-73   7  -1 -367.684  36.8808 -7.48224  0.569109 -0.065057  0.545147 -0.065057  0.730499  -1.04739  0.545147  -1.04739   4.22134
-77   7   1 -386.114  38.8981  6.11252    1.25115  0.0252254 0.00600317  0.0252254   0.903358  0.0345802 0.00600317  0.0345802    1.22364
-88   8   1 -441.226   41.935  6.79959   3.03209  -1.57074  -0.17416  -1.57074   2.43535 -0.104327  -0.17416 -0.104327  0.533839
-85   8   1 -427.897  42.4592  6.61164     2.31317 0.000694612   0.0959538 0.000694612     1.15562   -0.714235   0.0959538   -0.714235     1.02449
-79   9   1 -397.146  46.6169  6.68543   2.33482 0.0935278   -0.1811 0.0935278   2.34269  0.214642   -0.1811  0.214642  0.640329
-87   9   1 -435.81 45.7587 7.19615    8.6291   7.99089 -0.649666   7.99089   45.0577 -0.384802 -0.649666 -0.384802   0.49565
-83   9   1 -419.725  45.5231  6.83567  114.769  48.7381 -7.71255  48.7381  36.4982 -2.45609 -7.71255 -2.45609  1.03497
-75   4  -1 -377.567  22.6295 -7.79738 0.910479 0.458084  11.0058 0.458084 0.897081  11.3752  11.0058  11.3752  301.837
-81   9   1 -408.473  46.7451   6.7725     0.919 -0.072133   0.02183 -0.072133   2.22722  0.130059   0.02183  0.130059  0.768549
-76   9   1 -383.181    48.32  6.23942   1.20917 -0.355852  0.343101 -0.355852   1.01499 -0.326023  0.343101 -0.326023   1.32459
-71  -3  -1 -357.988  -17.191 -7.32505 0.896238 0.327879  8.47755 0.327879 0.557449  4.33432  8.47755  4.33432  201.902
-77   9   1 -389.066  47.3131  6.34817  1.84859 -1.05969 -0.47107 -1.05969  1.95899 0.562652 -0.47107 0.562652  1.21111
-78   9   1 -390.823  48.1777  6.43479 125.575 61.2144 61.6444 61.2144 34.5426 30.8383 61.6444 30.8383 31.3748
-85   9   1 -425.982   49.734  6.38655  13.6103 -3.75734  1.31293 -3.75734  3.88898 0.373133  1.31293 0.373133  1.42105
-80   8   1 -400.89 42.1116 5.98396   2.13854 -0.341165    1.1148 -0.341165   0.87787 -0.613454    1.1148 -0.613454    1.5373
-75   9   1 -377.855  47.3657  6.58685   11.8967   20.6143 -0.966715   20.6143   36.7497  -2.00102 -0.966715  -2.00102  0.649417
-85   6   1 -427.167  34.4259  6.15577     0.384  0.201984 -0.283952  0.201984   3.56312  0.415523 -0.283952  0.415523    2.7613
-78   2   0 -392.545  14.5856 -3.68218  21.0443 -25.6438 0.434814 -25.6438  99.8679 -6.59723 0.434814 -6.59723  2.33071
-76   7   1 -384.178  37.3212  6.74823    7.06134  0.0878023    -0.6911  0.0878023    1.15573 -0.0322314    -0.6911 -0.0322314   0.286269
