-88  10   2 -442.112  53.7563  12.5135  56.4725 -6.96113 -59.6934 -6.96113  27.4517  46.1355 -59.6934  46.1355  124.076
-89  13   2 -448.773  67.7897  12.7264 383.815 202.787 68.2868 202.787 152.742 57.3903 68.2868 57.3903 22.8955
-85  10   2 -426.706  52.3357  10.7465  76.3083   47.726  4.77754   47.726  32.0439 -5.86273  4.77754 -5.86273  38.7366
-87  10   2 -437.049  50.5113  11.1305 1.95222 7.32663 2.55081 7.32663 499.485 135.422 2.55081 135.422  38.241
-85  12   1 -429.551  62.0945  6.82322  278.403 -187.601 -83.9607 -187.601  299.437  62.8272 -83.9607  62.8272  26.0852
-82  11   1 -413.547  59.4952  7.04646 68.8388 10.6217 6.15329 10.6217  150.04 7.89912 6.15329 7.89912 1.19392
-77  10   1 -388.804  51.6571  6.89568  20.4796 -1.00521 -2.04018 -1.00521  93.8413  18.4184 -2.04018  18.4184  4.33375
-89  13   1 -448.611   68.474  6.65606  44.6439  26.8733  1.84865  26.8733  136.902  2.25904  1.84865  2.25904 0.608331
-86  12   1 -430.294  61.5427  7.17617 118.569 94.9336 40.1916 94.9336 623.077 223.702 40.1916 223.702 81.4856
-88  11   1 -442.854  58.0051  7.56209  30.3208 -8.39313 -4.02753 -8.39313  7.02502  1.72366 -4.02753  1.72366   1.0135
-85  11   1 -428.25  55.439 6.37876   3.64401 0.0771068 0.0256227 0.0771068   86.3905  -6.23028 0.0256227  -6.23028   2.35801
-85  10   1 -427.929  52.3068  7.32247  8.51681  8.96292  1.14964  8.96292  9.81439  1.40631  1.14964  1.40631 0.824797
-74  10   1 -371.996  53.5361  6.88339    2.19121   0.273727  -0.307235   0.273727    1.19686 -0.0220387  -0.307235 -0.0220387   0.446128
-73  10   1 -367.102  52.1764  5.85586   0.733699   0.958154 -0.0641921   0.958154      5.786   -2.73247 -0.0641921   -2.73247    4.63747
-87  10   1 -436.918  51.2001  7.21765   4.43277 -0.175003   0.02033 -0.175003   17.0008  0.754584   0.02033  0.754584  0.586796
-77  11   1 -386.837  56.6484  6.56629   88.2646   30.9939  -3.81997   30.9939   13.7348 -0.837201  -3.81997 -0.837201   1.27236
-87  15   0  -438.275    77.091 -0.116411   5.78446   6.87357 -0.468826   6.87357   11.8787  -2.90149 -0.468826  -2.90149   1.69159
-74  11   0 -371.171  55.8726    1.215   9.22651 -0.174269  -1.67285 -0.174269   20.0197 -0.802251  -1.67285 -0.802251   0.41427
-88  15   0 -442.662  76.6503 -2.89714   8.4366  6.21138 -51.5718  6.21138  5.43772 -44.1414 -51.5718 -44.1414  429.781
-88  11   2 -442.704  56.2675  10.7471  170.155 -28.1164  -45.157 -28.1164  5.57035  7.61986  -45.157  7.61986   15.576
-75  10   0 -377.816   51.863  -1.0226  23.4359 -26.6184 0.269994 -26.6184  44.1972  4.50065 0.269994  4.50065  1.73845
-86  15   0 -432.568  77.9528 -1.02381  4.30159 -8.70081  9.49013 -8.70081  19.9745 -21.6288  9.49013 -21.6288  23.7152
-70  13   0 -352.605  65.9295 -1.22728   1.74945  0.344149 0.0436581  0.344149   6.28826 -0.120461 0.0436581 -0.120461  0.316921
-73  11   0  -368.665    56.559 -0.870995  11.1761 -7.17429 0.265141 -7.17429  13.1604 0.782221 0.265141 0.782221 0.249581
-87  14   0 -437.855  72.1606 -3.22028 0.839981 0.114566  -2.1603 0.114566  7.81468 -41.3263  -2.1603 -41.3263  229.539
-89  15   0 -446.923  76.7793 -3.42329 0.987233  0.98636 -4.73356  0.98636  1.72784 -7.88083 -4.73356 -7.88083  67.0401
-86  14   0 -432.665  72.3699 -3.43134  7.73811 -7.11848  47.9493 -7.11848  7.58171    -48.9  47.9493    -48.9  330.834
-73  13   0 -368.506  67.5389 -2.65559  76.6511  93.4167 -74.2638  93.4167   115.93 -91.1801 -74.2638 -91.1801  72.5546
-84  16   0 -422.734  82.9311 -2.45928    0.495721 -0.00852464   -0.116171 -0.00852464     1.15652    0.319479   -0.116171    0.319479    0.232584
-83  12   0 -418.195  61.9955 -2.70597    3.8074 -0.569913  0.850454 -0.569913  0.616174  0.019985  0.850454  0.019985  0.437832
-78  14   0  -392.123   70.0787 -0.954827   53.249 -48.9028 0.493947 -48.9028  189.337 -3.43501 0.493947 -3.43501 0.271378
-88  14   0 -442.575  72.0505 -3.54756  2.48899  2.37576 -16.8655  2.37576  3.90081 -22.3134 -16.8655 -22.3134  144.995
-70  10   0 -354.755   52.971 -2.43415  184.776  40.9545 -29.6728  40.9545   93.348 -62.4991 -29.6728 -62.4991  42.1872
-87  13   0 -437.613  67.3929  -3.9531   0.467315 -0.0273956   0.108594 -0.0273956   0.715191  -0.354509   0.108594  -0.354509    1.26524
-89  14   0 -446.835  72.8237 -3.96011  3.74878  4.05905 -28.9063  4.05905  5.68243 -36.6944 -28.9063 -36.6944  254.693
-86  10   1 -430.939  52.6967  8.32937 20.8213  34.291 72.2543  34.291 66.0378 136.466 72.2543 136.466 284.344
-83  13   0 -415.869  67.0279  -3.1224  105.215 -113.709 -1.92546 -113.709   123.63  1.68409 -1.92546  1.68409 0.919954
-86  13   0 -432.996  67.6176 -3.78873   0.510368  0.0100026 -0.0783719  0.0100026   0.314243 -0.0534663 -0.0783719 -0.0534663    1.04444
-84  12   0 -423.964  63.1015 -4.16857  371.685 -851.349 -29.7222 -851.349  2343.22  76.3486 -29.7222  76.3486  6.80259
-76  10   0 -380.237  50.1004  2.90771  914.712   41.725 -122.486   41.725  631.116  12.2809 -122.486  12.2809  17.8632
-80  15   0 -403.415  77.8409 -4.18098  0.969788 -0.190545   0.20066 -0.190545   5.42526  -31.2127   0.20066  -31.2127   187.517
-78  13   0 -392.147  69.8754 -3.67359  20.0667 -2.70113 0.835623 -2.70113  300.924 -2.31118 0.835623 -2.31118  1.01376
-82  13   0 -410.502   67.897  -1.6532  58.4936  4.28803 -4.67335  4.28803  235.597 -5.72737 -4.67335 -5.72737 0.734034
-77  13   0 -388.122  66.3404 -2.09113  152.437  10.7745 -19.5686  10.7745  33.2303 -5.18383 -19.5686 -5.18383  3.15672
-71  10   0 -357.399  52.8434 -1.31605  0.733767  0.148864 0.0922511  0.148864  0.537839 -0.110279 0.0922511 -0.110279  0.284052
-81  15   0  -407.11  77.1309 -4.30419  1.70876  1.43795 -9.58648  1.43795  2.86414 -15.8855 -9.58648 -15.8855  118.545
-88  13   0 -441.436  68.3696 -2.05375   1.10497  0.262408  -0.33347  0.262408   1.11532 -0.195693  -0.33347 -0.195693  0.243001
-71  11   0 -359.037  55.9212 -2.00157   4.82991  -4.33857 0.0700146  -4.33857    5.0199 -0.205969 0.0700146 -0.205969  0.245822
-81  11   0 -408.098   55.925 -3.84257  5.11274 -3.01319  5.36515 -3.01319  3.00748   -3.286  5.36515   -3.286   7.2466
-89  10   0  -446.896   51.6619 -0.675813   1.05629 -0.410602 0.0998276 -0.410602  0.472714 -0.110788 0.0998276 -0.110788   0.22333
-80  10   0  -403.35   53.463 -2.69882  67.1654   87.359 -3.03614   87.359  118.321 -5.29932 -3.03614 -5.29932  1.27448
-85  14   0 -428.375  72.7118 -2.81001   1.19823 -0.677825  0.627834 -0.677825  0.970582 -0.494483  0.627834 -0.494483  0.524391
-83  11   1 -418.94 56.3333 7.10075  154.272 -3.25378 -26.8093 -3.25378  156.628  10.8145 -26.8093  10.8145  5.78545
-84  14   0  -423.733   72.1524 -0.732692   23.5203   35.6037 -0.125549   35.6037   60.4194 -0.213286 -0.125549 -0.213286 0.0828246
-75  13   0 -376.113  67.7574 -1.37798    61.95 -4.48964 -1.67105 -4.48964  144.721 -8.49719 -1.67105 -8.49719 0.705574
-88  11   0  -443.313   58.1811 -0.335955   3.86831  -0.22864 -0.112654  -0.22864   5.31508 -0.189578 -0.112654 -0.189578  0.130302
-75  11   0 -379.261  57.8269 -2.78069  110.225  32.1319 -10.9068  32.1319  355.831  10.2906 -10.9068  10.2906  2.00885
-85  11   0  -427.127   57.0546 -0.878712  117.569  3.25683 -9.44018  3.25683  2.20933 0.695657 -9.44018 0.695657  1.33537
-77  11   0  -387.561   56.6659 -0.904455  46.7503 -1.96031 -4.56802 -1.96031  117.516 -1.78121 -4.56802 -1.78121 0.598255
-75  12   0 -379.079   61.856  0.40918   1.12105   1.13208 -0.124781   1.13208   6.88928 -0.720466 -0.124781 -0.720466   1.04899
-82  10   0 -413.378  53.0551 -2.68723   2.87939 -0.456523 -0.360671 -0.456523  0.902322  0.251384 -0.360671  0.251384   0.42914
-83  15   0 -417.501  78.6245 -4.63307  1.34532  2.24503 -14.3777  2.24503  5.87909 -38.2484 -14.3777 -38.2484   266.27
-80  13   0 -403.314  67.5785 -1.61194  62.0305  33.3943 -3.97053  33.3943  18.2184 -2.14656 -3.97053 -2.14656 0.462102
-85  13   0 -428.661  66.9054  -4.6151   3.60559 -0.132953   9.73656 -0.132953  0.475654 -0.212941   9.73656 -0.212941   35.6517
-89  13   0  -448.266   68.0691 -0.924975   1.80244 -0.598983  0.225032 -0.598983   1.76385 -0.240327  0.225032 -0.240327  0.152521
-85  12   0 -428.517  62.6065 -2.79065 0.463717 0.145573 0.084271 0.145573  1.09464 0.370111 0.084271 0.370111 0.244138
-80  12   0 -402.104   61.313 -1.63463  53.6524  4.46728 0.874052  4.46728  191.679 -0.10193 0.874052 -0.10193 0.206274
-76  12   0 -381.756  61.7361 -2.14999   1.90263    10.639 -0.486859    10.639   80.2114  -5.05891 -0.486859  -5.05891  0.681009
-78  12   0 -394.424  60.6611 -1.30914   3.45017 -0.467796 -0.105927 -0.467796   2.85198  0.010679 -0.105927  0.010679  0.154385
-84  14   1 -423.527  71.7051  6.02282  65.064 81.5904 14.1126 81.5904 426.097 79.4633 14.1126 79.4633 17.7126
-86  12   0 -431.756  61.9189 -2.13683  0.849981 -0.577956 -0.176177 -0.577956   1.76604 0.0157129 -0.176177 0.0157129  0.179698
-88  12   0 -442.066  63.0561 -4.84695 0.991364  1.20786 -9.83972  1.20786  2.53723 -22.1801 -9.83972 -22.1801  269.557
-87  12   0 -437.474  61.9946 -3.53567   0.363523  0.0843387 0.00313444  0.0843387   0.584726  -0.128323 0.00313444  -0.128323   0.192871
-79  11   0 -398.313  59.0321 -1.20854   3.20191    1.4838 -0.237855    1.4838   1.74567 -0.225844 -0.237855 -0.225844  0.186153
-87  11   0  -438.95  57.3401 -2.63477   1.84649  -1.59522   0.18726  -1.59522   2.05452 0.0360729   0.18726 0.0360729  0.284344
-86  11   0 -433.684  59.3764 -4.77226  0.992205 -0.765934  -1.94837 -0.765934   5.88003  -1.12061  -1.94837  -1.12061   9.28284
-83  11   0  -419.521   56.2339 -0.137487  1.51282 -7.33922 0.504108 -7.33922  112.341 -6.15988 0.504108 -6.15988 0.511657
-89  12   0 -447.641  62.9307 -2.43542   3.79678  -3.31863 0.0828025  -3.31863   4.55481 0.0596526 0.0828025 0.0596526  0.144664
-76  11   0 -382.838   56.604 -1.93144  35.0889 -9.04928 -4.60579 -9.04928  34.9075 0.326141 -4.60579 0.326141  0.84388
-89  11   0 -446.269  56.5374 -2.69128   0.826557 -0.0445271   0.111866 -0.0445271   0.324327 -0.0314856   0.111866 -0.0314856   0.268218
-81  10   0 -408.745  53.7184 -2.76708   0.699588  -0.729418 -0.0716388  -0.729418    2.12639   0.277399 -0.0716388   0.277399   0.280948
-88  10   0 -441.455  52.3659 -2.69053    1.04546 -0.0975058  0.0968012 -0.0975058   0.454807 -0.0486271  0.0968012 -0.0486271   0.280336
-78  10   0 -390.577  53.4159 -1.74283  5.37987 -11.9144  1.18241 -11.9144  36.7664 -3.66204  1.18241 -3.66204  0.60161
-84  11   0 -420.952  56.0798 -2.60048 0.706397 -4.44594 0.552229 -4.44594  79.1267 -10.7724 0.552229 -10.7724  1.62996
-77  10   0 -389.365  52.6038 -1.35424  16.7138 -7.55551 -1.12563 -7.55551  14.2478  1.30509 -1.12563  1.30509 0.299544
-84  10   0 -423.703   50.945 -2.00546  114.448  50.1638 -9.25152  50.1638  24.2895 -4.05127 -9.25152 -4.05127  0.99495
-86  10   0 -432.946  51.6653 -2.44272   0.699826   0.199928 -0.0514438   0.199928   0.533765  -0.136155 -0.0514438  -0.136155   0.230301
-87  10   0  -437.519   51.3556 -0.625874   6.39753  0.780791 -0.496594  0.780791   4.78782 0.0509849 -0.496594 0.0509849  0.151132
-83  10   0 -416.637  51.2788 -3.17557  236.188     69.3 -8.37894     69.3  22.4657 -2.49838 -8.37894 -2.49838 0.911357
-85  10   0 -428.402  52.7977 -1.48889   9.01134    6.8249 -0.422263    6.8249    5.4797 -0.385946 -0.422263 -0.385946  0.170691
-79  14  -1 -399.005  72.8935 -5.09621  3.44096  6.11159 -7.03103  6.11159  36.1919 -147.733 -7.03103 -147.733   940.84
-88  12  -1 -443.089  61.6499 -5.10547  2.00789  3.28346 -19.8044  3.28346  7.06801 -37.3125 -19.8044 -37.3125  377.584
-83  14  -1  -416.31  72.6713 -5.25869  7.24415  4.92736 -55.1334  4.92736   7.9026 -74.2888 -55.1334 -74.2888  784.414
-84  14  -1 -421.632   70.504 -5.22903 5.65283 7.40163 5.44381 7.40163 14.7162 12.0175 5.44381 12.0175 83.4881
-73  10   0 -368.338  52.4472 -1.54701  0.920519  0.577102  0.105809  0.577102   1.12056 0.0270428  0.105809 0.0270428  0.139094
-89  12  -1 -448.287  62.2853 -5.24208 0.956115  1.59164 -14.6641  1.59164  6.89329 -58.6806 -14.6641 -58.6806  548.648
-86  11  -1 -432.399   57.256 -5.24613  1.76788 -2.63952  23.3616 -2.63952  6.18375 -51.4739  23.3616 -51.4739  467.056
-78  14  -1 -394.476  71.6492 -5.39634   2.23127 -0.994942   6.25156 -0.994942   5.31013  -34.7074   6.25156  -34.7074   238.168
-87  11  -1 -437.739  57.5388 -5.23715  1.10979  1.84443 -16.1631  1.84443  5.10965 -41.7852 -16.1631 -41.7852  382.064
-77  15  -1 -387.359  75.7001 -5.49959   9.4468 -14.5403  50.2195 -14.5403  33.0418 -57.0436  50.2195 -57.0436  334.991
-84  13  -1 -422.893  67.3789 -5.53068  2.50823 -1.92422  12.7934 -1.92422  2.01688 -11.7578  12.7934 -11.7578  108.127
-82  13  -1 -412.053   67.968 -5.49713  1.12278  1.05594  -3.5585  1.05594  2.05885 -5.64722  -3.5585 -5.64722  36.7256
-85  12  -1 -427.269   61.746 -5.38935  1.64701 -1.19986  5.99287 -1.19986  1.53181 -4.07205  5.99287 -4.07205  41.1379
-88  11  -1 -442.692  56.9786 -5.48408 0.993943 0.791909 -6.32326 0.791909  2.18463 -12.1807 -6.32326 -12.1807   108.06
-87  10  -1 -437.348  51.9966 -5.48071 0.658778 0.015213 -1.11569 0.015213 0.494527 -2.46866 -1.11569 -2.46866  59.8804
-86  10  -1 -432.455   52.527  -5.5173  0.436168 -0.128214  0.686659 -0.128214  0.407667  -1.06182  0.686659  -1.06182    39.778
-89  11  -1 -447.286  57.1072 -5.67606 0.573201 0.255363 -2.36286 0.255363 0.844753 -4.41276 -2.36286 -4.41276  68.0257
-81  13  -1 -408.293  67.2029 -5.66779 0.782583 0.244171 -2.81452 0.244171  1.61054 -9.05274 -2.81452 -9.05274   70.404
-82  11   0 -413.794  59.4586 -1.24393    1.64951    2.08239 0.00301618    2.08239     6.2412  -0.184327 0.00301618  -0.184327   0.153497
-85  11  -1 -427.917  57.6012 -5.61192   1.94259 -0.864517   11.2934 -0.864517  0.932345  -6.75108   11.2934  -6.75108   89.5008
-85  10  -1 -427.797  52.0429 -5.59341 2.19388 1.59985 2.27935 1.59985 1.53057 1.21075 2.27935 1.21075 15.3826
-88  10  -1 -442.314  53.0147 -5.70319  0.645021 0.0856332  -2.11573 0.0856332  0.628033  -1.68938  -2.11573  -1.68938    27.809
-77  14  -1 -387.255  73.1827 -5.93511  17.5777 -16.3535  77.4451 -16.3535  17.5631 -83.0916  77.4451 -83.0916  405.976
-79  13  -1 -397.444   67.132  -6.0308  0.432451 -0.732103   4.66402 -0.732103   5.54088  -36.1535   4.66402  -36.1535   271.789
-83  13  -1 -417.861  66.6745 -5.82321 0.722232 0.142356 0.456937 0.142356  1.44078 -2.91888 0.456937 -2.91888  14.9365
-84  12  -1 -423.033  62.2134 -6.02534  3.18527 -1.48956  26.9635 -1.48956  1.13131 -13.3239  26.9635 -13.3239  266.086
-89  10  -1 -447.701  51.9589 -5.97187    0.469486 -0.00840825  -0.0466586 -0.00840825    0.602839   -0.223985  -0.0466586   -0.223985     12.5955
-78  13  -1 -392.431  68.6566 -5.69743  5.33274 -1.69959  4.11892 -1.69959   6.5836 -22.5913  4.11892 -22.5913  81.9336
-82  12  -1 -411.898  62.9468 -6.17721  25.7135 -4.43996  10.5389 -4.43996  1.33758 -3.04491  10.5389 -3.04491  16.4768
-83  12  -1 -416.461  62.3478 -6.25117  0.798175 -0.153171  0.925362 -0.153171  0.677778   -4.1776  0.925362   -4.1776   51.9626
-84  11  -1 -421.495  56.9032 -5.95231  0.575044  0.239081 -0.288145  0.239081  0.567585  0.354746 -0.288145  0.354746   4.82044
-81  12  -1 -406.799  62.2189 -6.46243  0.778088 -0.891767   8.94096 -0.891767   4.26241  -37.6907   8.94096  -37.6907   365.783
-83  11  -1 -417.114  56.5773 -6.38716   0.384844 -0.0828479  -0.193393 -0.0828479   0.617324  -0.828517  -0.193393  -0.828517    13.8884
-72  10   0 -362.576  52.5532 -2.58342  0.932764 -0.651756 -0.360835 -0.651756   1.84412 -0.357544 -0.360835 -0.357544  0.586673
-80  12  -1  -403.13  61.7592 -6.35847  0.987194  0.291989 -0.940441  0.291989  0.632966 -0.572444 -0.940441 -0.572444   5.91153
-76  14  -1 -383.859  72.8243 -6.60477  7.39455 -4.59732  31.4826 -4.59732  3.50256  -22.958  31.4826  -22.958  167.925
-79  12  -1 -397.191  62.7846 -6.45209  0.887678  0.546459  -0.74701  0.546459  0.706106 -0.208701  -0.74701 -0.208701   10.5909
-82  11  -1  -413.15  57.5649 -6.24943  0.447336 -0.110285  0.392922 -0.110285  0.717162  -1.52207  0.392922  -1.52207   6.26327
-84  10  -1 -422.703  51.6095 -6.45306   1.22826 -0.386469   4.26408 -0.386469  0.669186  -1.33606   4.26408  -1.33606   24.0892
-83  10  -1 -417.493  52.2415 -6.61495   0.574994 -0.0948701  -0.226071 -0.0948701    0.48711  -0.336846  -0.226071  -0.336846    9.00495
-77  13  -1  -387.89  66.6248 -6.11693   5.42256 -0.470331    4.4986 -0.470331  0.429696 -0.175909    4.4986 -0.175909   5.62725
-81  11  -1 -407.117  57.4405 -6.65389   0.614288  0.0466626   0.547201  0.0466626    0.43155 0.00199559   0.547201 0.00199559    5.25594
-82  10  -1 -412.374  53.0568  -6.6396   0.460279 -0.0500415 -0.0453782 -0.0500415   0.576822 -0.0536705 -0.0453782 -0.0536705    2.67768
-78  12  -1 -392.687  61.8753 -6.67647   0.96329 -0.261965   1.50286 -0.261965  0.551506 -0.266861   1.50286 -0.266861    4.8789
-80  11  -1 -402.352  56.7452 -7.06448  0.470446 -0.103872   2.23754 -0.103872   3.41058  -33.2291   2.23754  -33.2291   402.572
-76  13  -1 -382.931  67.1421 -7.28545   89.3542  -87.4639 -0.165651  -87.4639   86.3444   7.20658 -0.165651   7.20658   282.692
-75  13  -1 -376.248  67.2162 -6.47306   111.475   1.63713  -12.2735   1.63713    3.1304 -0.839134  -12.2735 -0.839134   3.63977
-79  11  -1 -397.656  57.5275 -6.76194  0.486396 0.0835957  0.159062 0.0835957  0.709151  -0.78696  0.159062  -0.78696    3.0487
-81  10  -1 -407.589  52.2505 -6.86863  0.420389 0.0564184  0.318431 0.0564184   0.69737 -0.887631  0.318431 -0.887631   4.26953
-73  10  -1 -367.657  51.8878 -6.43685   0.766378   0.176735   0.279121   0.176735   0.886686 -0.0744221   0.279121 -0.0744221     1.6647
-76  12  -1 -382.029  61.5042 -6.14539  12.5409  60.2337  -4.7473  60.2337  296.992 -23.5201  -4.7473 -23.5201  3.13383
-72  16   0 -363.803  83.1318 -1.51588  54.9797 -44.4703 -17.7971 -44.4703  41.0579  14.5257 -17.7971  14.5257  5.87319
-80  13  -1 -403.063  67.3647 -5.59957  0.603615 0.0435137  0.340321 0.0435137  0.344594 -0.377148  0.340321 -0.377148   9.31374
-73  11  -1  -367.92  56.2653 -6.63426  1.44109 -1.47644  2.08519 -1.47644  4.55421 -1.90892  2.08519 -1.90892  4.98668
-78  11  -1 -393.423   57.754 -7.12253   0.639306 -0.0577725   0.485023 -0.0577725   0.451957    0.34681   0.485023    0.34681    3.96211
-74  10  -1 -372.589  52.9359 -6.22448   0.889201  0.0836246  -0.228042  0.0836246    1.43129 -0.0814964  -0.228042 -0.0814964    1.89206
-80  10  -1 -403.026  52.4123 -7.30075  0.580962 -0.132464   1.07594 -0.132464  0.474352  -1.45484   1.07594  -1.45484   18.0474
-77  11  -1 -387.882  56.7788 -6.15814  1.46271 0.200971 0.294321 0.200971  2.71319 0.926534 0.294321 0.926534  1.40224
-79  10  -1 -397.382  52.3567   -7.549  0.852013 -0.163079   8.85309 -0.163079   4.50831  -32.9326   8.85309  -32.9326    389.74
-74  14  -1 -372.864  71.0115 -6.65019  7.51207  10.5911 0.566191  10.5911  19.7604  5.04833 0.566191  5.04833  5.72823
-74  11  -1 -371.845  58.4421 -7.63764  2.02702 -1.87928 -7.07562 -1.87928  2.29252  1.84005 -7.07562  1.84005  190.058
-75  10  -1 -377.897  52.1035 -5.75198  125.317  197.901 -49.0506  197.901  349.121  -65.022 -49.0506  -65.022  24.3975
-78  10  -1 -391.998  52.2257 -7.08049  0.435015 -0.168675 -0.257746 -0.168675  0.951222 -0.471023 -0.257746 -0.471023   1.93511
-76  10  -1  -383.52  52.5835 -7.76304     0.728387     0.515748     -2.31982     0.515748     0.909832 -0.000636046     -2.31982 -0.000636046      284.229
-77  10  -1 -388.834  52.3873 -6.70448  0.932838 0.0981944  0.585078 0.0981944   1.15595 -0.437359  0.585078 -0.437359   1.48494
-76  11  -1 -383.337  56.4059 -6.33922  2.96438 -1.79863 0.405745 -1.79863   5.5281 -1.06724 0.405745 -1.06724  1.15458
-75  12  -1 -376.428  61.6947 -7.96898  11.1206 -3.24626 -46.1947 -3.24626  1.30929  15.9039 -46.1947  15.9039  260.199
-75  11  -1 -378.132   58.349 -7.44207   0.766734 -0.0512547    1.91803 -0.0512547     1.0645   0.663206    1.91803   0.663206    8.93782
-85  13  -1 -426.366  67.0679 -5.10326  177.424 -134.539 -762.773 -134.539  110.716  589.306 -762.773  589.306  3813.23
-72  11  -1 -362.756  57.0744 -7.75398 0.482003 0.416975  1.11822 0.416975  1.03379 0.931962  1.11822 0.931962  15.2969
-77  12  -1 -388.587  62.7845 -7.13632  3.97929 -2.94502  30.1813 -2.94502  2.73407 -26.0697  30.1813 -26.0697  302.831
-72  10  -1 -362.041  51.9498 -7.84057 0.898101 0.234128  1.00449 0.234128 0.791815 0.209569  1.00449 0.209569  2.71671
-74  10   0  -372.325   53.3839 -0.438948     2.388   1.23851 -0.303994   1.23851   2.09616 -0.251884 -0.303994 -0.251884  0.164671
-74  14   0 -372.224  71.1982 -2.51875  12.0217   8.3589 -1.84298   8.3589  6.44753 -1.25616 -1.84298 -1.25616  0.46998
-70  15  -1 -351.946  77.2366 -7.28086   13.787 -33.3253 -2.21933 -33.3253   655.24 -2.61588 -2.21933 -2.61588  1.15147
-71  11  -1 -358.549  55.8448 -7.81274  0.467719 -0.172221  0.372968 -0.172221   2.22136 0.0785077  0.372968 0.0785077   1.10683
-71  10  -1 -356.423  52.4677 -8.63094  0.838108  -0.18238  0.908948  -0.18238  0.529735 -0.173787  0.908948 -0.173787   3.73575
-70  13  -1 -353.102  65.6308 -7.29226   5.33907   1.88392 -0.943393   1.88392   31.0227  -2.35896 -0.943393  -2.35896  0.733632
-70  10  -1 -352.473  52.3096  -9.0125  1.04681 0.398168  13.4025 0.398168 0.992291  2.31541  13.4025  2.31541  438.235
-70  12  -1 -352.862  63.3965 -9.10403  3.71496 -1.55028  17.0105 -1.55028  1.22042 -1.16627  17.0105 -1.16627   205.55
-70  11  -1 -352.417  57.7043 -7.83076   1.20845 -0.912886  -0.12262 -0.912886   1.29769  -0.42768  -0.12262  -0.42768  0.773712
