-107    7    3 -536.965  38.4254   15.946 132.046  76.385 75.0454  76.385 50.2374 32.6657 75.0454 32.6657 63.2707
-101    9    2 -507.783  45.3229  13.7847  1324.81   543.66  515.769   543.66  612.163 -20.7459  515.769 -20.7459  342.726
-98   8   2 -494.687  42.4308  11.2688  122.802  5.45958 -77.1191  5.45958 0.977711  -7.5095 -77.1191  -7.5095  129.597
-96   9   2 -481.566  46.1205  12.7062 120.416 103.753 49.5446 103.753 147.442 5.71045 49.5446 5.71045 44.5158
-95   9   2 -478.755  45.7876  12.5117  602.635  148.328 -54.8141  148.328  41.5003 -14.1063 -54.8141 -14.1063  5.71917
-106    9    2 -534.013  49.1394  11.1606   3.53202   0.89182 -0.872249   0.89182   4.82525   -1.5051 -0.872249   -1.5051   3.98131
-96   8   2 -484.521  41.0147  11.0278  569.085  577.095  -87.687  577.095  594.705 -79.0573  -87.687 -79.0573  51.5518
-103    9    2 -518.514  46.9142  12.1037   2.23291   2.44545 -0.320916   2.44545   97.6723   7.43823 -0.320916   7.43823   1.35289
-105    9    2 -525.424  49.5807  12.8296  14.1585 -9.38531 -3.22653 -9.38531  20.9406  4.37476 -3.22653  4.37476  2.11888
-108    6    2 -542.579  33.5158  11.0206   2.99592  -1.78627 -0.695853  -1.78627   3.92277  -2.22947 -0.695853  -2.22947    5.5114
-99   9   2 -495.577  46.0436  12.0567  18.4613   9.8211 -1.28982   9.8211  16.2216 -1.19913 -1.28982 -1.19913  1.01125
-99   6   2 -497.587  33.3808  11.2033  205.868 -43.4005 -149.776 -43.4005  10.3648  31.2938 -149.776  31.2938  109.589
-91   9   2 -459.263  48.0121  11.6579   1.35624 -0.229933 -0.222571 -0.229933   2.29581  0.415109 -0.222571  0.415109    0.7243
-107    9    2 -536.069  48.9328  11.0403    4.0006  -1.76501  -0.65217  -1.76501   3.27911 0.0968426  -0.65217 0.0968426   1.35401
-109    9    2 -549.425  47.2602  12.7049  104.918 -63.5469 -13.1419 -63.5469  39.6918  7.89925 -13.1419  7.89925  2.33712
-92   9   2 -460.701  47.7261  11.3701 13.9324 5.86372 4.64047 5.86372 3.81587 1.64512 4.64047 1.64512 2.25419
-100    9    2 -502.504  46.2209  11.8916  121.102  63.5242 -12.1769  63.5242  39.1652 -6.50328 -12.1769 -6.50328  2.02202
-109    8    2 -546.138   41.725  11.6261   4.01613   6.40857 -0.103417   6.40857    19.258  0.938499 -0.103417  0.938499  0.958196
-94   8   2 -473.457  42.4099  10.6337   2.10983  -3.42064  -0.90231  -3.42064   7.37006 -0.522964  -0.90231 -0.522964   5.89016
-97   8   2 -485.642  41.2686  11.8975  2.57756  1.25168 0.457264  1.25168  7.48955 0.775599 0.457264 0.775599 0.787078
-107    8    2 -537.755  40.6606  11.2229  141.521 -82.3631  15.3161 -82.3631  81.7039 -5.92956  15.3161 -5.92956  2.68274
-95   7   2 -478.095  38.2182  11.0167  4.85853 -2.89281 -2.21971 -2.89281  10.4218  7.21279 -2.21971  7.21279  7.33714
-102    7    2 -512.955   37.801  11.2157  3.89187 -3.11615 0.470033 -3.11615  3.27691 -1.36529 0.470033 -1.36529  4.05292
-100    0    2 -500.974 -1.88206  12.2865  1381.78 -560.013  -2486.4 -560.013  395.707   1675.8  -2486.4   1675.8  7309.09
-98   6   2 -492.222  34.3083  10.4467  33.2039 -2.76551 -14.8387 -2.76551  12.8395  16.5979 -14.8387  16.5979  41.0445
-92   6   2 -462.552  32.5049  11.1297  1.76019 -1.65205 -1.00894 -1.65205  2.25219  1.07764 -1.00894  1.07764  1.86357
-97  -6   1 -487.442  -33.922  9.62617   1.46602   7.31927    21.664   7.31927   618.207 -0.257065    21.664 -0.257065   617.533
-98  -4   1 -492.652 -23.9103  9.28159 0.437891 0.229347  0.64041 0.229347 0.719083  2.57072  0.64041  2.57072  50.0612
-100   -3    1 -502.275 -18.4383  9.25566 0.968368  7.14075 -4.57974  7.14075  84.5239 -40.2561 -4.57974 -40.2561  103.987
-97  -5   1 -487.116 -25.0608  8.92737  9.08432   3.3338 -44.6074   3.3338   334.17 -102.371 -44.6074 -102.371  251.522
-94  -5   1 -473.461 -27.8553  8.66573 4.60226 2.94728 32.2899 2.94728 2.56297 24.9134 32.2899 24.9134 306.571
-100   -4    1 -501.406 -24.6412  9.30523  4.42251  10.6305 -5.96307  10.6305  314.485  3.68419 -5.96307  3.68419  11.0117
-101   -3    1 -506.065 -18.4481  8.53739  12.2611  13.4744 -9.34218  13.4744  103.154 -22.4793 -9.34218 -22.4793  11.3441
-97  -4   1 -488.109 -24.7905  9.04032   1.23208 -0.261173  -2.13889 -0.261173   2.90445   1.10603  -2.13889   1.10603   9.83529
-93   5   1 -466.092  28.8819  8.97671   3.16275 -0.108343 -0.129686 -0.108343   2.51841  0.816777 -0.129686  0.816777   3.01262
-100    9    3 -502.329  46.3438   16.637  52.2071 -17.4791 -2.88278 -17.4791  19.2532  3.85671 -2.88278  3.85671  1.65291
-99  -3   1 -497.819 -18.5735  8.61677   0.88639    2.8112 -0.190969    2.8112   65.4958  -5.00823 -0.190969  -5.00823   2.35613
-98  -6   1 -492.184 -33.8085  9.84267   11.6752   12.7463   147.784   12.7463   2378.29 -0.795922   147.784 -0.795922   2369.13
-94  -4   1 -472.496 -24.2641  8.13501 0.828599 -2.80235  1.80599 -2.80235  26.6862 -9.09396  1.80599 -9.09396  6.36249
-101    5    1 -506.733   29.729  7.05904 0.622688 0.311544 0.243317 0.311544  23.4936  -1.0676 0.243317  -1.0676   1.2588
-109    7    1 -548.022   38.058  6.41767 0.946152 -0.23868 -1.31556 -0.23868   1.5298  1.57253 -1.31556  1.57253  4.46405
-107    7    2 -537.232   37.393  12.2982   0.818716 -0.0355442   0.126425 -0.0355442   0.678537   0.239152   0.126425   0.239152   0.685641
-102    8    1 -514.665  41.7527  8.20747  53.7108 -1.11935 -1.40085 -1.11935  1.55828  1.07779 -1.40085  1.07779  1.95501
-98   9   2 -492.284  47.0025  11.2703  1.87463 -1.27304 0.875663 -1.27304  5.89562  3.40945 0.875663  3.40945  4.50315
-101    9    1 -506.95 47.1941 6.48156  197.203 -253.637 -8.04692 -253.637  327.733  10.1615 -8.04692  10.1615  1.24576
-102    7    1 -513.843  36.6226  6.90923    1.62516   0.296928  -0.152032   0.296928    1.01426 -0.0642319  -0.152032 -0.0642319   0.769908
-109    9    1 -549.472  46.7515  7.24442   4.01649  0.521656  0.233085  0.521656    2.4888 -0.784561  0.233085 -0.784561   1.37092
-107    9    1 -535.882  48.1496  6.80843    2.09264 -0.0752829 -0.0263377 -0.0752829    1.35005  -0.221766 -0.0263377  -0.221766   0.447119
-103    9    1 -518.443   46.931  7.10482    37.761   1.02991 -0.537092   1.02991   109.408  -2.05737 -0.537092  -2.05737  0.616361
-96   8   1 -483.941   41.283  6.43761   0.373764  0.0569481 -0.0238557  0.0569481    1.16033    0.15459 -0.0238557    0.15459   0.784631
-109    8    1 -547.211  42.1544  7.52504    2.94249   -1.79185 -0.0564505   -1.79185    3.26303  0.0728758 -0.0564505  0.0728758   0.505393
-108    7    1 -541.762  36.6945  7.96067    1.76778  -0.879469 -0.0137618  -0.879469    1.45337    1.13938 -0.0137618    1.13938    3.80087
-97   7   1 -486.787  37.8077  8.11667  0.553072 -0.185044 -0.264533 -0.185044  0.650435 0.0948482 -0.264533 0.0948482  0.639259
-97   5   1 -489.252  25.9949  5.40987  302.043 -3.89783 -46.7253 -3.89783  7.54143  23.7588 -46.7253  23.7588  142.633
-106    9    1 -533.76 47.8473 6.73777    2.88364   0.498626 -0.0483357   0.498626   0.780437  -0.218129 -0.0483357  -0.218129   0.633095
-98   9   1 -491.983  47.5328  7.09181   4.37305 -0.336398 -0.357455 -0.336398   8.80385  0.353868 -0.357455  0.353868  0.458954
-99   9   1 -496.049  46.2179  7.34653  23.6761 -6.64685 -1.74786 -6.64685  70.7764  1.69062 -1.74786  1.69062 0.648518
-100    9    1 -502.864  46.4253  7.19268   15.9893  -5.02315 -0.798155  -5.02315   5.75613  0.418481 -0.798155  0.418481   0.50105
-101    7    2 -505.769   38.395  13.2354  6.51583 -1.61516 -3.90125 -1.61516 0.885214  1.02149 -3.90125  1.02149  3.93078
-91   8   1 -456.87 42.5394 5.87013   0.611792   0.127461   0.458374   0.127461   0.976145 -0.0759652   0.458374 -0.0759652    2.82832
-90   8   1 -454.006  43.5448  6.39486  2.52985   2.1898 -1.03861   2.1898  4.42836 -2.11844 -1.03861 -2.11844  3.42024
-104    9    2 -524.941   49.144  14.6273  5214.25 -569.485 -640.169 -569.485  79.5973  88.3045 -640.169  88.3045  112.034
-107    8    1 -537.335  40.9954  6.67664      1.8241   -0.643707    0.392878   -0.643707     1.60451 -0.00917949    0.392878 -0.00917949    0.727598
-103    8    1 -515.772  41.2475   6.5881   2.30745 -0.158408 0.0966027 -0.158408  0.932404 0.0589952 0.0966027 0.0589952  0.554023
-94   8   1 -473.225  41.4659  6.40565   1.66291 -0.890514  0.108616 -0.890514   1.92091 -0.245136  0.108616 -0.245136  0.759236
-106    8    1 -530.67 40.6334 6.29152  3.59616  3.13001  -0.6811  3.13001  5.95931 0.223542  -0.6811 0.223542  1.46961
-94   1   0 -470.605  9.97127 -2.05928  10.8057  45.8318 -1.64316  45.8318  1276.84  18.6602 -1.64316  18.6602  2.23104
-101    4    0  -507.44  22.3443 -2.17475 1.55644 1.41034 22.4229 1.41034  2.3851 29.0541 22.4229 29.0541 460.667
-95   6   0  -477.147    32.927 -0.686389   0.565968 -0.0344541 -0.0461971 -0.0344541   0.821281  -0.242227 -0.0461971  -0.242227   0.162286
-101    6    0 -506.948  32.2673  1.68047   0.630965   0.224045 -0.0896983   0.224045   0.725459 -0.0604081 -0.0896983 -0.0604081   0.145751
-96   2   0 -482.301   12.609 0.296611   0.473298 -0.0149447 -0.0303443 -0.0149447   0.357335 -0.0113394 -0.0303443 -0.0113394   0.386006
-93   1   0 -467.163  9.94631 -1.70302 0.689869 0.598456 0.386695 0.598456  384.654  14.5417 0.386695  14.5417  2.18117
-97   6   2 -487.241  34.5244  12.7251  13.7607 -4.38133 -2.94563 -4.38133  121.862  47.0107 -2.94563  47.0107  19.0771
-106    5    2 -532.811  28.9249  11.7454  1.82817 -1.34029 -1.33764 -1.34029  1.93412  1.17883 -1.33764  1.17883  1.28599
-99   7   1 -498.308  37.8589  7.11285   0.744366    0.29322 0.00135619    0.29322   0.481308 -0.0845129 0.00135619 -0.0845129   0.419527
-108    5    0  -542.572   27.4123 -0.616441   0.844985 -0.0156518     6.4294 -0.0156518   0.815799   -2.67695     6.4294   -2.67695    145.706
-100    8    0  -502.443   41.3313 0.0356442  0.467331  0.537288 0.0672731  0.537288   1.38639  0.111274 0.0672731  0.111274  0.205039
-94  -6   1 -473.301 -31.0068   8.7919  1.26982 0.245296  3.18893 0.245296 0.798367  1.46156  3.18893  1.46156  18.9914
-105    5    0 -527.427  27.0897 -1.34059  0.562789 -0.072532  0.845308 -0.072532  0.702456 -0.424084  0.845308 -0.424084   13.6748
-100    6    0 -502.503   32.252  1.34471    0.518061   -0.045974    0.041634   -0.045974    0.489537 -0.00224511    0.041634 -0.00224511    0.144089
-98   4   0 -492.601   22.406 -2.83959 0.640974 0.150607  2.01679 0.150607  0.74325  3.09734  2.01679  3.09734  45.8701
-106    6    2 -531.602  33.0082  13.0315   1.43658 -0.431921 -0.403048 -0.431921  0.523374 -0.169635 -0.403048 -0.169635   1.10586
-101    5    0 -507.316  27.0965 -2.30191    0.452484 -0.00553086   0.0161697 -0.00553086    0.551459    -0.25264   0.0161697    -0.25264     3.02869
-100    7    0  -501.953   37.2589 0.0813913   0.560821   0.173757 -0.0144378   0.173757   0.823697  0.0950212 -0.0144378  0.0950212   0.189271
-96   6   0   -482.46   33.1987 -0.256949   0.488172 -0.0197249 0.00565755 -0.0197249    1.00097  -0.330888 0.00565755  -0.330888   0.214397
-101    8    0  -506.236   41.9204 -0.198981   0.732847 -0.0266341  -0.158523 -0.0266341   0.860207  0.0785444  -0.158523  0.0785444   0.200313
-108    2    0 -542.543   11.341  0.42629 2.77016 2.19145 37.5349 2.19145 5.25538 41.9115 37.5349 41.9115 678.507
-99   3   0 -497.578  16.4065 -1.29606  0.478804 0.0827956  0.123744 0.0827956   1.19612   0.78102  0.123744   0.78102   1.62144
-100    3    0  -502.454   16.3507 -0.278053   0.464517 -0.0161625 0.00447749 -0.0161625    1.20448    0.29358 0.00447749    0.29358   0.402465
-104    9    0  -522.035   46.7822 -0.799955  0.592535 0.0432435 -0.125876 0.0432435  0.696281  0.161119 -0.125876  0.161119  0.337533
-91   1   0 -456.978   9.8717 -2.43391 0.621262  5.71652 -0.56265  5.71652  385.759 -31.9945 -0.56265 -31.9945  6.04139
-93   6   2 -466.474  31.9524  10.7737   43.5451 0.0887913   29.7234 0.0887913   4.36361   5.81582   29.7234   5.81582   33.1211
-102    7    0 -512.038  36.6093  1.23663    1.24582  -0.054298  -0.309385  -0.054298    0.71285 0.00910955  -0.309385 0.00910955   0.365306
-90   7   0 -450.229  38.1355  1.58373  159.204 -18.1959  49.1844 -18.1959  39.9613 -62.5121  49.1844 -62.5121  101.298
-92   1   0 -461.985  9.92473 -2.21868 0.612405 0.750347  0.39082 0.750347  559.891 -34.6445  0.39082 -34.6445  6.58321
-103    9    0  -517.998   47.1692 -0.237548  0.793435 0.0338429 0.0619869 0.0338429   0.98384  0.129327 0.0619869  0.129327  0.200307
-92   9  -1 -461.705  47.3211 -5.74242  0.609751  0.192938  -1.56109  0.192938  0.976179 -0.749278  -1.56109 -0.749278   13.6866
-103    8    0 -516.235  42.2207  0.38292  0.819123 -0.281023 -0.252642 -0.281023  0.847602  0.110414 -0.252642  0.110414  0.240834
-105    8    0 -527.067  42.2093  -1.5157 9.71261 2.54371 67.4117 2.54371 1.39637 19.7485 67.4117 19.7485 501.177
-100    4    0 -502.441  22.5482 -2.41432 1.27008 1.30832 19.1171 1.30832 2.59521 30.4116 19.1171 30.4116 444.913
-96   7   1 -482.038  36.0983  5.79816  0.716518  -0.24917 -0.023331  -0.24917   1.24018  -1.31081 -0.023331  -1.31081    3.4708
-104    4    0   -522.5  22.3975 -1.43884 1.59546 1.47674 22.7289 1.47674 2.39566 29.5951 22.7289 29.5951 461.851
-96  -3   1 -482.205 -18.8545   7.9883  1.06711 0.158509 0.864856 0.158509  120.085 -8.47572 0.864856 -8.47572   2.9096
-94   2   0  -472.93  12.1124 -1.77976   0.421495 0.00338798  0.0137301 0.00338798   0.431343   0.453511  0.0137301   0.453511    1.37537
-99   8   0  -497.663   41.5427 -0.852904  0.684656 -0.155715  0.190428 -0.155715  0.832515 0.0545806  0.190428 0.0545806   0.22112
-102    8    2 -513.353  40.9987  12.1251  0.555487  0.429176 -0.383014  0.429176   4.98922 -0.270055 -0.383014 -0.270055  0.629793
-94  -3   1 -472.771 -19.0119  7.76204    0.9471   0.94096 0.0292265   0.94096   56.9223  -3.52425 0.0292265  -3.52425   3.04324
-107    5    1 -536.393  27.7157  8.18691  1.98906 0.191202 0.369171 0.191202  0.54568 -0.04474 0.369171 -0.04474   1.5261
-90   8   2 -451.175  44.6181  12.4945  908.741  124.393 -1041.97  124.393  148.422  44.2132 -1041.97  44.2132  1491.34
-99   9   0  -496.938     46.65 -0.182896   1.02198  0.402111 -0.120892  0.402111   1.10804 0.0594375 -0.120892 0.0594375  0.177551
-92   5   1 -463.43 28.9741 8.02818   1.19764 -0.232174 0.0815065 -0.232174   2.09343  0.248803 0.0815065  0.248803  0.600367
-99   7   0 -497.688  37.3949 0.332318   0.489451 -0.0318613  0.0105105 -0.0318613   0.597559  0.0857838  0.0105105  0.0857838   0.142868
-94   7  -1 -472.006  38.6529 -5.10493  1.64391 0.844095  17.2337 0.844095  2.83833  13.7457  17.2337  13.7457  340.748
-92   2   0 -461.185  13.6297 -1.86932  0.944772   0.01889 -0.585746   0.01889   1.12993  0.113302 -0.585746  0.113302   1.37985
-100    8    2 -503.446  41.9783  11.5462   1.50451 -0.166353  -1.57697 -0.166353   1.57692 -0.633532  -1.57697 -0.633532   2.72709
-100    9    0 -502.618  46.3977 0.058864   1.51357  -1.12156 0.0428416  -1.12156   1.77263 0.0204216 0.0428416 0.0204216  0.172174
-102    8    0  -512.883   43.2349 -0.796075   0.685624  -0.105567 -0.0189853  -0.105567   0.739413   0.118864 -0.0189853   0.118864   0.174886
-98   7   0   -492.347    37.6152 -0.0679405   0.674469 -0.0210512 -0.0268117 -0.0210512   0.659946  0.0696708 -0.0268117  0.0696708   0.161623
-96   4   0  -482.35  22.4782 -3.34806 0.524081 0.215653  1.99127 0.215653  0.95903   4.9266  1.99127   4.9266  56.2486
-99   6   0 -498.037  32.6705 0.690211   0.585322  0.0309721  0.0725315  0.0309721   0.737115 -0.0907613  0.0725315 -0.0907613   0.144771
-106    5    0   -532.227    27.1669 -0.0494124   0.540395  0.0554339 -0.0662731  0.0554339   0.680554 -0.0884759 -0.0662731 -0.0884759   0.209766
-97   6   0 -487.529  32.5999 -1.42846   0.404072 -0.0152682  0.0594428 -0.0152682   0.732451  -0.242237  0.0594428  -0.242237    0.19699
-96   7   0   -482.956    37.3112 -0.0605851   0.777457  0.0311014 0.00632948  0.0311014   0.724339   0.168152 0.00632948   0.168152    0.14214
-96   5   0 -482.268  26.8235    -3.55  1.21222 0.403891  12.8585 0.403891 0.823981   8.1124  12.8585   8.1124  226.133
-95   8   2 -479.141  43.8986  11.3475    10.3401 -0.0319427   -1.61142 -0.0319427   0.859088  -0.138276   -1.61142  -0.138276    1.20857
-97   9   0 -487.398  47.6413 -2.70675  0.608035 -0.118419 -0.148721 -0.118419  0.533861 -0.112003 -0.148721 -0.112003  0.364811
-95   5   0 -477.438  27.0428 -3.82088  1.15873 0.748338  17.6981 0.748338  1.29484    18.01  17.6981    18.01  441.036
-97   8   0  -486.469   41.7119 -0.743234   0.527713   0.322922 -0.0491619   0.322922   0.927425  0.0539561 -0.0491619  0.0539561   0.137011
-100    6    2 -502.215  33.2645  10.7271 1.75926  1.2783 1.74002  1.2783   2.104 2.49771 1.74002 2.49771 4.99306
-93   8   0 -467.642  42.0223  -1.0333    1.55882    1.44882 -0.0304471    1.44882    1.93558   0.173623 -0.0304471   0.173623   0.390451
-95   9   0 -477.431  47.1237 -2.59247   0.838778  -0.328968 -0.0353098  -0.328968   0.550318   0.101544 -0.0353098   0.101544   0.173085
-95   8   0  -478.957   43.2191 -0.342023    1.38765   0.344849  0.0500547   0.344849    1.08689 -0.0301648  0.0500547 -0.0301648   0.110564
-108    8    1 -541.313  40.8005  6.85048  50.2552  57.3857 -14.8328  57.3857  87.2301  22.9454 -14.8328  22.9454  79.1498
-97   7   0  -487.566   37.8618 -0.372626   0.373965 -0.0716168  0.0353907 -0.0716168   0.542685  0.0328944  0.0353907  0.0328944   0.139264
-109    8    0 -547.733   42.399  1.77697  0.858993 -0.190476 0.0575784 -0.190476  0.814946 0.0876162 0.0575784 0.0876162  0.320884
-93   3   0 -467.808  17.0554 -3.57379 0.993606  1.57917  11.6267  1.57917   5.2388  36.3722  11.6267  36.3722  276.047
-103    7    0 -517.628  37.0703 0.267733    1.09772   0.319153 -0.0365474   0.319153   0.657696   0.114244 -0.0365474   0.114244   0.150927
-94   4   0 -472.453  22.6512   -3.844 1.50211 1.67372 22.2711 1.67372   3.366  37.081 22.2711  37.081 494.824
-107    7    0 -537.432  38.2012 0.853299   0.709218 -0.0595547   -0.15782 -0.0595547   0.791804  -0.276597   -0.15782  -0.276597   0.421053
-90   9   1 -453.74 47.3528 7.62922   1.31404  0.371906 -0.505712  0.371906   2.05916  0.502007 -0.505712  0.502007  0.843091
-106    0    0 -533.009  1.94394  1.31013   0.938228   0.469832   0.109751   0.469832   0.452681 0.00652631   0.109751 0.00652631    1.03487
-101    7    0 -507.276  37.2129 0.945571  0.768437  -0.17336 0.0647518  -0.17336  0.761611 0.0617635 0.0647518 0.0617635  0.177718
-107    9    0 -536.209  48.2779  2.02709    1.15595 -0.0209695  -0.265535 -0.0209695   0.722896 -0.0449313  -0.265535 -0.0449313   0.325956
-94   5   0 -472.528  26.9086  -4.0218  1.28846 0.907763  17.0751 0.907763  1.56259  19.8279  17.0751  19.8279  367.749
-93   4   0  -467.67  22.8471 -4.07882 1.21762 1.32264 18.1435 1.32264 2.90901  31.885 18.1435  31.885 425.975
-101    9    0  -507.426   47.4171 -0.830272   0.606361 -0.0813372 -0.0615333 -0.0813372   0.469138  0.0587261 -0.0615333  0.0587261   0.180308
-90   3   0 -453.175  16.5263 -2.64901  0.761093 0.0610908  0.321988 0.0610908    0.8721  0.285765  0.321988  0.285765  0.488325
-90   9   0 -453.58 47.2528  0.4445  0.894486  0.119723  0.279822  0.119723   1.36056 -0.115482  0.279822 -0.115482  0.199208
-94   3   0 -472.653  16.8639 -3.13846 0.527135 0.041007 0.148099 0.041007  0.62218 0.508378 0.148099 0.508378  2.11748
-91   8  -1 -457.647  42.6555 -6.08917  0.562265 0.0693591   2.22987 0.0693591  0.497884    2.1892   2.22987    2.1892   42.3645
-104    0    0  -524.462   1.10827 0.0691205 14.8096 2.79793 23.5969 2.79793 1.27436 9.65104 23.5969 9.65104   78.66
-94   9   0   -473.43   48.3966 -0.676583   1.16452 0.0957319  0.188087 0.0957319  0.447187 0.0505068  0.188087 0.0505068      0.19
-92   5   0 -462.678  27.9448 -1.55818   0.478243 -0.0230174  0.0192636 -0.0230174   0.722798  -0.277405  0.0192636  -0.277405   0.196543
-105    7    2 -529.52 38.3106 11.7533   20.6998    5.4542 -0.700913    5.4542   2.47005 0.0817483 -0.700913 0.0817483  0.532526
-109    9    0 -546.843  47.1886 0.324071   0.868259  -0.327698   -0.23537  -0.327698   0.780136 -0.0150968   -0.23537 -0.0150968   0.986269
-98   8   0 -492.555  41.8313 -2.04335    0.37612 -0.0268955  0.0586726 -0.0268955   0.484726  0.0126033  0.0586726  0.0126033    0.23771
-91   8   0 -457.001  43.0784 0.981059  0.847878 -0.234142  0.081397 -0.234142  0.981269  0.142316  0.081397  0.142316  0.198594
-96   1   0 -482.537  9.46327  1.10948   0.450507  0.0113702 -0.0587089  0.0113702    9.32614   -1.60542 -0.0587089   -1.60542    2.36816
-94   8   0 -473.831  41.2916 -1.10356   1.18532 -0.745867 -0.131993 -0.745867   1.97881  0.175037 -0.131993  0.175037  0.136171
-99   5   0  -497.54  27.1074 -2.82259   1.4626 0.103571  20.8828 0.103571 0.604764  1.98265  20.8828  1.98265  448.042
-107    8    0 -537.095  41.3448  1.95527   2.43764  0.373311 -0.111997  0.373311   1.55846  0.246441 -0.111997  0.246441  0.307652
-90   8  -1 -451.802   43.425 -6.15864   0.48884 -0.139532 -0.582424 -0.139532  0.583812 -0.375269 -0.582424 -0.375269   8.87884
-108    0    0 -543.159  1.42331 0.895731  3.56898  1.37648  9.45842  1.37648 0.866259  8.18906  9.45842  8.18906  188.722
-95   7   0 -477.239  37.8544 -0.60474    0.448042 -0.00706464   0.0352488 -0.00706464    0.840169    0.175298   0.0352488    0.175298    0.141618
-94   7   0  -472.817   37.3358 -0.295895   0.55031  0.179136 0.0329471  0.179136  0.506042 0.0876137 0.0329471 0.0876137  0.119758
-107    6    2 -537.422  33.5594  11.8223    1.61128  -0.249142 -0.0280759  -0.249142   0.500201 -0.0599815 -0.0280759 -0.0599815   0.239115
-92   8  -1 -462.599  41.4658 -5.67623  1.09125  0.23792  4.19831  0.23792 0.846884  3.56822  4.19831  3.56822  37.2891
-99   8   1 -498.487   41.284  6.46871  5.71602 -4.08495 0.419205 -4.08495  3.92879 0.327682 0.419205 0.327682   1.1717
-92   3   0 -462.378  16.4553 -3.19646   0.439897 -0.0859285  -0.301787 -0.0859285   0.813808   0.571071  -0.301787   0.571071    1.47361
-92   6   0 -462.322  31.4898  1.66124   0.496967  0.0338936 0.00406471  0.0338936   0.482128 0.00679392 0.00406471 0.00679392   0.104277
-108    9    0  -543.276   47.5343 -0.430448  0.909727 -0.141587  0.562839 -0.141587  0.455037 -0.237477  0.562839 -0.237477   1.55665
-91   6   0 -457.878  32.5459  3.03077  0.845002  -0.52031 -0.144452  -0.52031  0.735104 0.0231332 -0.144452 0.0231332  0.188005
-91   9   0  -456.027   48.1436 -0.603033    1.11258  -0.556651 -0.0499029  -0.556651    1.95646   0.307631 -0.0499029   0.307631   0.192535
-90   5   0  -452.71  25.9768 -4.84946 1.24773 1.37788 18.7546 1.37788 3.41373 31.0606 18.7546 31.0606 488.181
-90   4   0 -452.279  22.4698 -4.74447 1.45687 1.57354 21.7023 1.57354 3.09908 35.8737 21.7023 35.8737 499.191
-96  -4   1 -482.758 -24.5018  9.01657 0.529034 0.782973 -1.71188 0.782973  3.32698 -3.79935 -1.71188 -3.79935  23.6277
-91   5  -1 -455.652    29.49 -5.04635 9.13007 14.0038 112.495 14.0038 33.5095 211.378 112.495 211.378 2506.48
-102    6    0 -512.092  32.9934  1.07607   0.662609 -0.0620403 -0.0334808 -0.0620403   0.979675    -0.2069 -0.0334808    -0.2069   0.181205
-106    6    3 -531.821  32.5634  15.8141  261.121  6.03656 -175.424  6.03656  1.39443 -4.98306 -175.424 -4.98306  119.374
-106    7    1 -531.956  37.7359  8.51774    5.52816   -3.49689  -0.391731   -3.49689    2.63083 0.00420214  -0.391731 0.00420214    1.98483
-98   9   0  -492.294   47.4189 -0.727138    1.36124   -0.32698 0.00132814   -0.32698    1.25322  -0.134956 0.00132814  -0.134956   0.164733
-100    8    1 -504.394  41.2693  7.11687  1.03125   0.2283 0.192674   0.2283  2.67486 0.680643 0.192674 0.680643 0.674398
-97   5   0 -487.876   26.846 -2.49359   0.53305 0.0197476  0.218431 0.0197476  0.761954 -0.110962  0.218431 -0.110962  0.437918
-90   1   0 -452.338  9.71834 -1.56298   0.541946   0.206901 -0.0486366   0.206901    15.5151    1.01299 -0.0486366    1.01299   0.502529
-103    7    1 -516.701  36.6558  6.39546   1.04991 -0.105635 -0.155866 -0.105635  0.563419 -0.119998 -0.155866 -0.119998  0.797718
-108    6    1 -541.906  32.9194  8.52387  1.25103 0.426459 0.113802 0.426459 0.743852  0.48998 0.113802  0.48998  2.85906
-95   4   0 -477.451  22.4545 -3.58612 0.628715 0.341948  3.84869 0.341948  1.16477  7.10345  3.84869  7.10345  80.3835
-98  -3   1 -492.422 -18.6431  8.79906 0.628798 -2.47399  2.32862 -2.47399  86.5563 -26.7795  2.32862 -26.7795   90.025
-106    1    0   -533.246    8.80921 -0.0196663 4.06926 2.89494 40.6166 2.89494 3.13437   31.87 40.6166   31.87 642.749
-95   8  -1 -475.873  42.9161 -5.11344   9.87876 -0.497917   57.4626 -0.497917   1.42172  -9.72859   57.4626  -9.72859   630.194
-90   5  -1 -452.259  28.6774 -5.11706 1.40714 2.45578 18.4954 2.45578 6.86447 46.1658 18.4954 46.1658   454.8
-91   3   0 -457.047  16.3485 -2.28412   0.525692  -0.081882 -0.0341883  -0.081882   0.914546   0.329065 -0.0341883   0.329065   0.492771
-93   7  -1 -467.155  38.6488 -5.36251  0.606246 -0.125261   1.67575 -0.125261  0.973735   1.31328   1.67575   1.31328    56.901
-102    9    0  -513.344   47.3712 -0.805277   0.755948 -0.0289879   0.223859 -0.0289879   0.380248  0.0777283   0.223859  0.0777283   0.308651
-100    2    0 -503.122  13.9312  2.75258   0.579702 -0.0313863  0.0539958 -0.0313863    1.63466    0.82135  0.0539958    0.82135    1.39398
-91   6  -1 -457.158    31.74 -5.17348 2.86368 3.81398 39.5989 3.81398 7.72607 71.8524 39.5989 71.8524 761.369
-95  -3   1 -477.842 -18.8746  8.19071 0.982585 -1.71298  3.32175 -1.71298  70.7914 -91.8933  3.32175 -91.8933  193.484
-90   8   0 -450.536  44.0819 -1.63796   1.11785 0.0385951   0.15121 0.0385951   1.02082  0.202214   0.15121  0.202214  0.265086
-99   4   0 -497.647  22.4721 -2.63553 0.868589 0.621366  8.27709 0.621366  1.40232  12.3317  8.27709  12.3317  168.612
-94   8  -1 -472.401  42.8106 -5.30117  1.16607  0.44016  9.65788  0.44016 0.769206  4.42379  9.65788  4.42379  145.446
-99   6   1 -496.894  33.6922  6.49423 0.879092 0.457866 0.349707 0.457866  1.74019  0.52996 0.349707  0.52996  1.19955
-94   9  -1 -471.883  47.3859 -5.44839  1.04419 0.262389  6.12746 0.262389 0.524385  1.84422  6.12746  1.84422   86.208
-95  -4   1  -476.38 -24.3797  8.77578  5.35366 -25.4501 -7.58295 -25.4501  171.886  101.098 -7.58295  101.098  112.555
-94   6   0 -472.167  33.1386 0.660761   0.528299  0.0897605 -0.0890149  0.0897605   0.946686   -0.23098 -0.0890149   -0.23098    0.14656
-107    7    1 -537.276  38.4454  7.34321    1.43216    0.21031 -0.0978601    0.21031   0.530991   -0.04278 -0.0978601   -0.04278   0.621698
-90   6  -1 -452.816  31.9925 -5.41412 1.17605 1.55457 16.2619 1.55457  4.9577 43.1829 16.2619 43.1829 421.665
-95   2   0 -478.563  12.5088 -0.26065 0.918247 0.141567 0.463899 0.141567 0.377666 0.085684 0.463899 0.085684 0.633763
-98   6   0     -492.5    32.9694 0.00655637  0.474907 -0.136915 0.0464237 -0.136915  0.781693 -0.177613 0.0464237 -0.177613  0.133875
-103    6    0 -517.261  32.4261 -1.31386   0.551239  0.0355115 -0.0860136  0.0355115   0.914171   -0.30622 -0.0860136   -0.30622   0.370111
-100    5    0  -502.59  27.5253 -1.52592  0.517467 0.0121403    0.0454 0.0121403  0.675868 -0.213938    0.0454 -0.213938  0.236338
-93   8  -1 -467.818  42.2331 -5.60238 0.823845 0.258681  5.80554 0.258681 0.710245  6.15496  5.80554  6.15496  123.084
-101    7    3 -505.983  38.7465  15.8218 139.475 17.7766 -8.2575 17.7766 19.1367 12.6735 -8.2575 12.6735 15.1468
-92   6  -1  -461.93  33.0446 -5.08629 1.84874 3.53098 16.5466 3.53098 8.85885 40.4054 16.5466 40.4054 372.991
-100    6    1 -502.637  32.6143   6.6597 0.701466 0.141615 0.255965 0.141615 0.570443 0.119353 0.255965 0.119353 0.584829
-93   2   0 -468.566  12.1784 -1.44178   1.03871 -0.120989  0.372984 -0.120989  0.694294  0.437842  0.372984  0.437842   1.17585
-101    2    1 -506.394  13.2872  5.59902   1.81091  0.188551 -0.789966  0.188551   1.09505  -1.17169 -0.789966  -1.17169   6.33488
-102    4    0  -512.31  22.3703 -1.93714 1.59797 1.46263 21.4688 1.46263 2.21946  26.628 21.4688  26.628 410.285
-105    1    0 -526.312  8.07842 -0.45827  8.47161 -3.98622  65.8938 -3.98622  27.5296  43.8956  65.8938  43.8956  817.266
-107    5    2 -536.882  28.1696  10.9393  4.40769 -1.12465  0.19871 -1.12465  1.73615 0.306421  0.19871 0.306421  1.08892
-90   9  -1 -452.838  46.9584 -6.18205   0.516659 -0.0368748   0.601738 -0.0368748   0.666805   -1.60222   0.601738   -1.60222    25.5867
-91   5   0  -457.64  26.6099 -4.43872  0.486911 0.0267665  0.158694 0.0267665  0.575454  -0.17348  0.158694  -0.17348  0.660139
-98   3   0 -492.631  16.3002 -1.56379  0.554683 0.0362116  0.139658 0.0362116   1.08582  0.833518  0.139658  0.833518   1.83888
-109    5    0  -546.771   27.0544 -0.418917   1.48009 -0.496042   17.9833 -0.496042  0.738699  -10.3045   17.9833  -10.3045   461.656
-93   9  -1 -467.523  47.7218 -5.74683   1.17798 -0.202788   5.74361 -0.202788    0.8499  -1.38076   5.74361  -1.38076   55.8428
-91   4   0  -457.47  22.6765 -4.52868 1.57982 1.71027 22.4828 1.71027 3.11399 34.2872 22.4828 34.2872 465.567
-91   7   1 -458.608  37.0953   5.6975   1.11106  0.114478  0.515378  0.114478  0.557915 -0.113966  0.515378 -0.113966   3.29123
-92   7  -1 -462.739   38.524 -5.54317 0.610672 0.208814  2.07527 0.208814 0.924514  1.31372  2.07527  1.31372    31.44
-93   6   0 -467.488  32.0588  1.58367    0.871258    0.222239  -0.0229337    0.222239    0.518062 -0.00245883  -0.0229337 -0.00245883    0.140245
-106    7    2 -530.664  37.8053   11.522  7.09415 -6.42349 -5.92166 -6.42349  25.7491   27.095 -5.92166   27.095  29.3043
-96   3   0  -482.558   16.1226 -0.552907  0.466386  0.102935 0.0771321  0.102935   1.19242  0.397345 0.0771321  0.397345  0.414068
-101    8    2 -506.423  40.9847  11.6987   0.764268 -0.0295554   0.805804 -0.0295554    1.69341  -0.631648   0.805804  -0.631648    2.23759
-106    4    0 -532.174  22.3593  -0.9536 1.84872 1.57297 24.6083 1.57297 2.45464  30.785 24.6083  30.785 481.615
-91   2   0 -457.187  13.0831 -1.22998   0.476397 -0.0352248 -0.0430564 -0.0352248   0.869471   0.160396 -0.0430564   0.160396   0.523544
-102    6    1 -512.242  33.7068  6.49899  0.464245  0.597911 0.0913287  0.597911   2.31807 -0.045863 0.0913287 -0.045863   1.09358
-92   7   1 -462.563  36.7556   6.2243   0.583558 -0.0559968   0.263315 -0.0559968   0.538019   0.171367   0.263315   0.171367    1.38862
-93   9   0 -468.175  48.7975 -1.15688  10.8862 -23.7709  1.00824 -23.7709      140 -6.50639  1.00824 -6.50639 0.448653
-96  -6   1 -483.858 -34.0028  9.38601  9.18955 -127.197   6.2945 -127.197  3090.32 -269.978   6.2945 -269.978  54.8408
-90   2   0  -452.641   12.2762 -0.874832 0.669481 0.265881 0.116071 0.265881 0.837065 0.275792 0.116071 0.275792 0.405456
-109    4    0  -547.186   22.6634 -0.226923  1.04107 0.395653  11.7075 0.395653  1.28741  12.4298  11.7075  12.4298  219.929
-104    6    0 -522.663  32.1451 -1.71142   1.59372 -0.322142   22.6215 -0.322142  0.952632  -7.80398   22.6215  -7.80398   455.264
-90   4  -1 -450.367  24.6893  -5.0156 16.6824 7.45878 78.4576 7.45878 41.9331 271.419 78.4576 271.419  6699.5
-90   7  -1 -452.835  38.2575 -6.04109 0.599934  0.30714  2.84354  0.30714  1.14706  5.25392  2.84354  5.25392  102.265
-97   4   0 -487.538  22.3949 -3.07502 0.634038 0.100189  1.83595 0.100189 0.674065   2.1267  1.83595   2.1267  26.6797
-92   6   1 -462.151   32.805   7.3818 0.531721 0.167592 0.329678 0.167592 0.542052 0.137417 0.329678 0.137417 0.862074
-95  -5   1 -477.161 -26.1913  8.69077  0.610914 0.0364421  0.249227 0.0364421  0.552417  0.360262  0.249227  0.360262   4.15167
-93   5   0 -467.338  27.3759 -3.18588    0.553043 -0.00415016  -0.0923576 -0.00415016    0.512555   -0.199549  -0.0923576   -0.199549    0.261529
-93   6   1 -467.131  32.5611  6.07827    2.0978 -0.654997 -0.772695 -0.654997  0.823313  0.143295 -0.772695  0.143295  0.921685
-95   9  -1 -475.694  48.0027 -5.10751   19.7156 -0.719085   76.4447 -0.719085  0.545347  -1.68607   76.4447  -1.68607   499.418
-91   9  -1 -457.311  47.6162 -5.94535  0.449082 0.0635749  -0.20207 0.0635749  0.748268  -1.77326  -0.20207  -1.77326   15.4108
-93   7   0 -467.101  37.9887 0.417781   0.547825  -0.118622 -0.0217627  -0.118622   0.416935   0.098385 -0.0217627   0.098385    0.16683
-90  -1   0 -451.104 -7.91383 -1.71074  457.504  319.833 -420.871  319.833  227.957 -291.331 -420.871 -291.331  393.778
-97   2   0 -487.545  12.6696 0.333353    0.464211 -0.00254358   0.0351192 -0.00254358    0.396073  0.00754349   0.0351192  0.00754349    0.498825
-102    5    0 -512.358  26.9667 -2.11506   1.21982 -0.256982   15.6466 -0.256982  0.631538  -4.36908   15.6466  -4.36908   338.223
-108    8    0  -543.647   41.9992 -0.383825     1.5514  -0.167683   0.632107  -0.167683   0.479294 -0.0549661   0.632107 -0.0549661    1.68137
-93   8   1 -465.927  40.2738  7.49603  64.2754  19.8569   9.9391  19.8569  848.041 -187.671   9.9391 -187.671  45.7879
-92   9   0  -460.581   47.4497 -0.164733   6.70897 -0.505856 -0.049216 -0.505856   3.94777  0.105815 -0.049216  0.105815  0.120023
-94   6   1 -472.955  34.2674  5.89785  0.479379  0.313006  0.764216  0.313006   4.35983 -0.916708  0.764216 -0.916708   3.68675
-98   2   0 -490.855   12.784 -0.23411    4.53329 -0.0511254  -0.887392 -0.0511254   0.485758   0.155872  -0.887392   0.155872   0.923533
-101    3    0 -507.384  16.4569 0.135866   0.542071  0.0199992 -0.0106703  0.0199992    1.01941   0.175909 -0.0106703   0.175909    0.32662
-91   7   0 -459.127  35.8236 0.526196     2.432  0.388245 -0.579218  0.388245   3.64207 -0.721217 -0.579218 -0.721217  0.507074
-103    4    0 -517.368  22.5088 -1.69203 1.54073 1.51371  22.207 1.51371 2.62925 31.6707  22.207 31.6707   472.9
-95  -6   1 -477.082 -31.7347  9.02509 0.895671 -1.00936  2.84501 -1.00936  3.99875 -2.64838  2.84501 -2.64838  56.8434
-92   9   1 -460.426  47.4171  7.22552   3.19998 -0.685562 -0.237677 -0.685562    1.6871 0.0333908 -0.237677 0.0333908  0.528492
-107    5    0   -536.96   27.2682 -0.336389   0.596757  -0.080971 -0.0754005  -0.080971   0.855862  -0.202895 -0.0754005  -0.202895   0.620594
-100    7    2 -503.621  37.6615  10.6098  5.11383  1.55387 0.497156  1.55387    1.094 0.383101 0.497156 0.383101  1.13442
-103    5    0 -517.509  26.8667 -1.84959 0.803859 -0.12999  6.73704 -0.12999 0.730411  -3.1947  6.73704  -3.1947  136.402
-92   4   0 -462.694  22.9009 -4.31201 1.77886 1.85533  25.166 1.85533 3.48223 37.6195  25.166 37.6195 501.121
-105    5    1 -528.19 29.3454 5.56875  14.1522  -19.226  2.88555  -19.226  28.1731 -6.08055  2.88555 -6.08055  20.2696
-96  -5   1 -482.297 -25.9222  8.66756  0.948701  0.532749 -0.224927  0.532749  0.987073  0.529003 -0.224927  0.529003    4.0553
-104    7    0 -522.139  36.9098 -1.79154 2.52207 1.31088 28.7875 1.31088 1.22874 17.4711 28.7875 17.4711 393.658
-102    3    0  -512.517   16.6139 -0.477678  0.504129 0.0424326 0.0977548 0.0424326   1.45367   1.02087 0.0977548   1.02087   1.91784
-90  -4   0  -452.15 -23.0475 0.263056 2.93817 3.59135 2.31711 3.59135 6.68105 3.38369 2.31711 3.38369  2.4025
-104    8    0 -522.607  42.4333 -1.80993   0.415084 -0.0637706  0.0540454 -0.0637706   0.359892 -0.0554703  0.0540454 -0.0554703     1.2827
-106    6    0 -532.049  32.8285 0.267362   0.572166 -0.0481808  -0.128289 -0.0481808   0.765075  -0.237917  -0.128289  -0.237917   0.306848
-104    5    0 -522.472  27.0562 -1.59135    1.471 -0.44243  20.3129 -0.44243  0.83756 -8.63364  20.3129 -8.63364  409.688
-104    3    0     -522.497      16.6896 -6.53524e-05  0.484421 0.0506572  0.141068 0.0506572   1.54652   1.12781  0.141068   1.12781   2.04858
-99   7   2 -497.748  37.8694  11.4283    1.26569    0.44368   -0.12702    0.44368   0.847045 -0.0184918   -0.12702 -0.0184918   0.834691
-103    3    0  -517.576   16.6728 -0.226258 0.493475 0.141607 0.201917 0.141607  1.41559 0.865985 0.201917 0.865985  1.68019
-105    6    0 -527.233  32.5463  1.31637   0.868995 0.00324936 -0.0528824 0.00324936   0.903744 -0.0675831 -0.0528824 -0.0675831   0.146961
-97  -3   1 -487.706 -18.7062   8.4841  0.462546   1.47698 -0.492654   1.47698   50.7887  -6.48456 -0.492654  -6.48456   4.62019
-106    8    0 -531.27 41.1803 1.88551   0.68144 -0.148415 -0.042136 -0.148415   4.04162  0.385239 -0.042136  0.385239  0.306433
-91   6   1 -458.406  33.0414  6.29262    1.17933  -0.498562   0.529023  -0.498562   0.815139 -0.0391378   0.529023 -0.0391378    1.84701
-105    7    0 -527.746  37.3958 -1.37789  0.572785 0.0293306  0.330523 0.0293306  0.490327  0.122094  0.330523  0.122094   4.57456
-107    4    0 -537.039   22.253 -0.69802 1.72109 1.36997 23.3936 1.36997 2.04686 26.6198 23.3936 26.6198 447.484
-90   9   2 -452.77 46.4978 11.1777  4.17535   3.5878 -2.64334   3.5878  4.37154 -1.66891 -2.64334 -1.66891  3.95196
-105    4    0 -527.45 22.1867 -1.1776 1.48317 1.24953 20.7086 1.24953 2.17798 26.4711 20.7086 26.4711 419.957
-106    9    0 -533.408  48.3379  2.69818   1.41756 -0.831031  0.578001 -0.831031   1.55081 -0.473597  0.578001 -0.473597  0.582685
-92   7   0 -462.965  37.8454 0.909186   0.941815   0.394076 -0.0220604   0.394076   0.778866   0.228252 -0.0220604   0.228252   0.269252
-109    3    0 -547.217  16.6858  1.09747  0.538489  0.119503 -0.161339  0.119503  0.895456  0.447731 -0.161339  0.447731   1.28041
-106    7    0 -531.479  37.2486  1.32675     0.797898    -0.157038    -0.114314    -0.157038     0.515257 -0.000256356    -0.114314 -0.000256356      0.16043
-96   9   0 -482.855  47.2522 -3.62402  0.637306  -0.24248  0.165882  -0.24248  0.410673 0.0482072  0.165882 0.0482072  0.547216
-105    3    0 -527.376  16.7773 0.162669  0.492684 0.0820619 0.0969305 0.0820619   1.35423   1.10587 0.0969305   1.10587   2.08901
-90   6   0 -454.605  34.1825  4.07167  113.18 91.5005 70.3526 91.5005 207.158 60.4133 70.3526 60.4133 82.2574
-105    6    2 -527.856  31.8901  12.4939  0.902213  -0.58138  0.411142  -0.58138   1.10017 -0.762932  0.411142 -0.762932   1.34152
-106    3    0 -532.127   17.041 0.307321  0.544957 0.0644751  0.133753 0.0644751   1.33069   1.17017  0.133753   1.17017   2.18484
-99  -4   1 -496.935 -24.7554   9.3784 0.505943  1.46577  1.08631  1.46577  463.467  16.7134  1.08631  16.7134  29.7843
-108    7    0  -542.441   37.1731 -0.416378  0.510143 0.0621953   0.21871 0.0621953  0.539656 -0.249961   0.21871 -0.249961   1.21072
-92   8   0  -462.93  41.0542 -1.34325  0.981605 0.0192106 -0.214037 0.0192106   1.79389 -0.311473 -0.214037 -0.311473  0.258797
-107    3    0 -537.008  16.8962 0.742953   0.437429 -0.0249921 -0.0522668 -0.0249921    1.29067   0.903926 -0.0522668   0.903926     1.5788
-97   8   1 -485.475  41.1999  7.51931     2.1388 -0.0067664   0.388812 -0.0067664    5.27675  -0.168793   0.388812  -0.168793   0.550151
-109    7    0 -547.177  38.2509 0.492272   0.719692 -0.0617582   0.196205 -0.0617582   0.467474  -0.211744   0.196205  -0.211744   0.598894
-108    3    0 -542.404   16.837 0.894561   0.443456 -0.0452805  0.0767093 -0.0452805    1.22553   0.963952  0.0767093   0.963952     1.7309
-99   8   2 -498.662  40.9875  12.0386 230.206 431.721  214.48 431.721 818.246 407.051  214.48 407.051 219.261
-95   1   0 -479.628   9.7319  1.17275  14.3529 -6.98858 -1.35349 -6.98858  23.5056  1.17721 -1.35349  1.17721  1.98945
-98   5   0 -492.784  26.9937 -3.04416  1.29477 0.299053  17.1553 0.299053 0.682108  5.43465  17.1553  5.43465   370.09
-94   7   1 -473.677  36.5359  6.39946  0.588488 -0.240319 -0.388687 -0.240319  0.908041  0.245602 -0.388687  0.245602   1.31955
-91   9   1 -457.41 47.1403  6.8559   0.308307  0.0903486   0.187977  0.0903486   0.667955 -0.0808903   0.187977 -0.0808903   0.624647
-95   8   1 -478.462  42.8466  7.05249  0.894448  0.322576  -0.14961  0.322576  0.703923 -0.182605  -0.14961 -0.182605  0.571767
-105    2    0 -527.227  14.6252 0.549054   5.41218  -4.16163   0.12055  -4.16163   6.11987 -0.463803   0.12055 -0.463803   4.45066
-95   3   0 -477.888  16.7036 -2.47422 0.618998 0.098986 0.437019 0.098986 0.702437 0.448413 0.437019 0.448413  1.03623
-106    2    0   -534.079    10.6791 -0.0630538 93.3101 43.6952  271.05 43.6952  25.728 190.805  271.05 190.805    2596
-105    0    0  -526.159 -0.762741  0.403214   1.55255 -0.627442   2.37702 -0.627442    12.908   52.5487   2.37702   52.5487   237.906
-107    0    0 -536.458  2.76162  1.83621  0.828141 -0.287412 -0.286174 -0.287412   2.40263  0.908796 -0.286174  0.908796   0.85442
-103    6    1 -516.747  34.5056  5.46787  2.37755  0.74602 0.790158  0.74602  6.66249 -1.61922 0.790158 -1.61922  5.48385
-109    0    0 -548.333 0.837159  1.40621   4.0332 0.386297  18.9411 0.386297 0.171243  2.21219  18.9411  2.21219   108.25
-106    5    1 -532.747  28.3609  6.15356  1.17986 0.396492  1.09497 0.396492  1.21856 0.804956  1.09497 0.804956  2.75238
-107    1    0 -536.703  7.70956 0.281827 2.74374 1.40778 28.1649 1.40778 1.52262 21.9756 28.1649 21.9756 526.496
-97   7   2 -487.149  37.3268  11.2096  2.72666  0.45111 0.779453  0.45111 0.836184 0.499192 0.779453 0.499192  1.43962
-107    2    0 -536.498  12.2098 0.247314   3.35564 -0.438201   4.47204 -0.438201   1.01467  -6.57646   4.47204  -6.57646   83.0102
-97   1   0  -487.6 9.62468 1.00192   0.55613  0.431157 -0.308559  0.431157   17.4796  -2.55633 -0.308559  -2.55633   5.23799
-98   1   0 -490.371  9.79819 0.625401 27.1589 2.93305 1.63159 2.93305  44.318 10.4833 1.63159 10.4833 31.0578
-92   8   1 -461.97 43.5929 6.49727 0.788959 0.441785 0.299434 0.441785  1.56779 0.389102 0.299434 0.389102   1.3414
-109    2    0 -547.76 12.8633  1.0062   1.90558 -0.333182   3.54598 -0.333182  0.923186 -0.885324   3.54598 -0.885324   13.0094
-101    3    1 -506.186  15.8094  5.96555   3.80265 -0.499797  -1.44639 -0.499797   2.09458  0.322979  -1.44639  0.322979   3.49106
-108    1    0 -542.624  7.00043 0.651389 1.58207 0.89956 22.2547 0.89956 1.57126 19.8302 22.2547 19.8302 449.734
-108    4    0  -542.442   22.4505 -0.439819 1.67066 1.42815 22.4032 1.42815 2.21682 28.1196 22.4032 28.1196 451.658
-101    8    1 -505.543  41.1116  7.19513    1.96194   0.308588 -0.0993984   0.308588    4.10566   0.205284 -0.0993984   0.205284   0.442837
-101    2    0 -506.66 13.5864 3.45436  1.82278 0.341248 0.262761 0.341248  1.18811 0.521067 0.262761 0.521067  1.74239
-105    9    0 -527.453  48.1132 -1.65895   1.09291 -0.287171   16.8681 -0.287171   0.90049  -8.12406   16.8681  -8.12406   435.304
-109    6    0  -546.809   32.4772 -0.376639 0.794095 0.357636  1.24702 0.357636 0.957705 -4.08458  1.24702 -4.08458  80.0909
-100    5    1 -502.613  29.3233   5.9863   0.854292  -0.339581 -0.0103843  -0.339581    6.26623 -0.0784862 -0.0103843 -0.0784862   0.916596
-105    8    1 -529.102  40.7333  6.88191   4.14789 -0.654722    1.1381 -0.654722   5.69399   3.14593    1.1381   3.14593   5.67565
-91   7  -1 -457.741   38.829 -5.84153 0.652455 0.151285   3.0958 0.151285  1.37533  1.98309   3.0958  1.98309  36.9292
-108    6    0  -542.242   32.4752 -0.689428   1.20391 -0.405333   7.62045 -0.405333  0.894183  -3.45544   7.62045  -3.45544   88.5448
-95   0   0 -476.972 -4.20404  3.41573  167.706  223.148 -52.7686  223.148  540.905 -116.979 -52.7686 -116.979  33.3274
-107    6    1 -536.519   32.446  8.12302  2.19922 0.271772  1.16853 0.271772 0.535196 0.339546  1.16853 0.339546  1.07623
-100    3    1 -503.11 16.1269 6.02562   0.727123   0.386135  0.0258704   0.386135    1.66942 -0.0926845  0.0258704 -0.0926845    2.05174
-107    6    0      -537   32.4896 -0.908577   0.523106 -0.0635709   0.256511 -0.0635709   0.538466  -0.232811   0.256511  -0.232811    4.74765
-100    2    1 -503.381  13.2673   6.0024   1.00657 -0.277698  0.321647 -0.277698   1.09676 -0.371741  0.321647 -0.371741   2.36908
-98   6   1 -493.161    33.76  6.15547   0.47379  -0.30443 -0.013396  -0.30443   1.65576 -0.294563 -0.013396 -0.294563  0.600573
-91   5   1 -459.24 29.6503 6.65075   5.1669 -3.00624 0.871825 -3.00624  28.8425 -1.49208 0.871825 -1.49208  2.32761
-101    6    1 -507.223  32.5784  6.68497  0.567108  0.106519 0.0974278  0.106519  0.593375  0.206412 0.0974278  0.206412  0.928177
-105    6    1 -527.238  32.8318  6.79215     1.40696   -0.441093 -0.00975721   -0.441093    0.640418  0.00105532 -0.00975721  0.00105532    0.714225
-104    9    1 -523.18 47.4856 8.15956   2.09914 -0.846775   2.63976 -0.846775   6.41718  -4.85608   2.63976  -4.85608   5.94579
-96   6   1 -482.07 34.4785 5.73291  0.927922 -0.386964  0.597606 -0.386964   8.14734  -2.64504  0.597606  -2.64504    4.1735
-96   8   0 -482.603  43.0996 -2.17798    0.38801 -0.0659327  0.0687988 -0.0659327   0.473967 -0.0507353  0.0687988 -0.0507353    0.15721
-97   6   1 -489.365  34.3442  5.92522     2.9044 -0.0692997   0.163906 -0.0692997    2.98898  -0.353194   0.163906  -0.353194   0.590323
-106    6    1 -533.202  32.5903  6.81065    0.68084 -0.0853353  -0.113386 -0.0853353   0.622234  -0.344864  -0.113386  -0.344864    1.14739
-95   6   1 -478.267  34.2253  6.09496  0.872456  0.682891 -0.225845  0.682891   3.20651 -0.338455 -0.225845 -0.338455   0.82305
-108    7    2 -541.592  36.9638   13.645  14.6916  25.0185 -27.3241  25.0185  44.5088  -48.304 -27.3241  -48.304  53.0493
-99   2   0 -496.228  14.0669 -1.50049 1.35404 1.21719 2.43584 1.21719    3.98 5.43198 2.43584 5.43198 14.1284
-100    7    1 -502.671  36.7875  6.92605  0.745691 -0.137308  0.285098 -0.137308  0.694065 -0.244681  0.285098 -0.244681  0.687181
-101    6    2 -506.899  33.5639  13.0106     1.9606   0.364266    -1.6952   0.364266    1.42678 -0.0572599    -1.6952 -0.0572599     2.3212
-101    7    1 -506.972  37.4621  6.80718    1.41479  -0.484509  -0.124234  -0.484509    0.71235 -0.0542583  -0.124234 -0.0542583   0.457842
-98   7   2 -493.378  37.9003  10.9657  2.24276  1.13832  2.14408  1.13832  1.05744 0.368656  2.14408 0.368656  6.33588
-105    7    1 -528.081  36.8781  7.37413   2.45647   1.55055 -0.390918   1.55055   1.94982  -1.23622 -0.390918  -1.23622   1.85652
-97   3   0  -487.067   16.3683 -0.660526    0.75805 -0.0373024  -0.208378 -0.0373024    1.05576   0.315322  -0.208378   0.315322   0.459635
-93   7   1 -467.364  38.4697   6.5879   0.624629  -0.167791  0.0223127  -0.167791   0.656191 -0.0768738  0.0223127 -0.0768738   0.637048
-98   7   1 -492.076  37.0603  6.92079      1.30942     0.131863 -0.000217733     0.131863     0.944752     0.100533 -0.000217733     0.100533     0.548401
-95   7   1 -478.076   37.411  6.68131   0.539737 -0.0346616 -0.0251544 -0.0346616   0.519915  -0.323928 -0.0251544  -0.323928   0.825136
