-95  11   2 -479.659  58.4545  12.9706  5.52953  11.5188 -4.04886  11.5188  53.7871 -6.49073 -4.04886 -6.49073  6.10112
-91  10   2 -457.772  53.7892   11.795  62.8052 -31.1721 -14.4505 -31.1721  69.4132  40.6202 -14.4505  40.6202  25.1841
-106   13    2 -530.533  68.1857  11.0781  42.8765 -40.1326 -10.4111 -40.1326  376.484  39.2814 -10.4111  39.2814  6.59767
-96  11   2 -480.662  58.2947  12.0738  7.19718 -4.35147  2.90406 -4.35147  11.6961 -1.05111  2.90406 -1.05111  1.98768
-101   10    2 -508.469  51.1142  12.5131  35.6243 -11.1685  4.08155 -11.1685  23.3395   4.9331  4.08155   4.9331  2.81227
-107   10    2 -536.054  50.5967   10.463  5.53525  13.2189 0.506504  13.2189   46.836  4.91079 0.506504  4.91079    4.739
-99  11   1 -497.796  56.2548  7.49457   1.83495 -0.681761 -0.651827 -0.681761   3.54926  0.350373 -0.651827  0.350373   1.22614
-106   13    1 -530.927  68.3629  7.60077  77.1074 -46.7691 -7.24711 -46.7691  41.6953   4.4841 -7.24711   4.4841  1.22535
-94  16   1 -473.856  82.4672  6.98653  157.182 -358.655  49.6778 -358.655   824.98 -113.366  49.6778 -113.366  18.0987
-105   12    1 -526.187  60.9476  6.98544  188.164 -202.666 -98.2205 -202.666  229.475  101.063 -98.2205  101.063  54.5528
-107   13    1 -536.436  67.6368   7.6673  88.3027 -116.546  6.88632 -116.546  356.827 -18.7321  6.88632 -18.7321  1.39746
-101   11    1 -506.635  57.3683  7.45965  33.7507 -24.8294 -3.92612 -24.8294  41.1575    2.557 -3.92612    2.557  1.04747
-90  14   1 -451.252  74.1592  6.26547  301.433  636.232 -74.1624  636.232  2138.32 -290.754 -74.1624 -290.754   43.368
-95  11   1 -479.06 56.9773 6.77065    2.61575  -0.401673  -0.190538  -0.401673   0.566321 -0.0645199  -0.190538 -0.0645199   0.475648
-98  11   1 -492.006  59.0703  6.51126  228.904 -75.8839  -6.9989 -75.8839  289.506  5.32485  -6.9989  5.32485 0.589556
-94  15   1 -472.813  75.7899  6.22609  21.9747  -19.129 -3.81932  -19.129  229.757  21.0818 -3.81932  21.0818  2.80025
-96  14   1 -481.364  73.5847  8.25982   394.41 -4.78016  53.8174 -4.78016  398.734  34.7225  53.8174  34.7225  10.8948
-101   10    1 -507.573  52.1451   7.1067  9.33597 -17.3228  -2.2069 -17.3228  44.0727  3.79079  -2.2069  3.79079  1.00959
-105   10    1 -525.732  50.7626  7.37648  11.4423 -15.6528 -1.82696 -15.6528  98.2065  11.0474 -1.82696  11.0474   1.7403
-94  10   1 -471.763  52.1985  6.59449   10.6498  -1.66637 -0.874676  -1.66637   11.5714  -0.50107 -0.874676  -0.50107  0.832799
-100   15    1 -501.145  76.7458   6.6527 89.7778  33.685 5.30999  33.685 17.0665 1.57346 5.30999 1.57346  1.2753
-99  13   1 -496.784  67.9872  5.39176  92.5691 -105.919  22.8211 -105.919  122.243 -30.4773  22.8211 -30.4773  40.5063
-96  11   1 -480.832  58.1682  6.58369  31.9775 -3.31746 -1.59079 -3.31746  174.392  1.31482 -1.59079  1.31482 0.707137
-104   10    1 -522.894  53.6068  5.70541   1.456 7.11029  8.6731 7.11029 42.6497 50.8256  8.6731 50.8256 62.6354
-107   10    1 -535.436  51.3512  6.14666  9.26557 0.819368 -1.19511 0.819368  2.39712   2.1679 -1.19511   2.1679  3.30845
-106   10    1 -533.513   50.988  6.78674   1.55362 -0.210042  0.204082 -0.210042   2.42226 -0.180101  0.204082 -0.180101  0.685847
-106   13    0 -530.99 68.6653 3.17361  550.615  -554.14 -19.9947  -554.14  856.158  47.2294 -19.9947  47.2294  4.48258
-106   14    0 -531.557  72.5933  3.14156  9.08323 -10.3404 -1.60122 -10.3404  17.4324 -2.51709 -1.60122 -2.51709  4.03051
-107   13    0 -536.283  67.2949  3.20291  47.7523  10.7848  2.19187  10.7848  7.14776 -1.27051  2.19187 -1.27051   1.3396
-100   15    0 -500.928  76.6701  2.47311  125.151 -138.957 -2.18744 -138.957  308.096   7.0474 -2.18744   7.0474 0.560491
-91  13   1 -459.241  66.2975  6.85295   187.677  -127.544   16.2565  -127.544   195.889 -0.364368   16.2565 -0.364368   2.79893
-106   12    0  -532.575   62.0312 -0.191365 0.916554  1.31893 -12.6985  1.31893   6.1494  -48.957 -12.6985  -48.957  431.138
-102   14    0 -513.066   71.827  1.78686  19.4505  6.19184 -3.85125  6.19184  7.55414 -4.79894 -3.85125 -4.79894  3.20379
-103   13    0  -516.457   65.8127 -0.528298  24.6817 -23.4065  95.4659 -23.4065  27.5862 -68.9828  95.4659 -68.9828  505.011
-108   10    0  -542.623   52.3704 -0.396545  9.39272 -3.74906   58.084 -3.74906  2.10408 -24.9111   58.084 -24.9111  378.516
-104   12    0  -523.162   61.7915 -0.332449   0.548458   0.139471 -0.0109912   0.139471    0.47039  -0.413229 -0.0109912  -0.413229    2.70297
-100   14    0 -501.734  71.3995 -1.01995  2.45441 -1.24242  19.0939 -1.24242  6.60108 -30.3789  19.0939 -30.3789  233.082
-103   12    0  -517.775   62.4426 -0.453429  0.966681 -0.178789  0.421022 -0.178789  0.516258 -0.204294  0.421022 -0.204294   1.06321
-107   10    0 -536.935  51.9128  0.55715   0.622261   0.311251 -0.0850278   0.311251    1.03736    0.22252 -0.0850278    0.22252   0.360972
-99  14   0 -498.177  71.1455 0.417475  6.16031  38.8714 -3.49018  38.8714  260.173 -22.9891 -3.49018 -22.9891  2.33573
-100   13    0  -502.749   68.2416 -0.927602  0.675098 -0.217969  -1.02225 -0.217969   1.03812   3.61986  -1.02225   3.61986   16.8603
-101   13    0  -507.404   66.6001 0.0105203   0.463117  -0.344289    0.13165  -0.344289    1.01011 -0.0682282    0.13165 -0.0682282   0.441895
-105   11    0  -527.551   57.1638 -0.914942  0.496981 -0.248275  0.435954 -0.248275  0.672314  -1.52067  0.435954  -1.52067   15.2874
-91  11   1 -456.865  56.6126   7.0068    3.5004  0.208779  0.743805  0.208779   1.29088 0.0332183  0.743805 0.0332183  0.693471
-106   10    0 -532.832  52.1545  1.70774  1.36009 0.189773  0.59412 0.189773 0.782285 0.192387  0.59412 0.192387 0.391976
-102   12    0  -512.646   61.5582 -0.772172  0.549255 -0.203384 -0.072517 -0.203384  0.837811 0.0611932 -0.072517 0.0611932  0.471747
-97  16   0  -486.88  82.2298 -1.48647  72.5866  5.07751  64.7494  5.07751  8.20138 -35.9048  64.7494 -35.9048  277.738
-99  13   0 -496.086   67.901 0.996961    1.9853 -0.784837 0.0637339 -0.784837   1.00276 -0.305645 0.0637339 -0.305645   0.26677
-104   11    0 -522.511  57.3714 -1.07448   0.453385 -0.0396006 -0.0454823 -0.0396006   0.544211 -0.0841393 -0.0454823 -0.0841393   0.950142
-105   10    0 -526.279  51.5901 0.662272   1.71883  0.493367 -0.180129  0.493367   1.28121   0.13972 -0.180129   0.13972  0.280533
-103   11    0 -517.586  57.2253 -1.14596    0.588219 -0.00561747  -0.0537813 -0.00561747    0.660321    -0.16588  -0.0537813    -0.16588    0.548983
-100   11    0  -502.507   58.0873 -0.986039   0.485715 0.00032449    0.11049 0.00032449   0.688007    0.17406    0.11049    0.17406   0.278575
-101   11    0   -507.41   57.8284 0.0701565  0.854185 0.0391396 -0.163355 0.0391396   1.00445  0.162162 -0.163355  0.162162  0.214785
-92  14   1 -460.415  73.7778  6.96846    226.32  -81.8855  0.702236  -81.8855   351.361 -0.744993  0.702236 -0.744993  0.394799
-102   11    0  -512.448   57.7984 -0.949094   0.507835 -0.0621501  0.0448699 -0.0621501   0.404345 0.00741976  0.0448699 0.00741976   0.355775
-109   10    1 -547.722  50.5711  7.59513  163.744 -138.779 -9.45997 -138.779  201.026  12.0646 -9.45997  12.0646  1.22619
-98  15   0  -491.238   76.9341 -0.390618    1.15499 -0.0439764   0.184735 -0.0439764   0.282454  0.0189062   0.184735  0.0189062   0.142567
-98  13   0 -492.604  66.6454  1.77858   10.9901    3.4319  -1.38506    3.4319   2.57453 -0.406595  -1.38506 -0.406595  0.316147
-99  11   0   -497.64   57.6438 -0.361823    0.778253   0.0527996 -0.00425632   0.0527996    0.361014   0.0462383 -0.00425632   0.0462383    0.241679
-99  12   0 -497.318  61.6609 -1.39619   0.722719   0.340011  0.0306971   0.340011   0.838707 -0.0928628  0.0306971 -0.0928628   0.305432
-98  13   1 -492.252  66.7778  7.34661  114.393 -67.8174 0.995035 -67.8174  484.721 -4.87282 0.995035 -4.87282 0.546771
-104   10    0  -522.365   53.1487 -0.451605    0.58508   0.146153 -0.0390208   0.146153     0.5752 -0.0884312 -0.0390208 -0.0884312   0.223495
-97  14   0  -486.08  71.5308 -1.84289  0.627707 -0.075998 -0.588361 -0.075998  0.608106  0.586551 -0.588361  0.586551   2.34439
-100   10    0 -501.836  53.3532 -2.06941   0.477262 -0.0695598  -0.263399 -0.0695598   0.537621   0.402221  -0.263399   0.402221    2.42718
-102   10    0 -512.644  53.1257 -1.75549   0.497041 -0.0724754 -0.0412877 -0.0724754   0.453787  -0.179449 -0.0412877  -0.179449   0.547231
-103   10    0 -517.278  52.4494 -1.88164   0.471532 -0.0692207   0.108526 -0.0692207     0.4924  -0.335204   0.108526  -0.335204   0.829981
-90  10   2 -452.246   51.865  11.7093  6.19772  12.1987 -1.61434  12.1987  48.1708  8.19436 -1.61434  8.19436  6.77079
-101   10    0   -508.04   52.4174 0.0124573    1.05843  -0.155913 0.00381786  -0.155913   0.888807  0.0229438 0.00381786  0.0229438   0.166979
-98  12   0  -491.94  62.3324 -2.32088   0.485539  0.0173053 -0.0939609  0.0173053   0.570656  -0.587992 -0.0939609  -0.587992    10.5091
-91  15   0  -457.24   77.082 0.867747 78.0101 72.5829 3.59256 72.5829 88.7773 2.60259 3.59256 2.60259 0.34869
-91  10   1 -455.662  54.1832  8.66397  65.4514  8.29919 -24.5922  8.29919  2.26078   -3.154 -24.5922   -3.154  10.9868
-96  15   0 -483.542  77.3347 -2.43284  10.5751  2.52747  17.5083  2.52747  4.06876 -13.0233  17.5083 -13.0233  118.754
-96  14   0 -480.816  73.5768 0.454804    1.62347   -1.07433  -0.320608   -1.07433    1.85276 0.00963883  -0.320608 0.00963883   0.297461
-97  13   0 -486.717  67.4321 -2.81714  3.39989 -2.44164  24.8142 -2.44164  2.41848 -24.0175  24.8142 -24.0175  316.262
-98  11   0    -491.5   57.8869 -0.928452   1.45126  0.282898 0.0753982  0.282898  0.726517 -0.142688 0.0753982 -0.142688  0.220217
-94  16   0 -474.239  81.8524 0.743901  95.8033 -28.4945 -1.49631 -28.4945  10.8391 0.410123 -1.49631 0.410123 0.130939
-95  15   0 -477.965  76.7431 -2.96986  6.19329  9.04721 -1.94977  9.04721  14.2654 -5.05206 -1.94977 -5.05206  12.8725
-107   11    0  -538.332   58.0788 -0.311315  3.21157 -2.03257  27.9682 -2.03257  4.16825 -35.8812  27.9682 -35.8812  384.594
-97  12   0  -488.03   61.365 -1.89201    1.05692  -0.380892 0.00810876  -0.380892   0.692546  0.0815004 0.00810876  0.0815004   0.256671
-98  10   0 -492.654  52.8677 -2.34896  0.949905 -0.214435 -0.105492 -0.214435  0.750539 -0.192131 -0.105492 -0.192131  0.538256
-94  15   0 -473.434  75.8684 0.795216  28.0186 -2.04044 -4.33201 -2.04044  4.46382 0.436106 -4.33201 0.436106 0.791209
-96  13   0 -482.566   66.864 -3.12505   1.02328  0.366929   2.37712  0.366929  0.792233 -0.477442   2.37712 -0.477442   15.0683
-97  11   0 -487.796  57.7576 -2.99468  0.475329  0.026035  0.190638  0.026035  0.416067 0.0163047  0.190638 0.0163047  0.578082
-96  12   0 -481.772  62.4491 -3.08517  0.773642  -0.14515 -0.080505  -0.14515  0.539638  0.316796 -0.080505  0.316796   1.76761
-91  11   2 -456.783  57.0902  10.8895  2.63305 -2.02387  1.24989 -2.02387  2.22544 -1.32304  1.24989 -1.32304  1.82897
-90  15   0 -452.47 76.4329 -3.8383   8.0008 -18.3793  52.9557 -18.3793  55.1286 -171.497  52.9557 -171.497  564.529
-97  10   0 -487.469  51.4247 -2.71252   0.564928 -0.0604545   0.148267 -0.0604545   0.767372   0.250811   0.148267   0.250811   0.502432
-95  14   0  -477.59  72.9022 -3.31105  2.02953 -1.08314   6.1527 -1.08314  1.48298 -4.48863   6.1527 -4.48863  24.1038
-94  14   0 -472.109  71.7426 -4.06925    1.3563 -0.523135    6.1083 -0.523135  0.902912  -4.76568    6.1083  -4.76568   47.0577
-101   12    0   -507.63   61.7998 -0.886083  5.34276   2.2395 -2.83487   2.2395  1.37338 -1.29836 -2.83487 -1.29836   2.2941
-95  13   0 -476.909  67.8174 -3.38192   0.508242   0.273202 -0.0631472   0.273202    1.10704   0.130893 -0.0631472   0.130893   0.667642
-96  11   0  -481.403   58.0449 -0.263511   2.23182 -0.484175 -0.167206 -0.484175    4.7772 0.0215283 -0.167206 0.0215283  0.128087
-96  10   0 -482.307  52.9533 -3.53635   0.543863 -0.0997792   0.027585 -0.0997792   0.506963 -0.0853232   0.027585 -0.0853232   0.548646
-109   10    0 -547.319   51.106  2.50018  3.15967 -1.06613 0.992312 -1.06613  1.94845 0.123103 0.992312 0.123103 0.780381
-92  14   0  -460.712   73.2285 -0.238475    2.61588   -1.90551 -0.0346904   -1.90551     4.4286  -0.470542 -0.0346904  -0.470542   0.185415
-106   11    0  -530.961   56.2245 -0.983167  6.35094 -6.91198  53.6599 -6.91198  16.5844 -109.421  53.6599 -109.421  772.047
-91  14   0  -456.82  72.5896 -3.87426   0.395568 -0.0470533   0.267784 -0.0470533   0.909444  -0.205269   0.267784  -0.205269   0.637224
-95  12   0 -477.812  62.7057 -3.26835  0.665475 0.0182546  0.182767 0.0182546  0.565866 -0.199973  0.182767 -0.199973    0.3654
-93  14   0 -467.254    72.33  -2.7442   0.516471 -0.0505683 -0.0956813 -0.0505683    1.07688   0.342315 -0.0956813   0.342315   0.271625
-99  10   0 -497.256  52.2557 -1.10849  0.460231  0.057079 0.0315946  0.057079  0.467509 0.0143347 0.0315946 0.0143347  0.203692
-90  14   0 -451.978  73.3129 -1.63753   0.819487 -0.0392716  -0.139899 -0.0392716    2.55023  -0.273772  -0.139899  -0.273772   0.146794
-95  11   0 -477.178  57.0638 -2.04108    0.431265  -0.0983553 -0.00782522  -0.0983553    0.759318    0.112212 -0.00782522    0.112212    0.145664
-93  13   0 -467.723   67.371 -3.76081  0.769996  0.574879 -0.356607  0.574879   2.57073  0.500829 -0.356607  0.500829  0.776073
-90  13   0 -452.791   67.137  -2.5869   0.616735  -0.213793    0.13434  -0.213793   0.758262 -0.0670666    0.13434 -0.0670666   0.186193
-91  13   0  -458.581   66.4421 -0.843303   3.46093  0.762606  0.318162  0.762606   1.26866 0.0524594  0.318162 0.0524594  0.126311
-92  13   0 -462.694  66.7867 -3.20183    1.1082 -0.895537 -0.251102 -0.895537   1.36385   0.19816 -0.251102   0.19816  0.229402
-94  12   0   -471.9  62.2029 -2.69693    0.61488 -0.0973663  -0.120569 -0.0973663    0.94637  -0.131372  -0.120569  -0.131372   0.175535
-90  12   0 -451.968  63.1775 -3.42666    17.6078    18.5102  -0.432642    18.5102    20.8969 -0.0490878  -0.432642 -0.0490878   0.386086
-91  12   0 -457.214  63.7839 -2.65816  0.516993 0.0269736 0.0357188 0.0269736  0.702613 0.0573112 0.0357188 0.0573112  0.123496
-92  12   0  -461.58  62.1036 -2.24815   0.828106 -0.0720445 -0.0343031 -0.0720445   0.467108   0.075401 -0.0343031   0.075401   0.109803
-93  12   0 -467.44 62.3402 -4.8351  0.558071 -0.308231   1.48011 -0.308231    1.0042  -2.98822   1.48011  -2.98822   70.2011
-90  11   0 -453.612  57.9283 -3.06036    1.08411  -0.297318   0.108804  -0.297318   0.391282 -0.0393919   0.108804 -0.0393919   0.400464
-91  11   0  -456.717   57.0553 -0.157624    1.4986  0.323872 -0.017283  0.323872   2.15169  0.036062 -0.017283  0.036062  0.108276
-92  11   0 -460.959  57.6718 -1.18195 0.933044 0.181647 0.117921 0.181647 0.561253 0.104034 0.117921 0.104034 0.114041
-93  11   0  -467.03  55.8079 -2.67962 0.611546 0.644268 0.214091 0.644268  3.19757 0.275095 0.214091 0.275095 0.253219
-92  10   0 -461.234  53.0019 -1.43366   2.15276   3.86092 -0.127855   3.86092   9.12708 -0.207167 -0.127855 -0.207167  0.155009
-94  10   0 -472.934  52.8201 -2.35283    1.3208  -0.18985 -0.214764  -0.18985   5.67511  0.800999 -0.214764  0.800999  0.249879
-91  10   0 -455.842  52.4617 -2.36837   5.99846  -1.62425 -0.246525  -1.62425   3.76506 -0.167694 -0.246525 -0.167694  0.264463
-105   12    0 -526.874  61.5963  1.60398   1.12541  0.351345 -0.615898  0.351345   2.40472 0.0992922 -0.615898 0.0992922  0.650988
-93  10   0 -466.383  53.7758 -4.02159    2.46873 -0.0947997  -0.519883 -0.0947997    1.22978   -0.41439  -0.519883   -0.41439   0.715333
-90  10   0 -451.978  52.5797 -1.76521  0.886758 0.0644651 -0.018537 0.0644651  0.377136 0.0199805 -0.018537 0.0199805  0.164324
-95  10   0 -477.493  52.7914 -4.46227  0.549891 -0.209697  0.309704 -0.209697   0.97949 -0.383024  0.309704 -0.383024   1.57688
-94  11  -1 -470.684  57.1655 -5.05081   14.756 -4.68472  89.7386 -4.68472  3.08731 -41.0505  89.7386 -41.0505  1219.98
-95  10  -1 -475.428  51.0327  -5.0445  23.9782 -8.13598  136.285 -8.13598  4.67205 -61.1912  136.285 -61.1912  1502.55
-91  12  -1 -457.981  61.6838 -5.10964  0.411894 -0.146729   1.74255 -0.146729   2.27054  -20.8986   1.74255  -20.8986   399.213
-108   11    0   -542.323    57.5439 -0.0731155  4.21852 -4.15218  42.3586 -4.15218   5.3153 -49.3725  42.3586 -49.3725  562.787
-94  13   0 -471.995  67.5791 -3.51237   0.726699  -0.471346 -0.0637402  -0.471346    1.00416  -0.116145 -0.0637402  -0.116145   0.365348
-92  12  -1 -462.669  61.2002 -5.10105 0.771814 -0.47675  5.78889 -0.47675  2.39778 -22.7996  5.78889 -22.7996  509.521
-93  11  -1 -467.552  57.7168 -5.22672  0.960377 -0.549764   10.5291 -0.549764  0.866354  -9.52144   10.5291  -9.52144   249.188
-90  12  -1 -452.423  62.2581 -5.20068  1.22551 -1.48282   18.574 -1.48282  3.92326 -34.8643   18.574 -34.8643   444.96
-91  11  -1  -457.44  56.8478 -5.37755 0.604007 0.339323 -2.53523 0.339323  1.52322  -9.3462 -2.53523  -9.3462  108.991
-92  11  -1  -462.22  57.3797 -5.38125  0.581428  0.123778 -0.092386  0.123778   1.54225  -16.3925 -0.092386  -16.3925   241.052
-100   12    0  -502.461   62.5644 -0.919354   5.9804 -9.73053 -0.54912 -9.73053  17.4346  1.36358 -0.54912  1.36358 0.689207
-94  10  -1 -472.165  52.0571 -5.25972  1.60512 -1.61976  11.4358 -1.61976  2.81601 -14.4843  11.4358 -14.4843  130.923
-93  12  -1 -466.873  60.6152  -5.0643  0.464665 -0.842091  0.581938 -0.842091   11.2658  -20.7779  0.581938  -20.7779   395.329
-90  11  -1  -452.41  57.1965 -5.58726  1.63456 -1.48818  18.0429 -1.48818  2.18535 -22.0005  18.0429 -22.0005  288.256
-93  10  -1 -467.357  52.3159 -5.49081 0.531998 -0.25347  2.10862 -0.25347  1.78951 -8.38088  2.10862 -8.38088  60.0098
-92  10  -1 -462.815  52.4025 -5.73254   0.481576 -0.0430031    1.12449 -0.0430031   0.770356   -4.74944    1.12449   -4.74944    71.1329
-105   10    2 -525.674  50.2818  11.9508  2.98151  2.12264 0.588707  2.12264  21.3352   2.7296 0.588707   2.7296  1.59063
-94  11   0 -472.322  57.6584 -4.57375  0.731225 0.0432092 -0.470429 0.0432092  0.553452  0.149276 -0.470429  0.149276    3.0489
-91  10  -1 -457.674  52.6118 -5.76284   0.488401 -0.0137969  -0.262967 -0.0137969   0.902703   -6.27248  -0.262967   -6.27248    79.0783
-90  10  -1 -452.549  52.1651 -5.88477  0.498948  0.062596  0.231274  0.062596  0.502182 -0.904072  0.231274 -0.904072   16.6737
