-118    1    2 -590.87 7.15845  12.291    2.00731 -0.0621669  -0.682489 -0.0621669    0.48696   0.223644  -0.682489   0.223644    2.80656
-111    8    2  -559.2 43.7279 11.7137  400.542 -128.498  32.0427 -128.498  186.557 -6.50302  32.0427 -6.50302  3.26354
-114    1    2 -574.435  7.02742  11.4228  5.74369 -1.95325 0.417973 -1.95325  2.74365 0.115405 0.417973 0.115405  1.01202
-110    9    2 -554.759  49.0805  11.6542  835.146 -145.092 -90.8663 -145.092  907.615  232.431 -90.8663  232.431  64.2241
-110    6    2 -553.717  31.9723  11.5633  0.645388  0.217439 -0.237273  0.217439  0.968922 -0.172731 -0.237273 -0.172731   1.27015
-115    1    2 -575.819  6.89227  11.6092   1.99603  0.245137  -0.32002  0.245137  0.757017 0.0807066  -0.32002 0.0807066   1.50935
-114    1    1 -574.112  7.09787  9.63435  996.256  743.603  -419.47  743.603  638.845 -226.599  -419.47 -226.599  272.047
-115    1    1 -576.248  7.23236  9.22547  1.62733 0.541689   2.3859 0.541689  2.02145  5.03274   2.3859  5.03274  21.1243
-114    7    1 -571.009  39.4964  8.47998  17.4143 -20.9021 -21.5487 -20.9021  49.5861  29.8204 -21.5487  29.8204  29.4959
-112    7    1 -561.129     37.1  7.76815  3.58575 0.598262 -1.28627 0.598262 0.517952 0.159168 -1.28627 0.159168  2.06573
-113    9    2 -569.171  47.0533  11.7506  284.998 -179.885 -19.5344 -179.885  314.936 -13.5817 -19.5344 -13.5817  5.17194
-112    5    1  -560.9 28.8956 7.45086 193.866 21.5263 26.5911 21.5263 5.30547 4.05675 26.5911 4.05675 4.66602
-111    5    1 -557.06 28.9445 8.59015 0.615962 -2.49619 -0.94663 -2.49619  135.681  57.0987 -0.94663  57.0987  24.4282
-113    9    1 -569.72 46.8796 7.74193  212.986 -146.202  -35.264 -146.202  226.099  29.2796  -35.264  29.2796  7.00135
-111    6    2 -557.374  32.7518  11.6168   0.409176 -0.0534369  -0.110357 -0.0534369   0.848202  -0.487701  -0.110357  -0.487701   0.714174
-114    2    1 -572.697  14.3219  6.51135  8.63005  16.3698 -5.29991  16.3698  44.5672  -9.1401 -5.29991  -9.1401   4.2038
-110    0    0 -550.269   1.7205  1.77022 86.2628 -7.1951 2.89377 -7.1951 1.08152 4.96824 2.89377 4.96824 69.1501
-113    7    0 -566.715  36.9637  1.67846  6.25447 -12.7189  48.9681 -12.7189  28.6225 -108.989  48.9681 -108.989  469.212
-111    8    0 -559.041  43.6915  2.47059   4.92857   -1.9744   1.68373   -1.9744   2.34973 -0.830013   1.68373 -0.830013   1.09323
-111    5    0 -557.642  27.0666 0.132857 0.984375 0.362142  6.91182 0.362142  2.05747 0.864093  6.91182 0.864093  90.6621
-110    9    0 -550.769   47.301   2.5836  0.631032  0.671428 0.0709577  0.671428   2.64737  0.720651 0.0709577  0.720651  0.707612
-113    8    0 -567.328  42.9655  3.89348  0.808311 -0.162769 -0.169662 -0.162769  0.665657  0.700403 -0.169662  0.700403   2.61509
-111    7    2 -558.27 36.0621  11.881   9.50134   2.28686  -5.62452   2.28686   2.97622 -0.648155  -5.62452 -0.648155   4.07135
-110    7    0 -552.639  37.1891 0.296795  0.723106 -0.112558  0.407425 -0.112558   0.54742 0.0559021  0.407425 0.0559021   1.42449
-114    5    0 -572.054  29.4318 0.871947  10.508 6.44582 138.928 6.44582 28.1945 91.9498 138.928 91.9498 6566.28
-110    7    1 -554.525  36.0637  6.71493   9.28704  0.386441 -0.589915  0.386441    2.6552  0.386521 -0.589915  0.386521  0.602554
-112    7    0 -561.632  37.3885  1.52391   0.412932   0.117615 -0.0572109   0.117615   0.515276  0.0229439 -0.0572109  0.0229439    1.24381
-111    6    1 -556.994  33.6904  7.36614    0.399705 -0.00581614  -0.0579995 -0.00581614    0.724182   0.0897155  -0.0579995   0.0897155    0.457835
-113    6    0 -568.264  32.9597 0.999318  2.21897 -2.92491  15.2549 -2.92491  5.60663 -32.3876  15.2549 -32.3876  207.463
-110    5    0  -552.109   27.0572 -0.139773   2.7762  -1.1679  24.7669  -1.1679  1.05277 -10.2926  24.7669 -10.2926  441.597
-111    5    2 -558.909  28.9469  10.9834  28.288 41.4268 19.3205 41.4268 63.1822 28.3296 19.3205 28.3296  14.435
-110    6    0   -552.313    32.8011 -0.0626754  1.99981 -1.05627  25.9533 -1.05627  1.25826 -17.6021  25.9533 -17.6021  430.334
-110    4    0   -551.765      23.38 -0.0396937 2.11332 1.60544 25.6104 1.60544 2.75379 33.3532 25.6104 33.3532 502.326
-114    7    2 -570.933  37.4858  10.9968  60.9101 -13.3571 -32.1311 -13.3571  15.3126  10.7956 -32.1311  10.7956  19.0924
-111    8    1 -559.362  43.8462  6.84667  265.788 -123.991 -12.6126 -123.991   138.19   7.4015 -12.6126   7.4015  1.03809
-110    9    1 -551.023   46.448  6.83675    0.4836  0.142144 0.0604701  0.142144  0.924152 -0.269334 0.0604701 -0.269334   1.23751
-110    3    0 -552.465  17.2367  1.19887 0.415616 0.171619 0.161182 0.171619  1.82004  1.14344 0.161182  1.14344  1.77011
-111    9    0 -558.39  48.018  2.5623  0.614959  0.311431 -0.109372  0.311431  0.763924 -0.433518 -0.109372 -0.433518   1.10679
-112    8    0 -561.54 41.6193 2.41778   0.511522   0.152444 -0.0507221   0.152444   0.976841   0.124487 -0.0507221   0.124487   0.879468
-111    7    0 -557.655  36.9396  2.68434 0.782316 0.633927  0.12919 0.633927  1.12971 0.210145  0.12919 0.210145 0.422626
-113    8    1 -566.625  43.2223  7.44914   1.74503 -0.289776 -0.178809 -0.289776   0.91444 -0.214955 -0.178809 -0.214955  0.440406
-112    2    0 -560.792  13.8545  3.06704  14.6108 -15.2371  1.43384 -15.2371  23.3307 -1.73082  1.43384 -1.73082  1.87893
-110    8    0  -552.55  41.4296 0.592165     0.61516   0.0137983   -0.355925   0.0137983     1.26128 -0.00798177   -0.355925 -0.00798177    0.871132
-112    6    1 -561.41 32.4625 6.38629  1.42825 0.440706  1.55549 0.440706  2.40049  5.99165  1.55549  5.99165  18.9162
-112    6    0 -561.491  31.9173 0.470052  1.41823 -1.12327  13.6821 -1.12327  3.22904 -23.5515  13.6821 -23.5515  225.736
-111    0    0 -559.582  3.12889  4.04373   21.0096   3.94567   2.97735   3.94567   1.19627 -0.409746   2.97735 -0.409746   8.83022
-113    9    0  -567.7 47.9574 3.56873  12.5017 -6.35967  56.3113 -6.35967  5.21294 -33.1191  56.3113 -33.1191  268.792
-114    8    0  -571.7 41.5224 3.84719   0.729932  0.0699534  -0.592414  0.0699534     1.6264 -0.0459795  -0.592414 -0.0459795    5.03126
-111    1    0 -559.856  6.12322  3.95501  1405.59   74.667  -221.86   74.667  7.81284 -7.10554  -221.86 -7.10554  71.9794
-114    8    1 -570.748  40.5914  6.40718  120.932 -49.6611 -35.2816 -49.6611  58.3045  25.5689 -35.2816  25.5689  14.4143
-114    9    0 -571.806  47.2585  4.41221  0.526131 -0.192237   1.81324 -0.192237  0.984071  -1.52455   1.81324  -1.52455   17.9783
-111    9    1 -558.756   48.694  7.58455 35.5181 48.5352 6.53212 48.5352    67.7 8.77568 6.53212 8.77568 2.23738
-111    7    1 -559.096  36.9434  7.60177  2.46311 0.655089 0.101596 0.655089  2.05498  0.25946 0.101596  0.25946 0.515599
-112    6    2 -560.447  32.6502  10.8648   17.6231   1.20482 -0.419797   1.20482  0.477567 -0.239702 -0.419797 -0.239702  0.433538
-110    6    1 -553.608  33.9344   7.2107  13.4872 -12.8486  -14.919 -12.8486  15.8094  16.3119  -14.919  16.3119  18.0859
-111    6    0 -557.475  32.6221 0.509802  0.696615 -0.341889 -0.256688 -0.341889   0.66552  0.140537 -0.256688  0.140537   1.10832
-112    5    0 -562.944  27.8686 0.443361   3.58639 -0.119436   34.3621 -0.119436   1.63704   14.8694   34.3621   14.8694   1262.02
-114    3    1 -571.689  16.4496   7.2267  41.0923  102.768 -14.0903  102.768  263.688 -37.2462 -14.0903 -37.2462  5.86278
-113    7    1 -568.801   38.419   5.7769   6.06269 0.0635552  -7.31778 0.0635552   2.44373   3.93423  -7.31778   3.93423   24.0242
