-112   12    1 -564.869   61.125  5.97721  351.872 -98.9771 -13.0476 -98.9771  126.329  1.05421 -13.0476  1.05421  5.75663
-110   11    1 -550.568  56.2641  7.27133  44.0845 -36.6171 -6.55337 -36.6171  80.1401  10.9495 -6.55337  10.9495  2.06878
-113   11    1 -566.247   59.586  7.16728  152.807 -41.8269 -9.49735 -41.8269  41.3646   3.7169 -9.49735   3.7169 0.800079
-114   10    1 -571.69 52.2663 5.09234  21.3084 -15.3957  12.9067 -15.3957  11.4236 -7.10947  12.9067 -7.10947  174.344
-111   10    1 -559.827  50.9764  7.26507  225.479 -86.5027   11.585 -86.5027  109.124  -12.139   11.585  -12.139  1.65023
-110   10    1 -554.587  50.3226  5.80545  408.143   -609.3 -73.6123   -609.3  1557.05  215.604 -73.6123  215.604   32.442
-113   11    0 -566.793  57.0797  4.44684  31.3986 -34.6365  144.876 -34.6365  57.4423 -171.002  144.876 -171.002  688.833
-112   12    0 -561.401  62.5367  4.02726  10.0681 -5.89294  48.1844 -5.89294  4.08097 -30.4748  48.1844 -30.4748  245.215
-112   11    0 -562.733  57.2759  3.57272  8.76014 -6.69478  39.6779 -6.69478  5.47984 -30.5176  39.6779 -30.5176  204.731
-112   10    0 -563.477  53.7855  3.35972    2.877 -1.16448   16.931 -1.16448  3.03412  22.8335   16.931  22.8335  802.489
-111   12    0 -559.289  62.9025  3.66373  35.1327 -21.3868  143.616 -21.3868   16.006 -99.0802  143.616 -99.0802  647.824
-110   12    0 -553.618  62.4441  2.78696  10.1496 -2.42621 -15.4778 -2.42621  1.39929  5.14289 -15.4778  5.14289  37.0084
-111   11    0 -557.566  58.4177  2.63912  8.79666  -5.6054  37.5479  -5.6054  5.03156 -26.0755  37.5479 -26.0755  166.036
-111   10    0 -557.704  51.7661  2.62779  1.06123 0.065936  1.45068 0.065936 0.655013 0.385089  1.45068 0.385089  2.76626
-113   10    0 -567.276  51.3906  3.89505  46.0125 -18.6701  193.104 -18.6701  9.75604 -82.8196  193.104 -82.8196   834.72
-110   11    0 -551.044  56.8722  2.54557   1.39835 -0.514972 -0.478042 -0.514972   1.25443  0.463154 -0.478042  0.463154  0.838579
-110   10    0 -553.659  51.4975  2.30087  1.60858 0.184604 0.904565 0.184604 0.810021 0.433598 0.904565 0.433598  1.05142
