-20  65  -3 -20.3211  65.4925 -3.51581  1712.36 -2634.13  275.683 -2634.13  4474.26 -396.311  275.683 -396.311  52.7851
 0 53 -4 -0.949193   53.3372  -4.30326  1213.36 -39.1089 -361.258 -39.1089  18.6014  44.1876 -361.258  44.1876  241.818
-1 53 -4 -1.09822  53.1757 -4.41917  1476.39  831.907 -732.026  831.907  848.084 -992.658 -732.026 -992.658  1495.67
 6 57 -4  6.70015  57.8462 -4.48557  113.306 -62.3817 -80.1537 -62.3817  194.523  45.1809 -80.1537  45.1809   86.527
 2 60 -4 2.52013 60.2882 -4.7067 88.3289 47.4414 63.2578 47.4414 56.9869 45.5345 63.2578 45.5345 173.356
 0 52 -4 -0.264223   52.5351  -4.49765  573.739  933.696 -157.546  933.696  1539.48  -247.46 -157.546  -247.46  68.5425
 3 50 -4  3.69947  50.4606 -4.55297  74.6895  65.7521 -5.21319  65.7521  151.994  -68.003 -5.21319  -68.003  59.6902
 1 51 -4  1.52403  51.3966 -4.82507 394.903 433.742 175.402 433.742 655.353 79.1556 175.402 79.1556 166.197
-11  67  -5 -11.5437  67.5218  -5.3055  2959.94 -1757.56  117.897 -1757.56  1093.97   559.74  117.897   559.74  11393.5
-7 56 -5  -7.4352  56.8011 -5.36184  341.935 -688.811 -1258.45 -688.811  1553.55  2851.42 -1258.45  2851.42  30057.5
-12  64  -5 -12.6341  64.4514 -5.45883  37.8087  -14.737 -152.634  -14.737  115.645 -596.257 -152.634 -596.257  6370.61
-14  64  -5 -14.4038  64.3251 -5.47875   32.132   1.6049 -289.508   1.6049  238.506 -715.607 -289.508 -715.607  29065.4
-13  64  -5 -13.4854  64.3884 -5.47624  13.5698  2.84114  20.3785  2.84114  95.2495 -551.715  20.3785 -551.715  10295.1
