-146 -158    9 -146.593 -158.471  9.36367  608.522 -965.315 -17.1192 -965.315  2202.49 -92.7295 -17.1192 -92.7295  167.447
-139 -155    9  -139.49 -155.346  9.29921  1073.84 -1333.64   617.58 -1333.64  1698.16 -719.378   617.58 -719.378  443.169
-148 -163    9 -148.447 -163.312  9.20897  28.9143 -79.5361  11.0863 -79.5361  319.941 -85.1294  11.0863 -85.1294  64.2351
-141 -157    8 -141.273 -157.697  8.31945  376.976 -185.858  -99.542 -185.858  119.405  38.8013  -99.542  38.8013  92.7535
-144 -156    7 -144.319 -156.832  7.84511  1820.88 -1339.21  13.1475 -1339.21  1083.69 -200.835  13.1475 -200.835  573.661
-141 -159    7 -141.595 -159.834  7.82277  93.0004 -141.654 -134.279 -141.654  289.311  215.264 -134.279  215.264   371.43
-146 -152    7 -146.253  -152.68  7.45618  233.589 -191.282  167.982 -191.282  227.875 -188.021  167.982 -188.021  328.256
-146 -153    7 -146.419 -153.476  7.36973  4265.49  -91.381 -3920.84  -91.381  10.3397  72.7996 -3920.84  72.7996  4064.97
-146 -154    7 -146.401 -154.212  7.43286  839.691  145.895  68.2767  145.895  86.5572 -6.42912  68.2767 -6.42912  22.6953
-141 -152    6 -141.394 -152.437  6.80455  39.3891 0.807762  29.4157 0.807762  8.49467  -15.774  29.4157  -15.774  113.279
-146 -154    6 -146.322 -154.818   6.7846  388.887  128.742 -93.9319  128.742   427.28 -310.046 -93.9319 -310.046  288.234
-148 -159    6 -148.154 -159.315  6.63786  798.903  1444.58 -127.429  1444.58  10967.8 -3554.86 -127.429 -3554.86  1399.34
-141 -157    6 -141.667 -157.374  6.60817  3768.17  381.224 -1061.37  381.224  1500.64 -1561.65 -1061.37 -1561.65  1754.76
-141 -158    6 -141.708 -158.153  6.43166 8296.21 14051.1 7957.05 14051.1 25174.8   13712 7957.05   13712 7733.54
-134 -156    6  -134.54 -156.624  6.41346  166.147 -418.425  116.181 -418.425  1344.19 -480.701  116.181 -480.701  213.461
-146 -155    6  -146.43 -155.297   6.5691  1309.56 -1222.36  1160.44 -1222.36  1220.48 -1136.97  1160.44 -1136.97  1070.14
-147 -159    6 -147.731 -159.245  6.24389  538.752 -1110.11 -78.2789 -1110.11  2773.45  258.339 -78.2789  258.339  59.1145
-146 -163    6 -146.577 -163.196   6.3241 587.573 92.0066 346.648 92.0066 829.808 345.644 346.648 345.644 323.074
-146 -155    5 -146.418 -155.899  5.87441  271.229  166.202    92.01  166.202  7800.86 -6659.57    92.01 -6659.57  5965.49
-145 -158    5 -145.202 -158.434    5.581  31.0769 -44.6853  7.79712 -44.6853  1039.49 -92.1443  7.79712 -92.1443  49.0021
-146 -156    5  -146.22 -156.226  5.54161  329.761 -747.268  866.327 -747.268  2489.56 -2674.95  866.327 -2674.95   2924.5
-140 -154    5 -140.783 -154.444  5.53846  73.9166  69.0525 -111.356  69.0525   105.45 -138.242 -111.356 -138.242  222.001
-146 -158    5 -146.732  -158.77  5.24276  556.621 -836.095  220.144 -836.095  1446.39 -276.119  220.144 -276.119  132.955
-146 -158    4 -146.139 -158.665  4.64507  168.542  -9.2016  27.7292  -9.2016  365.091 -80.7655  27.7292 -80.7655  44.9325
-145 -150    4 -145.813 -150.416  4.47268  3234.14 -333.086  2119.23 -333.086  66.9885 -208.532  2119.23 -208.532  1410.79
-140 -156    4 -140.838 -156.422  4.21568  154.654 0.926643 -2.69765 0.926643   16.075  2.28122 -2.69765  2.28122  27.1375
-145 -157    4 -145.644 -157.455  4.27022   163.38  171.185 -71.9701  171.185   362.82 -291.189 -71.9701 -291.189  319.342
-145 -158    4 -145.337 -158.471  4.44397  38.7382 -19.0294 -33.8292 -19.0294  33.7227  27.0022 -33.8292  27.0022  46.9518
-145 -162    4 -145.569 -162.896  4.18663  64.3311 -722.609 -144.963 -722.609  15637.3  3314.23 -144.963  3314.23  724.341
-145 -150    3 -145.298 -150.788  3.66588 46.8129 15.7495 33.1737 15.7495 75.8498 15.5335 33.1737 15.5335 40.3798
-137 -158    3 -137.176 -158.097  3.36812   197.65  110.581 -129.135  110.581  492.167 -198.715 -129.135 -198.715  192.515
-145 -158    3 -145.285 -158.399  3.61051  60.0153  -18.606  30.6963  -18.606  34.2497 -20.4753  30.6963 -20.4753  37.8147
-142 -150    3 -142.253 -150.635  3.18564  377.261 -138.536  -260.23 -138.536   121.65   141.43  -260.23   141.43  230.908
-144 -151    3 -144.664 -151.827  3.30993  43.8053  53.5887 -65.8791  53.5887  116.386 -109.546 -65.8791 -109.546  135.798
-146 -156    3   -146.5 -156.823   3.2165  34.1131 -122.914  9.72961 -122.914  749.185  4.98188  9.72961  4.98188  40.2925
-141 -157    3 -141.064 -157.497  3.49304  585.828 -58.2424  19.3103 -58.2424  177.709 -199.996  19.3103 -199.996  244.421
-142 -161    3 -142.087 -161.734  3.29136  797.308  365.396 -339.011  365.396  338.473 -250.792 -339.011 -250.792  228.582
-144 -152    2 -144.605 -152.567  2.70272  917.334  535.605 -330.547  535.605  365.269 -282.851 -330.547 -282.851  303.228
-137 -158    2 -137.677 -158.465   2.5019  295.766 -606.222   136.51 -606.222  1637.33 -501.585   136.51 -501.585  205.726
-141 -158    2  -141.37 -158.636  2.54945  120.228 -43.1177  17.0295 -43.1177  26.5099 -9.91067  17.0295 -9.91067  24.3739
-145 -152    2 -145.724 -152.459  2.37298  930.489  660.907 -73.7775  660.907  478.478 -54.7182 -73.7775 -54.7182  19.7072
-144 -153    2 -144.278 -153.438  2.47255   104.69 -46.8171  27.6124 -46.8171  29.6776 -8.52872  27.6124 -8.52872  22.5337
-146 -156    2 -146.694 -156.768  2.55041 107.124 82.8163 67.1556 82.8163 123.251 83.1365 67.1556 83.1365 69.2391
-145 -158    2 -145.167 -158.631  2.35414  170.828 -73.8273 -10.3507 -73.8273  394.047  -42.296 -10.3507  -42.296  16.8425
-138 -158    2 -138.318 -158.726  2.18276  88.8837 -126.036  5.87544 -126.036  548.515 -108.785  5.87544 -108.785  77.9874
-144 -154    1 -144.247 -154.451  1.62047   131.506  -22.4827   35.4754  -22.4827   14.4605 0.0153316   35.4754 0.0153316    44.934
-145 -158    1 -145.122 -158.775  1.56137   302.32 -413.825  107.025 -413.825  2201.73 -540.922  107.025 -540.922  146.524
-141 -159    1 -141.383 -159.139  1.21752  126.641 -232.736  54.3116 -232.736  711.546 -23.2588  54.3116 -23.2588   146.86
-146 -157    1 -146.389  -157.17  1.55675  22.707 21.5352 4.63245 21.5352 168.413 3.61871 4.63245 3.61871 8.78774
-139 -159    1 -139.284 -159.094  1.24994  1399.51 -2010.03 -281.418 -2010.03  3306.42  243.387 -281.418  243.387  157.524
-143 -155    0 -143.577 -155.486 0.275823   48.3826 -0.269852   24.7447 -0.269852    9.4435   1.85791   24.7447   1.85791   17.9554
-140 -159    0 -140.319 -159.431 0.246888  674.407 -1750.13   71.965 -1750.13  5142.14  -350.43   71.965  -350.43   60.909
-143 -162    0 -143.375 -162.393 0.217676 46.9075 9.70008 20.1416 9.70008 105.126 17.0936 20.1416 17.0936 14.7663
-143 -156    0 -143.793 -156.486 -0.10902  144.333 -27.8606  76.0306 -27.8606   263.23 -279.514  76.0306 -279.514  320.892
-146 -156    0 -146.571 -156.443 0.198747 11.7497 3.31535 0.97467 3.31535 13.7242 1.57668 0.97467 1.57668 4.72156
-145 -157    0  -145.193  -157.128 0.0360506  297.634 -469.921   18.518 -469.921  3397.48  232.858   18.518  232.858  30.7049
-141 -159    0     -141.508     -159.476 -0.000968512  33.1937   -53.78  12.5349   -53.78  401.197 -122.412  12.5349 -122.412  39.7723
-146 -155    0  -146.582  -155.614 -0.619785  32.3327 -34.1474 -18.5637 -34.1474  978.583  393.465 -18.5637  393.465    163.9
-145 -156    0  -145.708  -156.776 -0.112022   34.135 -11.9148  7.85584 -11.9148  63.5276 -6.86095  7.85584 -6.86095  4.53196
-144 -159    0   -144.72  -159.155 -0.255204  75.0906 -39.8206  14.3666 -39.8206  497.695 -75.6831  14.3666 -75.6831  16.5113
-143 -157   -1 -143.441 -157.626 -1.15289  315.341  -1.6278 -145.796  -1.6278  606.399 -808.393 -145.796 -808.393  1287.06
-146 -157   -1 -146.306 -157.351 -1.39951  519.99 522.166 19.2655 522.166 562.665 81.1539 19.2655 81.1539 211.783
-144 -159   -1 -144.289 -159.256 -1.39818  591.802 -1636.77  351.206 -1636.77  5485.99 -1095.73  351.206 -1095.73  231.221
-141 -159   -1 -141.649 -159.828 -1.45419  152.336  -102.28 -27.6382  -102.28  1222.27 -281.788 -27.6382 -281.788  90.5826
-144 -159   -2 -144.218 -159.515 -2.22761  645.902 -1362.28 -76.8021 -1362.28  6459.98  -869.41 -76.8021  -869.41  343.888
-143 -159   -2 -143.719  -159.65 -2.51121   41.891  28.7132  7.13163  28.7132  207.877 -55.6621  7.13163 -55.6621  34.0528
-142 -160   -2 -142.166 -160.107 -2.62182  124.841 -169.621 -24.9548 -169.621  750.309  78.4454 -24.9548  78.4454  17.8347
-143 -159   -3 -143.634 -159.817 -3.31975  176.171 -84.9287  114.675 -84.9287  72.5356  -58.743  114.675  -58.743  92.1751
-141 -160   -3 -141.844  -160.07 -3.64462  264.265 -8.93618    30.66 -8.93618  345.931 -55.1968    30.66 -55.1968  21.1681
-142 -160   -3 -142.098 -160.056 -3.63909 604.868  1730.7 42.6001  1730.7 8469.22 218.917 42.6001 218.917 15.0476
-143 -160   -4  -143.45 -160.121 -4.51465  52.3347  7.08631  15.0792  7.08631  304.245 -18.6318  15.0792 -18.6318  11.5956
-142 -159   -4 -142.086 -159.964 -4.61786   584.75  250.117 -16.2511  250.117  6573.37  54.0011 -16.2511  54.0011  7.61774
-141 -160   -4 -141.884 -160.041 -4.42305   651.69 -482.302 -61.8576 -482.302  3086.55 -137.047 -61.8576 -137.047  26.1463
-142 -160   -4 -142.265 -160.081 -4.55036  973.531 -2091.64 -6.87467 -2091.64  4893.24  17.4304 -6.87467  17.4304  9.06914
-143 -160   -5 -143.295 -160.126 -5.25693  298.032  211.589 -320.268  211.589  470.622 -296.918 -320.268 -296.918   397.67
-145 -157   -5 -145.513 -157.109 -5.45741   2080.4  -2696.5 -2140.14  -2696.5  3539.35  2771.34 -2140.14  2771.34  2224.97
-146 -157   -5 -146.453 -157.341 -5.64209  16777.9 -3803.84  6033.49 -3803.84  1803.33 -1439.98  6033.49 -1439.98  2201.03
-142 -160   -5 -142.368 -160.026 -5.62216  27.7883 -389.809 -9.72308 -389.809  8681.18  195.116 -9.72308  195.116  13.6736
-145 -157   -6 -145.793  -157.22 -6.49229  59.6661 -35.2166  3.90147 -35.2166  59.2491   2.7726  3.90147   2.7726   9.2656
-142 -160   -6 -142.389 -160.075 -6.57349   127.95 -116.981  3.22695 -116.981  556.454 -87.2205  3.22695 -87.2205  37.4218
-147 -156   -6 -147.585 -156.211 -6.60888  171.201 -401.553  227.308 -401.553  1011.92  -572.59  227.308  -572.59  346.922
-148 -156   -6 -148.281 -156.362 -6.56252   87.1165  -62.8718  -20.1896  -62.8718   125.662 -0.353572  -20.1896 -0.353572   25.5217
-143 -160   -6  -143.22 -160.265 -6.58479  40.4051  8.13852  -1.3239  8.13852  153.569 -12.2275  -1.3239 -12.2275  11.0585
-146 -156    1 -146.602 -156.685  1.43333  17.5839  35.9499 -28.7725  35.9499  158.605 -131.008 -28.7725 -131.008  123.387
-147 -156   -7 -147.827 -156.373 -7.64242  352.743  18.9908 -94.6598  18.9908   62.115 -20.8775 -94.6598 -20.8775  39.8995
-143 -160   -7 -143.195  -160.24 -7.62351  30.3288 -103.457 -20.3741 -103.457  690.476  111.142 -20.3741  111.142   43.952
-109 -163   -7 -109.135 -163.423 -7.69051  350.751 -133.753 -78.6461 -133.753  97.0234  35.4679 -78.6461  35.4679  90.6087
-146 -157   -7 -146.536 -157.398 -7.73343  62.8499  28.0923 -5.89414  28.0923  36.0377 -6.12798 -5.89414 -6.12798  33.9048
-142 -160   -7 -142.574 -160.102 -7.55431  21.0543 -28.7291 -2.96734 -28.7291  226.194   19.859 -2.96734   19.859  13.0497
-149 -153   -8 -149.334 -153.312 -8.32958  30.8891 -27.4019  -276.12 -27.4019  74.4348  501.893  -276.12  501.893  4242.99
-142 -159   -8 -142.505  -159.61 -8.18408 144.956 210.276 689.568 210.276 323.873 1054.91 689.568 1054.91 3496.29
-145 -154   -8 -145.644 -154.297 -8.35776  18.7688  3.99363 -33.0703  3.99363  46.3901  13.7546 -33.0703  13.7546  225.734
-146 -153   -8 -146.216 -153.317 -8.35348  75.7236 0.153785  46.7363 0.153785  143.956  102.165  46.7363  102.165  174.497
