-67  59  -1 -67.6576  59.5887 -1.67624   16.455 -30.6833 -4.41478 -30.6833  99.1393   26.474 -4.41478   26.474  46.9465
-61  60  -2  -61.803  60.1481 -2.24011  367.509  349.483 -51.8906  349.483  654.479  99.7789 -51.8906  99.7789  103.278
-66  59  -2 -66.8108  59.5187 -2.57492  5022.74  2423.88 -1907.46  2423.88  1205.65  -976.13 -1907.46  -976.13  840.324
-62  60  -2 -62.3925  60.1985 -2.64948 23.1684 14.3912 6.67234 14.3912 102.141 19.6035 6.67234 19.6035 15.2955
-67  59  -2 -67.2209  59.5562 -2.61709  169.832 -42.0419 -66.4415 -42.0419  88.8726   41.375 -66.4415   41.375  48.5106
-62  59  -3 -62.6903  59.5589 -3.47131  68.1992  305.526 -240.659  305.526   2897.8 -1879.02 -240.659 -1879.02  1280.56
-61  59  -3 -61.8128  59.4036 -3.61435  40.9407 -9.67725  15.0784 -9.67725  28.9211 -20.6386  15.0784 -20.6386  39.7988
-66  58  -3 -66.5646  58.8765 -3.60844  55.0853 -161.132  104.631 -161.132  730.593 -434.506  104.631 -434.506  302.459
-136   64   -3 -136.361  64.8189 -3.64303  31.7655  16.6213  -5.7849  16.6213  411.839 0.527515  -5.7849 0.527515  19.4907
-67  59  -3 -67.2746   59.525  -3.6372  3804.48 -935.054  2049.51 -935.054  518.651 -442.909  2049.51 -442.909  1124.07
-63  59  -3 -63.3204  59.3465 -3.54405  39.8319 -19.0035 -26.3786 -19.0035  66.4765  4.13284 -26.3786  4.13284  30.4417
-68  58  -3 -68.0849  58.8068 -3.35321   4719.8 -1263.52  10.3839 -1263.52  440.211  18.3679  10.3839  18.3679  9.72226
-66  59  -4 -66.6042  59.7806 -4.21002  113.217 -226.006  330.699 -226.006  618.772 -764.447  330.699 -764.447   1066.7
-53  65  -4 -53.8418    65.29 -4.37807   180.67  2.59824 -178.307  2.59824  18.6899 -17.8283 -178.307 -17.8283  219.999
-130   63   -5 -130.525  63.7242 -5.68919  40.6438 -94.1045 -118.167 -94.1045   311.58  1.31327 -118.167  1.31327  9884.97
-136   64   -5 -136.379   64.664 -5.66924 77.3366 236.777 211.514 236.777 996.812  828.04 211.514  828.04 844.407
-131   63   -5 -131.467  63.5276 -5.70123  68.3736 -201.435 -147.981 -201.435  734.299  41.5726 -147.981  41.5726  10540.7
-132   63   -5 -132.484  63.4558 -5.71522  58.2748  160.112 -160.107  160.112  568.357  18.7452 -160.107  18.7452  9518.74
