-249 -155   13 -249.507 -155.933  13.7218 853.397 -2967.1 -109.24 -2967.1 11553.7 393.592 -109.24 393.592 26.5862
-249 -155   12 -249.285 -155.217  12.8369  737.149  1970.54 -1625.81  1970.54  5854.62 -4739.41 -1625.81 -4739.41  3966.21
-225 -153   12 -225.315  -153.52  12.6599  244.143  18.4567  27.8229  18.4567  235.823 -244.026  27.8229 -244.026  276.176
-225 -154   12 -225.093 -154.156  12.1922  5069.06 -1661.17  3938.03 -1661.17  2063.92 -2750.34  3938.03 -2750.34   4669.8
-223 -156   12 -223.556 -156.114  12.7058 826.192 1148.37 252.821 1148.37 1782.07 362.518 252.821 362.518 84.1995
-183 -151   12 -183.466 -151.347  12.3863  36.9206 -7.91177 -34.7423 -7.91177  15.3645  4.09077 -34.7423  4.09077  46.2093
-249 -155   11 -249.493 -155.883    11.85  202.183  24.2289 -309.451  24.2289  323.874 -200.078 -309.451 -200.078  1372.89
-224 -154   11 -224.842 -154.714  11.7952  322.151 -37.4716  253.514 -37.4716   143.53 -209.992  253.514 -209.992  485.048
-183 -151   11 -183.303 -151.151  11.4577  1534.43 -3369.02 -563.855 -3369.02  7601.03  1281.04 -563.855  1281.04  226.197
-217 -152   11 -217.662 -152.552  11.5815   469.89 -194.433 -87.7803 -194.433  86.8205  37.2391 -87.7803  37.2391  25.1498
-187 -152   11 -187.351 -152.572  11.4863  578.606  314.551  334.232  314.551  878.104 -49.2267  334.232 -49.2267  276.308
-219 -152   11  -219.16 -152.401  11.5271  161.315 -185.126  198.582 -185.126  293.066 -266.174  198.582 -266.174  277.049
-223 -156   11 -223.299 -156.168  11.3867  9868.46  -3976.6  3771.11  -3976.6  2207.75 -1605.07  3771.11 -1605.07   1467.8
-181 -150   11 -181.115  -150.36  11.4105  556.588 -505.332  -22.649 -505.332   1807.4 -247.145  -22.649 -247.145  69.6068
-177 -152   11 -177.864 -152.797   11.388  151.416  -122.32  14.5595  -122.32  325.376 -17.1104  14.5595 -17.1104  20.0534
-226 -154   11 -226.323 -154.333  11.1946 231.328 222.609 166.572 222.609 640.863 1.18169 166.572 1.18169 246.777
-176 -155   11 -176.341  -155.29  11.5022  243.158 -140.131 -79.1862 -140.131  91.4425  47.6879 -79.1862  47.6879  33.5448
-183 -156   11 -183.095 -156.766  11.3262 357.569 274.919 44.5726 274.919 477.754 67.9525 44.5726 67.9525  33.676
-213 -155   10 -213.557 -155.144  10.7629  112.608 -735.952  321.477 -735.952  5113.24 -2275.58  321.477 -2275.58  1160.86
-177 -152   10 -177.865 -152.762  10.5241  269.168 -50.6264  28.4567 -50.6264  442.208  54.0431  28.4567  54.0431  41.6066
-218 -152   10 -218.754 -152.857  10.6358  29.5104 -64.2104  46.1459 -64.2104  731.987 -313.537  46.1459 -313.537  163.967
-181 -150   10 -181.563 -150.449  10.6021  88.7886 -92.6345 -37.7939 -92.6345  500.909  25.7442 -37.7939  25.7442  31.4604
-162 -152   10 -162.048 -152.161  10.2456    33401 -20130.4  29303.2 -20130.4  12872.4 -18376.6  29303.2 -18376.6  26551.6
-215 -150   10 -215.632 -150.494  10.1201  60.0374 -139.758  101.292 -139.758  406.644  -288.32  101.292  -288.32  257.048
-182 -150   10 -182.41 -150.69 10.2196   291.76 -590.301 -42.5915 -590.301  1216.87  99.5493 -42.5915  99.5493  36.6648
-186 -152   10 -186.564 -152.634  10.4741 2044.99 2076.95  1674.6 2076.95 3156.79 1793.82  1674.6 1793.82  1392.1
-176 -154   10 -176.489 -154.713  10.2214  842.105  186.609 -71.7109  186.609  116.383 -28.7967 -71.7109 -28.7967  38.6918
-224 -155   10 -224.492 -155.571  10.2919  396.356  977.457 -358.585  977.457  2497.82 -929.864 -358.585 -929.864  357.199
-182 -156   10 -182.684 -156.403  10.4689  3682.44 -607.508  1076.32 -607.508  998.806 -21.3541  1076.32 -21.3541   346.41
-216 -151    9 -216.406 -151.455   9.8028  146.143  39.6653 -369.239  39.6653  20.2453  -112.17 -369.239  -112.17  995.646
-186 -152    9 -186.379 -152.442  9.69931 23.7071 23.7354 34.8892 23.7354 48.4106 53.5715 34.8892 53.5715 127.282
-215 -155    9 -215.352 -155.597  9.46806  683.796  777.323 -2239.78  777.323   945.97 -2588.92 -2239.78 -2588.92  7456.54
-229 -157    9 -229.692 -157.409  9.41008  224.629 -110.785  1228.19 -110.785  13238.1  10317.9  1228.19  10317.9  16804.5
-222 -156    9 -222.327 -156.895  9.57222    80.4111     249.98   -10.2191     249.98    970.649 -0.0394497   -10.2191 -0.0394497    20.9993
-181 -150    9 -181.886 -150.467  9.67784  535.556  460.725  -219.38  460.725  951.981 -276.308  -219.38 -276.308  117.166
-216 -150    9 -216.533 -150.815  9.67421  242.297 -210.399 -281.467 -210.399  381.175  329.451 -281.467  329.451  372.512
-163 -151    9 -163.667 -151.657  9.50444  152.359  -45.993  71.3509  -45.993  378.354 -221.711  71.3509 -221.711  154.265
-177 -152    9 -177.758  -152.49  9.57353  80.0921 -20.6032 -13.5308 -20.6032  420.312  131.466 -13.5308  131.466  52.6395
-181 -156    9 -181.845 -156.304  9.56367  366.67 140.658 3.00599 140.658   123.5 11.9642 3.00599 11.9642 11.4455
-203 -168    9  -203.68 -168.649   9.3189  149.902 -151.098  157.702 -151.098  448.608 -310.394  157.702 -310.394  254.001
-172 -150    9 -172.66 -150.65 9.12514  83.3265 -4.84321  71.9758 -4.84321  267.674  238.805  71.9758  238.805  354.284
-182 -150    9  -182.56 -150.414  9.22833  11.1835   3.1134  1.06457   3.1134  15.6555 -3.88603  1.06457 -3.88603  29.1327
-217 -151    9 -217.315 -151.224  9.23298  126.372  126.706 -148.966  126.706  206.629 -190.875 -148.966 -190.875   262.01
-179 -152    9 -179.371 -152.753  9.44156  276.859 -155.518  161.183 -155.518   414.47  27.9696  161.183  27.9696   148.37
-185 -152    9 -185.875 -152.493  9.27861  1616.98 -372.434  1101.66 -372.434  1639.05  -280.89  1101.66  -280.89  784.922
-164 -153    9 -164.818 -153.647    9.397  245.365 -218.278  13.9327 -218.278   623.33 -24.0076  13.9327 -24.0076  10.0392
-165 -153    9 -165.229  -153.62  9.48918  102.819  246.837 -6.69386  246.837  647.238  -16.365 -6.69386  -16.365   5.2343
-176 -154    9 -176.518 -154.581  9.66127  207.061 -151.777 -75.4491 -151.777  248.471  113.119 -75.4491  113.119  58.8294
-182 -156    9 -182.383 -156.162  9.35795   897.34 -744.768   23.322 -744.768  897.608  81.3204   23.322  81.3204  49.8701
-186 -151    8  -186.52 -151.779  8.84176  146.16 313.168 80.1992 313.168 896.063 7.65562 80.1992 7.65562 263.457
-216 -155    8 -216.592  -155.08  8.75891  468.382  629.523 -204.044  629.523  5465.07  365.236 -204.044  365.236  191.835
-163 -152    8   -163.6 -152.259  8.47046  14813.5  1389.87 -10842.5  1389.87  230.561  -1038.8 -10842.5  -1038.8  8057.61
-216 -152    8 -216.288 -152.511   8.5931  32.5874 -2.84492 -20.9073 -2.84492  21.7105 -2.14307 -20.9073 -2.14307  44.7415
-212 -157    8  -212.53 -157.431  8.63561  113.003 -28.9232  115.956 -28.9232  46.9799 -53.2864  115.956 -53.2864  147.208
-185 -150    8 -185.439 -150.102  8.52868 1429.11 845.352 1863.86 845.352 1600.62 1158.06 1863.86 1158.06 2445.69
-182 -155    8 -182.054 -155.894  8.41695  20335.1 -16964.8 -6329.61 -16964.8  14819.4   5456.8 -6329.61   5456.8  2056.54
-181 -156   11 -181.651 -156.667  11.5036 2144.77  2480.9 92.6088  2480.9 2913.05 118.273 92.6088 118.273 20.9359
-184 -150    8 -184.613 -150.082   8.2965  335.067 -1743.24  421.452 -1743.24  9602.56 -2286.02  421.452 -2286.02  559.893
-217 -152    8 -217.729 -152.445  8.42832  35.7713  29.3266 -32.4341  29.3266  63.1488 -54.9457 -32.4341 -54.9457  64.8252
-164 -153    8 -164.598 -153.697  8.55015  224.38 -212.89 98.5261 -212.89 717.023 -180.75 98.5261 -180.75  78.308
-161 -154    8 -161.715 -154.456  8.39808  407.502  263.796 -109.411  263.796   179.83 -76.5989 -109.411 -76.5989  53.2506
-227 -156    8  -227.36 -156.907  8.47299  512.625 -822.423  416.786 -822.423  1983.21 -791.744  416.786 -791.744  375.371
-182 -150    8 -182.559 -150.429  8.53883   21.914  10.2844 -6.35652  10.2844   54.521 -3.37106 -6.35652 -3.37106   14.075
-218 -150    8  -218.86 -150.601   8.1775  544.113 -34.6558  30.5646 -34.6558   72.477  113.129  30.5646  113.129  318.513
-218 -151    8 -218.869  -151.33  8.17244  145.278 -43.1602  63.1022 -43.1602  174.795 -275.833  63.1022 -275.833  706.695
-185 -152    8 -185.397   -152.2  8.40983 43.9262  31.082 34.0812  31.082 191.188 99.1664 34.0812 99.1664 74.3243
-177 -152    8   -177.8 -152.311  8.48738 207.935 34.8757 -9.5405 34.8757 388.853 7.44799 -9.5405 7.44799 16.1759
-178 -152    8 -178.463 -152.388  8.38983  562.697 -46.0753  402.273 -46.0753   673.83  93.8705  402.273  93.8705  319.149
-218 -153    8 -218.583 -153.509  8.44475  182.143  -200.03 -18.5934  -200.03  992.709 -79.0053 -18.5934 -79.0053  23.9927
-176 -154    8 -176.695 -154.268  8.32115  89.3659  57.5423 -4.02623  57.5423  55.4675 -20.8176 -4.02623 -20.8176  49.4351
-217 -154    8  -217.09 -154.883  8.11819 774.878 883.369  53.372 883.369 4806.13 1408.87  53.372 1408.87 746.272
-223 -156    8 -223.375 -156.323  8.58688  193.257 -12.3288  112.579 -12.3288  86.6031 -60.2847  112.579 -60.2847  113.973
-182 -156    8 -182.631 -156.424  8.20002  72.7876 -8.28058  -82.163 -8.28058  12.0462  4.05739  -82.163  4.05739  113.838
-222 -156    8 -222.802 -156.857  8.27659   252.15  119.238 -92.0208  119.238  187.683 -8.61896 -92.0208 -8.61896   53.871
-222 -157    8 -222.476 -157.489  8.49529  195.738  33.1573 -36.9928  33.1573  12.0138 -5.50212 -36.9928 -5.50212  13.2243
-216 -153    7 -216.748 -153.651  7.93041  1113.98  725.135 -1306.58  725.135  486.054 -851.764 -1306.58 -851.764  1827.79
-184 -156    7 -184.463 -156.487    7.849  62.8431  14.3671  66.1954  14.3671  19.9847 -2.45103  66.1954 -2.45103  136.451
-176 -153    7 -176.916 -153.922  7.73661 380.282 320.239 64.0659 320.239 1372.71 366.957 64.0659 366.957 145.294
-222 -151    7 -222.311 -151.317  7.67779  19.2781  81.9315 -14.2418  81.9315  1832.76 -143.998 -14.2418 -143.998  46.1293
-218 -152    7 -218.513 -152.586  7.71343  66.0196  57.0263 -67.8248  57.0263  59.5912 -53.5147 -67.8248 -53.5147  116.629
-163 -152    7 -163.345  -152.38  7.74375   848.99 -459.459 -5.96638 -459.459  259.631 -17.2945 -5.96638 -17.2945  70.1987
-223 -156    7 -223.176 -156.833  7.70539  514.801 -654.747  144.093 -654.747  965.559 -189.707  144.093 -189.707  53.9716
-184 -151    7 -184.842 -151.926    7.373  509.04 329.047 163.021 329.047 1102.02 213.155 163.021 213.155 94.9451
-187 -153    7 -187.685 -153.084  7.35232  186.638  98.0358  265.259  98.0358  4079.51 -484.206  265.259 -484.206  557.066
-182 -155    7 -182.432 -155.733  7.43315  22.1735  203.575 -46.6534  203.575  4328.26 -556.828 -46.6534 -556.828   127.19
-222 -156    7 -222.912 -156.848   7.5714  2163.56  3002.48 -423.194  3002.48   4996.2 -750.224 -423.194 -750.224  122.107
-218 -153    7 -218.612 -153.395  7.47671  58.6967 -29.7829 -9.61474 -29.7829  37.3991  16.5001 -9.61474  16.5001  24.2159
-217 -154    7 -217.475 -154.497  7.38269  93.1638 -33.6152 -51.7776 -33.6152  68.7211  68.8275 -51.7776  68.8275  91.8711
-161 -155    7 -161.784 -155.083  7.36961  1064.35  8.81382 -212.315  8.81382  261.541 -7.81949 -212.315 -7.81949  76.7424
-224 -159    7 -224.361 -159.436  7.32253 10762.1 8686.12 4157.53 8686.12 7475.08 3411.11 4157.53 3411.11 1634.26
-154 -163    7 -154.853 -163.039   7.4327  1306.52  429.743 -121.504  429.743  835.143 -60.7919 -121.504 -60.7919   30.523
-183 -150    7 -183.326 -150.074  7.52053  156.861 -431.381  120.225 -431.381  1878.31 -427.522  120.225 -427.522  114.719
-182 -150    7 -182.585 -150.456  7.57235 60.4564 66.7619 1.58844 66.7619 184.056 18.8465 1.58844 18.8465  13.537
-177 -152    7 -177.832 -152.265  7.57716 145.061 12.1003 -11.478 12.1003 572.152 36.4562 -11.478 36.4562 16.5702
-178 -152    7 -178.089 -152.272    7.653  550.741 -223.626  104.244 -223.626  964.259  46.3951  104.244  46.3951  40.6753
-186 -152    7 -186.639 -152.399  7.23913  53.7845 -59.7184  39.0853 -59.7184  178.778 -94.5651  39.0853 -94.5651  121.164
-163 -153    7 -163.738 -153.096  7.24313   688.54 -524.406  231.747 -524.406  1436.52 -822.558  231.747 -822.558  517.962
-164 -153    7 -164.485 -153.818  7.69535  1860.35 -2796.89  822.963 -2796.89  4515.26 -1247.98  822.963 -1247.98  374.461
-177 -153    7 -177.153 -153.744  7.20721   5074.9   2505.1 -529.391   2505.1  3288.09  340.303 -529.391  340.303  296.705
-181 -155    7 -181.748 -155.569  7.58895  168.914 -213.125 -57.7949 -213.125  285.814  79.6406 -57.7949  79.6406   33.608
-194 -164    7 -194.462 -164.656  7.39362  17.8627  -23.127  23.0891  -23.127  55.6851 -52.2259  23.0891 -52.2259  56.5697
-185 -175    7   -185.4 -175.492  7.26011  83.6677 -75.4506 -35.9422 -75.4506  80.9276  33.1268 -35.9422  33.1268  30.7304
-185 -152    6   -185.4 -152.164  6.80605  266.469 -363.136  267.661 -363.136   607.91 -254.899  267.661 -254.899  461.134
-220 -158    6 -220.414 -158.603  6.45681  224.632  -33.577  278.782  -33.577  68.4569 -65.3266  278.782 -65.3266  438.566
-177 -151    6 -177.883 -151.692   6.4648  1828.17 -349.179  56.5285 -349.179   150.03 -37.9256  56.5285 -37.9256  38.9106
-183 -150    6 -183.072 -150.253  6.51447  321.896 -51.5467  74.3328 -51.5467  1394.82 -270.688  74.3328 -270.688  83.5793
-184 -151    6 -184.558 -151.711  6.53168  114.882 -171.112 -8.08197 -171.112  339.588  69.8441 -8.08197  69.8441  60.6957
-163 -153    6 -163.877 -153.524  6.54189   714.12 -273.627  23.4203 -273.627  307.336 -135.306  23.4203 -135.306  94.0254
-164 -153    6 -164.062 -153.767  6.62585  771.091 -803.241 -71.7942 -803.241  2316.51  349.559 -71.7942  349.559  68.0735
-222 -156    6 -222.896 -156.675  6.47096 98.7342 18.4029 13.6348 18.4029  23.652 19.7137 13.6348 19.7137 25.9998
-194 -165    6 -194.553  -165.29  6.37656  374.946 -582.307 -301.573 -582.307  938.433  513.435 -301.573  513.435  326.444
-182 -174    6 -182.523 -174.476  6.36572  120.623 -3.88751 -166.607 -3.88751    43.15 -51.5488 -166.607 -51.5488  329.048
-182 -150    6 -182.686 -150.467  6.44354  55.2701  42.5985 -4.69035  42.5985  119.587   8.3007 -4.69035   8.3007   12.962
-177 -152    6 -177.804 -152.155  6.37777  522.016 -408.064  60.6954 -408.064  1551.94   77.812  60.6954   77.812  30.4983
-177 -153    6 -177.365 -153.531  6.45219  56.0552 -51.9627 -31.5826 -51.9627  485.951  184.115 -31.5826  184.115  83.4158
-218 -153    6 -218.726 -153.592  6.49696  64.9878 -7.40448 -9.04893 -7.40448  81.4046 -19.5239 -9.04893 -19.5239  19.5184
-217 -154    6 -217.798 -154.306  6.48077   87.527 -28.3126 -13.5198 -28.3126  141.313  4.84323 -13.5198  4.84323  12.4213
-161 -154    6 -161.786 -154.882   6.4393  220.392  34.1772 -13.2415  34.1772  178.197  3.56359 -13.2415  3.56359    27.35
-181 -155    6 -181.733 -155.345  6.42059  168.814 -191.482 0.104167 -191.482  346.884  13.9961 0.104167  13.9961  10.8811
-160 -155    6 -160.483 -155.349  6.47726  1636.59   165.13 -759.213   165.13   306.33 -101.008 -759.213 -101.008  358.778
-162 -156    6 -162.612 -156.749  6.48532   1432.2 -917.072  94.2156 -917.072   841.55 -36.5885  94.2156 -36.5885  22.7618
-221 -156   10 -221.379 -156.722  10.3793  50.2079 -107.261 0.544744 -107.261  274.253 -10.6366 0.544744 -10.6366  18.6076
-217 -151    8 -217.554 -151.762  8.83775  12744.5 -1526.07 -3893.68 -1526.07  236.552  392.522 -3893.68  392.522  1438.69
-194 -164    6 -194.311 -164.773   6.3883  213.598  212.153 -94.9322  212.153  249.637 -117.245 -94.9322 -117.245  64.0956
-220 -156   11 -220.486 -156.244   11.399  1220.48  790.952 -1338.49  790.952  5323.52  -2673.1 -1338.49  -2673.1  2159.04
-220 -151    5 -220.742 -151.325  5.73714  2586.23 -3180.49 -5791.47 -3180.49   4120.8  6588.39 -5791.47  6588.39  15321.6
-177 -151    5  -177.84 -151.839  5.80471  998.249  661.161 -627.311  661.161  687.236 -554.776 -627.311 -554.776  514.551
-163 -158    5 -163.802 -158.125  5.69109  7611.32 -11560.1  -310.54 -11560.1    18420  804.789  -310.54  804.789  179.995
-195 -164    5 -195.388  -164.42  5.66312  128.593  125.081  49.6636  125.081  4093.39 -3758.05  49.6636 -3758.05  3695.98
-192 -166    5  -192.55 -166.424  5.55947 80.2745 113.997 127.132 113.997 187.467 209.251 127.132 209.251 272.232
-221 -151    5 -221.338 -151.684  5.61768  9.91572 -4.58123 -7.18149 -4.58123  176.176 -88.5468 -7.18149 -88.5468  75.2195
-221 -150    5 -221.294 -150.288  5.73523 1248.74  1158.7 34.9469  1158.7 1100.09 23.5575 34.9469 23.5575 14.1139
-218 -154    5 -218.386  -154.21  5.53804  168.431  221.964 -58.1508  221.964  400.378 -52.5529 -58.1508 -52.5529  39.6668
-160 -155    5 -160.817  -155.51  5.59691  109.926 -37.1457  -33.685 -37.1457  94.6277 -4.48972  -33.685 -4.48972  30.3517
-177 -153    5 -177.578 -153.328  5.67002  103.703 -315.597 -112.941 -315.597  1657.08  532.397 -112.941  532.397  188.261
-218 -153    5 -218.757 -153.905  5.58575  90.5628  41.7921 -15.9581  41.7921   323.42  -46.049 -15.9581  -46.049  19.8845
-181 -155    5 -181.625 -155.286   5.4703 82.8476 22.1377 24.8859 22.1377 18.1093 8.61981 24.8859 8.61981 30.5395
-193 -164    5  -193.51 -164.887  5.54007  659.677 -1742.62 -530.011 -1742.62  5199.97  1495.76 -530.011  1495.76  448.519
-182 -150    5 -182.697 -150.523  5.52507   68.6792   63.5666 -0.987591   63.5666   217.346  -20.1391 -0.987591  -20.1391    13.825
-183 -151    5 -183.707 -151.239  5.46761  353.775 -236.482  147.077 -236.482  390.845 -57.2284  147.077 -57.2284  80.6011
-222 -151    5 -222.399 -151.332  5.16378  310.613  269.618 -630.388  269.618  272.226 -556.303 -630.388 -556.303  1370.58
-223 -151    5 -223.504  -151.31  5.22192  72.2325   -97.53   183.61   -97.53  221.587 -416.434   183.61 -416.434  819.409
-177 -152    5 -177.814   -152.2  5.52661  164.448  26.7937 -23.8864  26.7937  36.6969 -3.28123 -23.8864 -3.28123  16.7653
-243 -152    5 -243.675 -152.568  5.14796  54.8616 -28.0815  27.8763 -28.0815  136.471  268.459  27.8763  268.459  950.075
-162 -152    5 -162.968 -152.909  5.22389  7413.67 -3095.26  728.202 -3095.26  1931.34 -424.904  728.202 -424.904   136.97
-163 -153    5 -163.732 -153.623   5.3349  1494.54 -384.869  497.405 -384.869  113.003 -131.861  497.405 -131.861  179.917
-181 -154    5 -181.792 -154.867  5.34211  76.7529  9.32528  5.04138  9.32528  121.299 -63.6603  5.04138 -63.6603  55.2447
-161 -155    5 -161.756 -155.211  5.50907  36.0589  30.6278  5.42723  30.6278  73.5916 -10.9736  5.42723 -10.9736  18.1504
-161 -156    5 -161.602  -156.36   5.2361  313.728  80.8183 -385.608  80.8183  190.429  23.9097 -385.608  23.9097  605.226
-162 -156    5 -162.676 -156.482  5.44848  119.967 -13.2884 -14.9209 -13.2884  65.5248  5.13849 -14.9209  5.13849  14.3988
-155 -163    5  -155.18 -163.078  5.38066  169.818   66.447 -20.6668   66.447  997.056 -106.723 -20.6668 -106.723  21.7509
-194 -165    5 -194.443 -165.131  5.31215  58.8034 -80.0499 -3.07596 -80.0499  201.113 -21.1637 -3.07596 -21.1637  25.9447
-219 -157    4 -219.199 -157.128  4.86803 359.229 73.7887 301.336 73.7887 1302.41 2258.99 301.336 2258.99 4609.36
-222 -151    4 -222.601 -151.558  4.85399  56.2776  269.581 -376.893  269.581  2778.32 -4068.75 -376.893 -4068.75   6003.5
-222 -157    4 -222.711 -157.153  4.70249  116.65 66.4154 17.7088 66.4154 130.466  14.427 17.7088  14.427 45.4314
-193 -165    4 -193.778 -165.607  4.51456 621.746 194.365 2220.81 194.365 81.7299 883.404 2220.81 883.404 13052.6
-222 -150    4 -222.363 -150.229  4.53277   752.96  231.065 -142.216  231.065  111.077 -36.4349 -142.216 -36.4349  48.6143
-184 -150    4 -184.233  -150.57  4.49441  291.341    -57.4  431.285    -57.4  50.9247 -122.261  431.285 -122.261  705.919
-179 -151    4 -179.848 -151.657  4.52912   261.46 -70.2819  -61.025 -70.2819  44.0116  29.0239  -61.025  29.0239  47.3042
-177 -153    4 -177.817 -153.113  4.73197  271.403  116.119 -34.0639  116.119  168.687  19.9994 -34.0639  19.9994  36.0201
-163 -157    4 -163.125  -157.28  4.52336  282.592 -349.817 -209.753 -349.817  782.871      329 -209.753      329  234.397
-178 -154    4 -178.279 -154.532  4.37128  9209.26  55.7573 -9017.84  55.7573   18.439 -55.6813 -9017.84 -55.6813  8906.89
-223 -157    4  -223.51 -157.224  4.60187  296.697  6.10325  322.212  6.10325  22.3915 -2.33575  322.212 -2.33575   368.84
-183 -157    4 -183.558  -157.61  4.53747  5195.47 -3390.05  2096.31 -3390.05   2238.5 -1342.65  2096.31 -1342.65  906.394
-179 -152    4 -179.858 -152.292  4.32265  370.524  12.4875 -70.8972  12.4875  50.3077 -44.4078 -70.8972 -44.4078  74.2912
-220 -153    4 -220.624 -153.216  4.31043  178.562 -48.1707 -240.785 -48.1707  59.6486   39.383 -240.785   39.383  383.442
-178 -153    4  -178.19 -153.546  4.56263  1550.14 -215.396 -472.704 -215.396  90.1675   101.02 -472.704   101.02  178.404
-161 -154    4 -161.776 -154.796  4.49949  148.103  121.844 -11.2111  121.844  280.904 -4.52195 -11.2111 -4.52195  23.8889
-163 -159    4 -163.843  -159.36  4.60931  515.677 -423.097 -168.215 -423.097  610.341  267.073 -168.215  267.073  129.637
-152 -159    4 -152.464 -159.307  4.42542  193.449  259.858 -33.5801  259.858  381.007 -60.9277 -33.5801 -60.9277  35.5555
-194 -165    4 -194.318 -165.194  4.46234  30.8314  13.6006 -2.65931  13.6006  35.7298  13.5159 -2.65931  13.5159  55.3643
-218 -153    9 -218.317  -153.34  9.53418  35.4164 -24.8914  3.32395 -24.8914  415.174 -115.683  3.32395 -115.683  43.1341
-183 -150    4 -183.731 -150.552  4.33304  19.4686  24.8053 -3.06425  24.8053  202.847 -148.496 -3.06425 -148.496  148.643
-182 -150    4 -182.614 -150.662  4.52099  73.5744 -38.2227  4.45325 -38.2227  229.458  -33.557  4.45325  -33.557  19.3329
-159 -151    4 -159.595 -151.556   4.2259  57.1682  -57.499 -2.86059  -57.499  79.3992  18.7471 -2.86059  18.7471  27.0304
-160 -151    4 -160.168 -151.861  4.27395  1614.82 -1586.98  80.0515 -1586.98  3511.41 -293.049  80.0515 -293.049   39.545
-237 -152    4 -237.757 -152.166  4.18727  150.984 -72.7129  19.3123 -72.7129  66.4673 -7.63231  19.3123 -7.63231  69.8254
-243 -152    4 -243.66 -152.58 4.55366  34.0728  -3.0994 -1.21314  -3.0994  58.9298  19.6751 -1.21314  19.6751  18.7575
-222 -152    4 -222.256 -152.661   4.2145     20.5614    -5.07984 -0.00323839    -5.07984      62.747    -13.1737 -0.00323839    -13.1737     31.4735
-177 -152    4 -177.873 -152.401  4.54007    230.4 -13.6581 -15.3952 -13.6581  12.5215 -5.42055 -15.3952 -5.42055  17.5411
-162 -153    4 -162.954 -153.221  4.33624  1844.03 -4128.63  1494.74 -4128.63  10844.2 -3962.69  1494.74 -3962.69  1464.79
-163 -153    4 -163.663 -153.603  4.53917  231.531 -19.3383  13.1376 -19.3383  73.0802 -16.1387  13.1376 -16.1387  14.0188
-218 -154    4 -218.657 -154.238  4.47122  65.3674  7.60696 -4.74538  7.60696  670.816 -162.626 -4.74538 -162.626  49.8635
-181 -154    4 -181.574 -154.765  4.36782  61.9981 -13.4945  2.09897 -13.4945  238.583  49.1146  2.09897  49.1146  29.3985
-161 -155    4 -161.564 -155.392  4.49278  13.8146 -4.97208 -6.04088 -4.97208  67.8875  10.2236 -6.04088  10.2236  8.38632
-162 -156    4  -162.62 -156.602  4.45886  43.2331  -29.346  -15.434  -29.346  116.431 -13.3973  -15.434 -13.3973  22.8914
-221 -151    6 -221.337 -151.415  6.76496  1861.41 -1805.17  2630.08 -1805.17  8479.86 -7303.07  2630.08 -7303.07  7113.61
-182 -155    3 -182.453 -155.538  3.86483  143.408 -153.059 -446.718 -153.059  275.284   680.55 -446.718   680.55     1925
-163 -157    3 -163.243 -157.632  3.78867  696.395  -396.48  231.715  -396.48  234.886 -135.759  231.715 -135.759  132.522
-195 -165    3  -195.56 -165.554  3.78244  33.2313 -26.4024 -4.53132 -26.4024  29.3506  3.36889 -4.53132  3.36889  62.9583
-163 -164    3 -163.517 -164.728  3.52216  926.402 -578.792  1180.82 -578.792  1056.71  155.643  1180.82  155.643  3019.86
-194 -165    7 -194.524 -165.273  7.35315  25.0833 -17.4339  14.5653 -17.4339  31.8957 -1.48103  14.5653 -1.48103  28.3215
-222 -150    3 -222.568 -150.766  3.55366  262.305 -1018.85 -595.312 -1018.85  4127.69   2451.1 -595.312   2451.1  1528.27
-177 -152    3 -177.921 -152.202  3.65427 1020.58 629.099 55.7172 629.099 851.415 44.9866 55.7172 44.9866 19.9575
-242 -152    3 -242.822   -152.4  3.57731  573.415  10.8861 -401.707  10.8861  58.6225  18.8018 -401.707  18.8018  344.869
-162 -164    3 -162.532 -164.163  3.27466  86.7325 -126.513  13.5914 -126.513  756.009 -217.416  13.5914 -217.416  383.229
-195 -164    3 -195.521 -164.611   3.4954  1221.25  887.235 0.705187  887.235  669.968  -26.142 0.705187  -26.142  36.6177
-223 -151    3 -223.757 -151.279   3.5566  100.222 -3.75893 -6.34956 -3.75893  67.7589  38.2087 -6.34956  38.2087  33.5035
-244 -153    3 -244.448 -153.215   3.4808  24.3887 -10.3437 -11.3222 -10.3437  73.0058  15.4594 -11.3222  15.4594  16.2979
-243 -153    3 -243.393 -153.214  3.17727  41.1899  38.4316 -221.654  38.4316  63.2638 -200.676 -221.654 -200.676  1914.69
-218 -154    3  -218.78 -154.488  3.44319   184.78  210.384 -73.8549  210.384  474.518 -140.087 -73.8549 -140.087  56.2773
-162 -155    3  -162.32 -155.636  3.43125 1137.28 -2136.6 1.56831 -2136.6  4052.9 8.88414 1.56831 8.88414 14.3328
-219 -156    3 -219.456 -156.214  3.52822 66.8167 54.8205 6.65104 54.8205 106.116 24.6752 6.65104 24.6752 21.2117
-223 -157    3  -223.32 -157.445  3.32892  5667.74 -3874.99 -144.048 -3874.99  2663.79  90.8951 -144.048  90.8951  38.4308
-196 -163    3 -196.272 -163.469  3.44512  362.265 -59.7624  -63.916 -59.7624  47.7344  46.7617  -63.916  46.7617  56.5425
-150 -150    3 -150.656 -150.285  3.34544   37.803  60.3086 -10.0072  60.3086  302.448 -78.9892 -10.0072 -78.9892  30.2278
-182 -150    3 -182.644 -150.759  3.47511  27.7535 -2.53095  1.77839 -2.53095  83.1807  1.52077  1.77839  1.52077  10.9337
-181 -150    3  -181.84 -150.876  3.53153  260.177  214.622 -49.9622  214.622  1690.54  46.8165 -49.9622  46.8165  24.5345
-175 -150    3 -175.344 -150.661  3.14768  132.766 -84.7144  99.6632 -84.7144  72.2216 -90.3612  99.6632 -90.3612  283.174
-160 -152    3 -160.371 -152.095   3.1927  565.333 -590.548 -115.661 -590.548  2089.94 -423.086 -115.661 -423.086  368.326
-178 -152    3 -178.093 -152.352  3.53093  291.556 -65.1529 -10.5774 -65.1529   31.621  0.32741 -10.5774  0.32741   11.537
-222 -152    3 -222.292 -152.718  3.40995  250.169  280.925 -38.3563  280.925  329.186 -36.0747 -38.3563 -36.0747   24.847
-243 -152    3 -243.487 -152.343  3.44685  19.7668 -12.7172  2.53406 -12.7172  33.8029 0.587599  2.53406 0.587599  10.4823
-180 -152    3 -180.506 -152.416  3.49722    12.5521   -5.83204   -3.48686   -5.83204    26.1059 -0.0995374   -3.48686 -0.0995374    15.5166
-237 -152    3  -237.64 -152.189  3.67435  65.0776  37.9911  10.3461  37.9911  66.4063 -18.9308  10.3461 -18.9308   29.533
-163 -153    3 -163.507 -153.689  3.45164   76.247  -162.26  41.0488  -162.26  582.361 -119.786  41.0488 -119.786  35.3878
-221 -153    3 -221.395 -153.347  3.34739  339.881  406.452 -381.749  406.452  502.044 -459.325 -381.749 -459.325  438.515
-219 -154    3 -219.041 -154.567  3.41877  5855.09 -1729.94  -172.24 -1729.94  798.601  40.2171  -172.24  40.2171   19.206
-181 -154    3 -181.614 -154.531  3.34439  20.9781 -1.86202 -1.39058 -1.86202  123.141  14.1527 -1.39058  14.1527  15.0196
-161 -154    3 -161.813 -154.943  3.39534  463.414 -734.694   146.54 -734.694  3719.98 -522.656   146.54 -522.656  89.7629
-162 -156    3 -162.773 -156.491  3.41871  99.8006 -48.0594 -19.4671 -48.0594  53.9736  18.8794 -19.4671  18.8794  20.7681
-222 -157    3 -222.759 -157.095  3.24213 259.418 344.054 18.5975 344.054 582.335 7.84047 18.5975 7.84047 21.5069
-194 -165    3 -194.622 -165.164   3.5228  21.9057 -2.30669  2.33623 -2.30669  53.4711  2.11721  2.33623  2.11721  11.2193
-176 -150    2 -176.366 -150.713  2.75862  87.8096 -105.394  125.982 -105.394  189.881 -167.689  125.982 -167.689  242.179
-242 -153    2  -242.74 -153.506  2.74021 561.231 503.489 582.055 503.489 468.992  532.04 582.055  532.04 632.683
-181 -150    2 -181.934 -150.858  2.62893  3887.49 -172.414 -503.511 -172.414  1022.35 -67.2709 -503.511 -67.2709  91.2036
-242 -151    2 -242.721 -151.707  2.57581  147.927 -105.701 -62.1334 -105.701  133.558 -9.50797 -62.1334 -9.50797  182.104
-244 -152    2 -244.332  -152.66  2.52794  36.8458 -4.92028  68.0164 -4.92028  9.73786 -8.45778  68.0164 -8.45778  204.117
-179 -152    2 -179.592 -152.749   2.4695  3147.43  1688.76 -1814.54  1688.76  912.982 -970.276 -1814.54 -970.276  1137.52
-161 -155    2 -161.883 -155.135  2.51459  219.326 -127.484  39.5224 -127.484  567.697 -97.2131  39.5224 -97.2131  37.8464
-155 -162    2 -155.116 -162.873  2.49936  7308.51 -9188.85 -1964.06 -9188.85  13268.2  2639.61 -1964.06  2639.61  570.324
-236 -151    2 -236.824 -151.614  2.29954  239.297 -186.456  -296.58 -186.456    533.3  235.679  -296.58  235.679  789.999
-175 -153    2 -175.734 -153.466  2.59848  32.9519 -16.2463 -1.54939 -16.2463  43.2389 -21.7022 -1.54939 -21.7022  32.3748
-162 -155    2   -162.5 -155.588  2.68323  22.6154 -21.0273 -3.53121 -21.0273   45.516  21.0384 -3.53121  21.0384  32.5265
-151 -150    2 -151.248 -150.518  2.32028  506.456 -330.811  451.635 -330.811  632.979  233.525  451.635  233.525  1090.59
-178 -150    2 -178.485 -150.356  2.18104  39.7878   46.491 -128.843   46.491  256.789 -918.907 -128.843 -918.907  3891.24
-243 -151    2  -243.56 -151.673  2.65774  16.2062 -3.96679 -4.83504 -3.96679  26.4106 -12.1272 -4.83504 -12.1272  27.0552
-237 -152    2  -237.47 -152.331   2.5919  29.2285  36.0755 -4.79006  36.0755  71.9863  13.9764 -4.79006  13.9764  39.0491
-238 -152    2 -238.471 -152.404  2.53594  858.036 -205.974  773.626 -205.974  111.311 -144.132  773.626 -144.132  734.777
-181 -152    2 -181.549 -152.522  2.41604  48.2441   65.418  4.25513   65.418  245.544 -103.194  4.25513 -103.194  100.287
-179 -153    2 -179.605 -153.359  2.52665  95.2865 -13.4212 -73.8955 -13.4212  14.4918  12.9571 -73.8955  12.9571  72.5227
-176 -153    2 -176.327 -153.427  2.46796   22.389 -3.24865   16.206 -3.24865  18.4093 -6.09633   16.206 -6.09633  30.2953
-221 -153    2 -221.727  -153.41  2.59918   73.964 -132.416  68.1487 -132.416  368.262 -181.615  68.1487 -181.615  100.344
-218 -154    2 -218.937 -154.708  2.53533  527.752    -32.8 -15.5235    -32.8  331.199  -132.36 -15.5235  -132.36  71.5172
-194 -165    2 -194.689 -165.084  2.41583  43.0289 -37.2575 -7.95116 -37.2575   250.85  24.4598 -7.95116  24.4598  11.8503
-175 -150    2 -175.511 -150.394  2.54147 66.1783 6.38404 53.2366 6.38404 30.0162 5.87102 53.2366 5.87102  53.463
-182 -150    2 -182.555 -150.792  2.53928   16.1833 -0.699809   3.32427 -0.699809   46.7942   -7.6307   3.32427   -7.6307   13.9986
-238 -151    2 -238.221 -151.227  2.31214   51.2489 -0.707016   2.89516 -0.707016   38.6042  -8.37879   2.89516  -8.37879   15.5158
-237 -151    2   -237.5 -151.609  2.42419  13.6917  1.65763  5.61547  1.65763  8.80948 0.362289  5.61547 0.362289  18.4483
-243 -152    2 -243.394 -152.383  2.58383   12.2824 0.0252671 -0.319747 0.0252671   11.9488  -2.60761 -0.319747  -2.60761   12.6013
-178 -152    2 -178.233 -152.267  2.47384  106.568 -29.2724  -19.847 -29.2724  103.232  6.32944  -19.847  6.32944  13.6353
-157 -152    2  -157.58 -152.571  2.67003  130.705 -161.263 -6.74861 -161.263  660.543 -33.6734 -6.74861 -33.6734  22.4925
-160 -152    2 -160.527 -152.468  2.41688  354.792 -384.019  132.509 -384.019  880.964 -399.137  132.509 -399.137  202.742
-180 -152    2 -180.529 -152.577  2.64205  46.6574  51.4105 -7.06933  51.4105  107.579 -5.32817 -7.06933 -5.32817   10.279
-242 -152    2 -242.549 -152.493  2.22636  133.107  102.533 -58.3837  102.533  86.0556 -50.4056 -58.3837 -50.4056  48.0749
-174 -153    2 -174.443 -153.232  2.13429  75.7873  -8.9011 -133.447  -8.9011  46.1256  39.8631 -133.447  39.8631   336.02
-244 -153    2   -244.3 -153.457  2.42972   24.693 -1.47197 -9.79951 -1.47197  22.3047  14.3681 -9.79951  14.3681  30.1398
-178 -153    2 -178.262 -153.552  2.38951  199.456 -687.653  57.9626 -687.653  2501.28 -219.867  57.9626 -219.867  26.4672
-163 -153    2 -163.476  -153.81  2.51953  76.9505  20.7081 -11.4043  20.7081  636.562  -78.551 -11.4043  -78.551   20.112
-174 -154    2 -174.515 -154.453  2.18534 1229.91 818.004 1010.22 818.004 2504.73 3324.04 1010.22 3324.04 4437.77
-181 -154    2 -181.414 -154.381   2.3319 62.5022 24.6702 33.6512 24.6702 22.8773  14.252 33.6512  14.252 28.0077
-219 -154    2 -219.211  -154.83  2.34169  397.142 -312.505  2.57267 -312.505  523.999 -54.6019  2.57267 -54.6019  20.0152
-162 -156    2 -162.801 -156.547  2.44272  185.561 -46.4257 -12.4292 -46.4257   39.128  8.70838 -12.4292  8.70838  13.8526
-223 -157    2 -223.076 -157.177   2.4568  7956.51 -3200.37 -552.732 -3200.37  1350.68  214.895 -552.732  214.895  48.8584
-181 -154    1 -181.417 -154.106  1.88076 5538.04 15747.8 5804.19 15747.8 45662.8 16847.9 5804.19 16847.9 6289.21
-158 -152    1 -158.672 -152.765  1.65437  87.2981 -168.235   30.073 -168.235  1437.09 -852.657   30.073 -852.657  698.407
-175 -153    1 -175.502 -153.589  1.71691  42.9544 -16.9535 -100.865 -16.9535  30.6776  45.2299 -100.865  45.2299  291.421
-179 -154    1 -179.687  -154.58  1.77156 6446.32  7330.5 2434.36  7330.5 8386.79 2764.18 2434.36 2764.18 945.275
-219 -154    1 -219.225 -154.923  1.75218  57.1683  18.7599 -11.7058  18.7599  536.928 -113.304 -11.7058 -113.304  53.7963
-163 -155    1 -163.173 -155.725  1.76857  215.795    97.08  -69.974    97.08  91.4644 -26.5853  -69.974 -26.5853  63.9619
-175 -150    1 -175.131 -150.468   1.7644  1078.33 -424.892 -155.076 -424.892  193.174  76.6354 -155.076  76.6354  53.0225
-174 -153    1 -174.607 -153.442  1.61373 1735.88   -6008 689.234   -6008 21540.6 -2178.6 689.234 -2178.6  431.75
-169 -158    1 -169.456 -158.743  1.59743 74.2492  50.753 -26.185  50.753 101.425 -16.721 -26.185 -16.721 40.6411
-245 -152    1 -245.217 -152.514  1.53135  59.5232 -25.2529  26.0266 -25.2529  30.0125 -3.06821  26.0266 -3.06821  92.5048
-160 -155    1 -160.655 -155.904  1.54444  109.373 -116.487 -180.801 -116.487  345.733  101.465 -180.801  101.465  392.929
-183 -152    1 -183.344 -152.261   1.5358  213.858  -109.69  254.702  -109.69  67.9395 -131.172  254.702 -131.172   327.85
-179 -153    1 -179.204 -153.515  1.64016     40.1163 -0.00503716     -23.548 -0.00503716     14.7074     15.5691     -23.548     15.5691     40.9907
-243 -151    1 -243.349 -151.315  1.47526  16.5201 -3.95297  1.75379 -3.95297  32.5108 -7.00204  1.75379 -7.00204  22.9901
-242 -152    1 -242.429 -152.362  1.47046  31.4977 -10.7449  22.3209 -10.7449  20.5336 -9.79601  22.3209 -9.79601   24.365
-177 -153    1 -177.618   -153.3  1.53307  79.1425  69.9939 -132.039  69.9939  112.482 -154.347 -132.039 -154.347  270.467
-242 -153    1 -242.335 -153.588  1.33347   22.3338    20.987   4.09757    20.987   42.8426 -0.676399   4.09757 -0.676399   16.1796
-163 -153    1 -163.401 -153.898  1.61176  142.591 -54.4782  20.7131 -54.4782   541.67  -125.41  20.7131  -125.41  46.1075
-162 -155    1 -162.239 -155.342  1.48904  307.633 -343.998 -29.9717 -343.998  398.682  41.3553 -29.9717  41.3553  16.8122
-194 -165    1 -194.793 -165.197  1.46326  46.1044  38.8316 -7.47545  38.8316  128.735  -3.6247 -7.47545  -3.6247  15.9711
-186 -150    1 -186.394 -150.551  1.45525   20.305  7.95957    4.453  7.95957  9.89052 -1.83151    4.453 -1.83151  11.3641
-182 -150    1 -182.408 -150.876  1.56308  25.4978 -1.76078 -1.06297 -1.76078  76.9729 -5.65081 -1.06297 -5.65081  11.7357
-242 -151    1 -242.541 -151.532  1.20722  20.2309  3.47047 -21.9639  3.47047  12.9989  16.1141 -21.9639  16.1141  111.899
-238 -151    1 -238.303 -151.248  1.48847  93.1163  65.5919 -15.4131  65.5919  75.5584 -5.59339 -15.4131 -5.59339   10.306
-237 -151    1  -237.43 -151.545  1.44352   11.6131   3.71424 -0.139447   3.71424    22.047   15.3624 -0.139447   15.3624   31.8318
-162 -151    1 -162.589  -151.61  1.31408  32.3825 -19.2072 -15.0776 -19.2072  26.0592  11.3826 -15.0776  11.3826  18.6688
-179 -151    1 -179.483 -151.549  1.55443  16.8324  2.28891 -3.88207  2.28891   9.5793  2.18105 -3.88207  2.18105  10.0502
-182 -151    1 -182.637 -151.258  1.38351   29.662 -17.7808  5.81831 -17.7808  19.9566 -13.0762  5.81831 -13.0762  20.6076
-245 -151    1 -245.094 -151.781  1.43834  352.143  25.8732  -19.617  25.8732  100.746 -24.8942  -19.617 -24.8942  15.7659
-178 -152    1 -178.455 -152.285  1.59134  28.7842 -2.15774 -3.58997 -2.15774  39.4542  5.21789 -3.58997  5.21789  15.3462
-179 -152    1 -179.449  -152.34   1.3227  38.8519  2.04139 -25.9775  2.04139  16.0144 -5.73386 -25.9775 -5.73386  27.0595
-222 -152    1  -222.86 -152.404  1.25291  8253.77 -2207.68 -1914.13 -2207.68  604.496  516.316 -1914.13  516.316  457.188
-180 -152    1 -180.594 -152.517   1.5161  34.9379  26.3899 -14.5618  26.3899   91.545 -29.4996 -14.5618 -29.4996  21.5281
-243 -152    1 -243.572 -152.617  1.45278  12.5204 -1.46472 -4.00735 -1.46472  14.8664  -4.0825 -4.00735  -4.0825  27.7347
-244 -152    1 -244.715 -152.596  1.37558  53.4865 -19.4532   16.851 -19.4532  17.6856 -7.11707   16.851 -7.11707  19.8444
-176 -153    1 -176.113 -153.352  1.58655   491.179   124.402 -0.495192   124.402   159.272   35.6638 -0.495192   35.6638   24.4078
-160 -153    1 -160.614 -153.411  1.36828  12.4866 -9.95416  10.5571 -9.95416  73.4944  -71.674  10.5571  -71.674   83.227
-181 -153    1  -181.46 -153.776  1.38473   57.5031  -3.17636    3.7495  -3.17636   17.7079 -0.497115    3.7495 -0.497115   21.8432
-180 -153    1 -180.248 -153.506  1.39683  15.3135  10.7975 -1.70118  10.7975  26.1894 -3.70609 -1.70118 -3.70609  6.09665
-243 -153    1 -243.489 -153.766   1.2712  10.6818   1.0197   1.8884   1.0197  47.8483 -12.8236   1.8884 -12.8236  18.6156
-178 -154    1 -178.545 -154.315  1.57923  103.781 -81.0947  175.743 -81.0947  84.0379 -153.617  175.743 -153.617  316.993
-219 -155    1 -219.353   -155.1  1.22612   52.3298  -88.2976 -0.140315  -88.2976   292.358  -26.6293 -0.140315  -26.6293   36.6851
-162 -156    1 -162.924 -156.366  1.33223  1079.22 -1314.18  774.716 -1314.18  2299.91 -1424.36  774.716 -1424.36  896.634
-161 -153    9  -161.83 -153.343  9.19685  434.275  135.949 -304.802  135.949  146.754 -249.676 -304.802 -249.676  493.406
-162 -151    0  -162.67 -151.629 0.899222  19595.4 -18401.3 -3232.71 -18401.3  17364.7  2975.23 -3232.71  2975.23  881.979
-177 -150    0  -177.44 -150.832  0.90396  26.9233 -28.2807  6.14748 -28.2807  106.387  22.8431  6.14748  22.8431  204.699
-243 -154    1 -243.653  -154.29  1.32693  28.189 10.2388 15.3134 10.2388 34.2696 5.01249 15.3134 5.01249 23.9911
-182 -158    6 -182.522 -158.813  6.41358  35.5882 -29.3161 -28.7935 -29.3161  74.9625  29.6751 -28.7935  29.6751  34.8144
-242 -151    0 -242.637 -151.558 0.496345  59.1488  27.4505  3.62812  27.4505   33.348 -17.4092  3.62812 -17.4092  34.5202
-209 -152    0 -209.427  -152.45 0.429567  1226.46 -304.074  231.941 -304.074  104.406 -55.4369  231.941 -55.4369  54.3077
-155 -154    0 -155.429 -154.452 0.424701 413.796 545.992 183.264 545.992 1805.21 149.961 183.264 149.961 97.9952
-176 -150    0 -176.818  -150.62 0.554274 31.2785 10.3842 3.97301 10.3842 42.7402 4.72774 3.97301 4.72774 10.2943
-238 -152    0 -238.492 -152.395 0.341464  14.589 5.03443 2.74729 5.03443 15.9426 5.62933 2.74729 5.62933 13.2408
-177 -152    0 -177.629 -152.375 0.435137 90.9442  59.942 16.6582  59.942 49.5362 13.9144 16.6582 13.9144 22.5984
-161 -154    0 -161.337 -154.303  0.36313  586.762  573.106 -943.817  573.106  2265.89 -2539.93 -943.817 -2539.93   3065.7
-223 -156   10 -223.172 -156.356  10.5633   109.42  71.4546 -1.21547  71.4546  658.074 -142.382 -1.21547 -142.382  40.5312
-184 -150    0 -184.233   -150.4 0.130731 1060.68 416.506 127.394 416.506 170.218 51.3626 127.394 51.3626 31.5353
-209 -151    0 -209.553 -151.466 0.324127  19.0576 -6.44966  5.29542 -6.44966  44.2828 -23.0015  5.29542 -23.0015  15.5327
-176 -151    0 -176.513 -151.449 0.302611  20.8031  11.2095 -6.83414  11.2095  15.7087 -3.99773 -6.83414 -3.99773  12.6439
-239 -152    0  -239.292   -152.55 0.0710243 287.458 16.5979  64.069 16.5979 13.3669 20.8283  64.069 20.8283 78.5407
-161 -155    0 -161.857 -155.374 0.334673   2007.5  1758.05 -263.888  1758.05  1602.83   -212.7 -263.888   -212.7  46.9685
-153 -150    0 -153.493 -150.272 0.247236  180.864 -274.267 -52.8634 -274.267  533.339  45.2584 -52.8634  45.2584  34.4655
-237 -152    0 -237.567 -152.262 0.378737 9.42663 4.98315 2.82433 4.98315 39.5497 3.57952 2.82433 3.57952 5.67182
-178 -152   12 -178.099 -152.956  12.4391  8438.17 -1623.51   2006.8 -1623.51  1934.98 -511.502   2006.8 -511.502  496.783
-222 -157    7 -222.636 -157.307  7.43672 2130.48 1394.35 630.117 1394.35  952.17 433.183 630.117 433.183 221.661
-209 -150    0 -209.556 -150.558  0.51551   206.294  -122.759 -0.700787  -122.759   84.3356   2.10085 -0.700787   2.10085   3.63912
-163 -155    0 -163.622 -155.948 0.236269  185.957  154.342 -76.8233  154.342  1789.13 -105.358 -76.8233 -105.358  36.1903
-194 -165    0  -194.44 -165.472 0.148463  28.3597 -22.5998   26.775 -22.5998  1477.32 -671.408   26.775 -671.408  317.663
-154 -151    0 -154.298 -151.277 0.106197 139.754 105.461 35.6863 105.461 103.871  40.136 35.6863  40.136 20.8625
-245 -152    0 -245.684 -152.736 0.250859  23.9259 -19.1327 -11.6985 -19.1327  80.4008  36.0612 -11.6985  36.0612  21.0872
-176 -152    0  -176.628  -152.668 0.0697332  42.4597  -34.595 -13.5784  -34.595   52.022  20.9341 -13.5784  20.9341  13.6403
-181 -152    0   -181.324   -152.572 -0.0253192  21.9477  2.66184 0.897081  2.66184  36.7646  -17.052 0.897081  -17.052  13.2194
-169 -159    0 -169.692 -159.655 0.427069  71.5682 -52.5787   30.148 -52.5787  68.1173 -17.9259   30.148 -17.9259   16.908
-152 -150    0  -152.17 -150.807 0.150308 781.442  747.65 54.8692  747.65 776.885 50.0962 54.8692 50.0962 5.86409
-244 -152    0 -244.381 -152.515 0.323615  16.4387 -10.3673  -6.0413 -10.3673  32.6418  15.6692  -6.0413  15.6692  9.68827
-179 -153    0 -179.709 -153.153 0.389272  1585.92  402.673 -589.321  402.673  393.989 -235.634 -589.321 -235.634  247.024
-179 -150    0 -179.712 -150.546 0.164014 15.7925 9.74643  8.5063 9.74643 74.3797 3.33233  8.5063 3.33233 8.37059
-181 -150    0 -181.592 -150.514 0.254619  10.5041 -4.30494  4.24104 -4.30494  37.4801 -23.1096  4.24104 -23.1096   17.635
-179 -151    0  -179.267  -151.369 -0.137956  587.395 -766.085 -483.387 -766.085  1063.13  660.125 -483.387  660.125  414.146
-180 -151    0 -180.515 -151.369 0.105289  16.214 9.94343 2.40429 9.94343 17.6831 1.45467 2.40429 1.45467 2.40141
-236 -151    0  -236.594  -151.657 -0.032626 28.0276  16.202 2.24626  16.202 48.1785 3.63308 2.24626 3.63308 5.81961
-237 -151    0 -237.565 -151.462 0.263072   8.88122    1.5364 -0.059348    1.5364    16.001  -4.79366 -0.059348  -4.79366   8.97805
-179 -152    0 -179.511 -152.548 0.125739  16.2531 -12.9689 0.755027 -12.9689  23.3151  3.04086 0.755027  3.04086  5.23929
-163 -156    0  -163.774  -156.509 -0.078587 1071.44 570.238 685.821 570.238 325.786 384.858 685.821 384.858   461.3
-238 -151    0    -238.36   -151.504 -0.0622132   25.865  16.7532 -7.33651  16.7532  28.8093 -8.81826 -7.33651 -8.81826  6.07972
-178 -152    0 -178.569 -152.164 0.385606  27.3303  10.9121  7.43262  10.9121   30.088 -3.22829  7.43262 -3.22829   7.5189
-244 -154    0 -244.489 -154.506  0.20672 20.8143 17.4209 5.56141 17.4209 58.6011  24.097 5.56141  24.097 13.2162
-243 -150    0 -243.399 -150.899   0.1043  26.1467 -40.7197 -5.34519 -40.7197  531.216  27.8586 -5.34519  27.8586  4.30513
-177 -151    0   -177.43  -151.521 -0.265915   6.37259  -1.08679 0.0472216  -1.08679   34.1866  -8.53748 0.0472216  -8.53748   4.34845
-244 -151    0 -244.569 -151.366  0.46378  13.2125  -11.588  3.49404  -11.588  69.4429 -10.1801  3.49404 -10.1801  5.35739
-245 -151    0   -245.272   -151.619 -0.0186723  30.4093 -14.0421  -6.4132 -14.0421  20.8132  1.78603  -6.4132  1.78603  2.78913
-243 -153    0 -243.694 -153.319  0.14798   89.3063   23.6654  -7.90897   23.6654   14.5573 -0.285884  -7.90897 -0.285884   4.12274
-163 -154    0  -163.38 -154.197 0.140021  1662.85  -643.29  144.879  -643.29  494.741 -92.8194  144.879 -92.8194  20.1306
-223 -156    9 -223.385 -156.359  9.33044  61.4446   63.565 -2.93014   63.565  81.2598   4.7884 -2.93014   4.7884  16.5652
-151 -150    0 -151.459 -150.691 0.126627   65.253 -125.894  3.65198 -125.894  308.469 -17.3435  3.65198 -17.3435    6.369
-182 -150    0 -182.415 -150.835 0.296249  50.5674  11.1628 -1.33915  11.1628  24.2646 0.762601 -1.33915 0.762601  4.57307
-237 -150    0 -237.354 -150.898 0.148663  177.713 -438.178  68.7992 -438.178   1601.9  -210.19  68.7992  -210.19  32.3438
-243 -151    0  -243.323  -151.579 0.0389563  221.167  126.107 -22.5516  126.107  195.911  24.0382 -22.5516  24.0382  16.0436
-178 -151    0  -178.685  -151.747 -0.196082  19.0418 -14.5988 -3.67747 -14.5988  77.8291  11.6526 -3.67747  11.6526  6.64977
-236 -152    0 -236.572  -152.34 0.362586 740.097 318.197 152.203 318.197 201.141 74.0613 152.203 74.0613 33.9133
-242 -152    0 -242.397 -152.417 0.227399   18.1749 -0.425401  -6.35252 -0.425401   9.58447    1.2489  -6.35252    1.2489   7.38592
-243 -152    0  -243.482  -152.644 0.0914093  144.198 -166.692 -19.1593 -166.692  207.881  23.9192 -19.1593  23.9192   5.9423
-180 -152    0 -180.509 -152.593 0.116614   27.1194   14.6763   2.56854   14.6763   30.8613 -0.170688   2.56854 -0.170688    3.3122
-181 -153    0 -181.435  -153.52 0.146301 71.5058 7.65648 3.94381 7.65648 58.7249 9.50896 3.94381 9.50896 4.41579
-244 -153    0 -244.553  -153.43 0.128928  17.9545 -9.98844 -2.34382 -9.98844  13.8622  3.18885 -2.34382  3.18885  3.18732
-180 -153    0  -180.316  -153.572 0.0941287   15.2986  -20.1475 -0.927817  -20.1475   115.053   2.01126 -0.927817   2.01126   2.53171
-219 -155    0   -219.788   -155.328 -0.0185514  65.5541 -42.2025 -3.33882 -42.2025  113.356 -4.74324 -3.33882 -4.74324  3.08687
-220 -155    0  -220.502  -155.382 -0.423501  95.1585 -8.67254  21.3586 -8.67254  78.0738 -27.9201  21.3586 -27.9201  21.1276
-162 -156    0   -162.869   -156.379 -0.0215319 305.944 109.202 22.5838 109.202 310.537 29.0394 22.5838 29.0394 4.83238
-242 -151   -1 -242.357 -151.641 -1.53238  78.6694 -78.3492  61.8693 -78.3492  90.7693 -60.1938  61.8693 -60.1938  73.9999
-180 -152   -1 -180.494 -152.867 -1.44765  754.424  710.962  -184.44  710.962  3202.51 -786.546  -184.44 -786.546  209.799
-220 -155   -1 -220.368 -155.554 -1.46499  21.1337 -13.4576 -5.66959 -13.4576  57.9144  4.54128 -5.66959  4.54128  13.7875
-204 -166   -1 -204.169 -166.729 -1.71408  286.729   387.03 -1690.92   387.03  1931.57 -10302.1 -1690.92 -10302.1  58345.1
-151 -150   -1  -151.79 -150.853 -1.37002  5071.01  -4962.9  317.496  -4962.9  5919.07 -307.779  317.496 -307.779  30.4267
-182 -151   -1  -182.31 -151.065 -1.38407  29.4276 -20.5224 -0.13515 -20.5224  219.478 -10.5833 -0.13515 -10.5833  12.6664
-179 -151   -1 -179.079 -151.652  -1.6073 2730.74 1952.05 55.4235 1952.05 1972.74 181.799 55.4235 181.799 60.3017
-177 -152   -1 -177.248 -152.605 -1.54786  10.0825 -1.73783  7.00158 -1.73783  10.5094 -2.63593  7.00158 -2.63593  22.3352
-180 -153   -1 -180.337 -153.458 -1.33013  91.5833  29.8636 -16.4238  29.8636  21.5435 -3.90358 -16.4238 -3.90358  15.5063
-244 -153   -1  -244.44 -153.482 -1.35229  26.8218  -25.901  19.7222  -25.901  49.6708 -39.2711  19.7222 -39.2711  43.8866
-178 -151   -1 -178.547 -151.685 -1.52175  59.3733  131.502 -17.5215  131.502  347.477 -41.4204 -17.5215 -41.4204  13.9982
-238 -151   -1 -238.615  -151.48 -1.51597  19.4143  13.8873  -3.9676  13.8873  28.3772 -10.2833  -3.9676 -10.2833  12.7329
-238 -152   -1 -238.504 -152.648 -1.53366  29.3559 -4.76251 -23.0563 -4.76251  119.531   34.249 -23.0563   34.249  33.1966
-242 -152   -1 -242.535  -152.41 -1.57678  20.5694 -11.8163  3.49484 -11.8163  20.5199  -1.2394  3.49484  -1.2394  6.09862
-243 -152   -1 -243.603 -152.614 -1.58124  22.4925 -32.0752 -4.73644 -32.0752  97.6989  20.0126 -4.73644  20.0126  14.0082
-244 -152   -1 -244.375 -152.308 -1.74023 119.465 16.2779 107.309 16.2779 33.9862 4.28849 107.309 4.28849 112.728
-181 -153   -1  -181.46 -153.259 -1.53859  34.1663 -11.2868 -4.22111 -11.2868  23.0125  11.3686 -4.22111  11.3686   17.936
-218 -153   10 -218.453 -153.248  10.3124   33.382 -32.0582 -33.1794 -32.0582  47.9837  42.7426 -33.1794  42.7426  62.3265
-156 -164    2 -156.65 -164.77 2.57581 775.607 80.1972 113.247 80.1972 443.563 112.155 113.247 112.155 52.0226
-194 -164    4 -194.394 -164.957  4.77966 205.892 1167.57 147.992 1167.57 8157.59 863.158 147.992 863.158 126.317
-233 -162   -2 -233.702 -162.305 -2.14393 32.4477 2.12632 262.369 2.12632 24.5954  265.85 262.369  265.85 5820.75
-177 -152   -2  -177.49 -152.305 -2.18322  610.839  895.726 -240.717  895.726  1325.04 -370.724 -240.717 -370.724  244.555
-179 -153   -2 -179.697 -153.308 -2.17569  2172.35  2438.22 -1260.07  2438.22  2757.23 -1397.73 -1260.07 -1397.73  807.613
-247 -161   -2 -247.662 -161.505 -2.35023  1845.02  1340.49 -2989.06  1340.49  995.422 -2266.05 -2989.06 -2266.05   5681.6
-245 -162   -2 -245.523 -162.506  -2.2946  79.9297 -35.6378 -65.5501 -35.6378  80.1029  544.427 -65.5501  544.427  4558.79
-244 -161   -2 -244.521 -161.523 -2.43153  58.987  92.636  268.33  92.636 201.485  809.01  268.33  809.01 4511.21
-248 -161   -2 -248.331 -161.507 -2.40185  28.052 83.4095 114.583 83.4095 444.101 918.734 114.583 918.734  3461.2
-249 -160   -2 -249.363 -160.514  -2.5313 26.4244  11.498 -24.198  11.498 32.0159 87.4269 -24.198 87.4269  630.56
-245 -161   -2 -245.718 -161.501 -2.44731 7.89112  13.943 64.7681  13.943  107.12 561.416 64.7681 561.416  3248.3
-181 -150   -2 -181.866 -150.083 -2.24245 10167.6 2391.38 425.562 2391.38 766.516 107.769 425.562 107.769 28.8871
-244 -151   -2 -244.515 -151.473 -2.31404 72.3706 7.84088  51.548 7.84088 27.3024  23.775  51.548  23.775 59.1341
-242 -153   -2 -242.576 -153.345 -2.23424  409.792  102.782 -233.859  102.782  39.1737 -59.5294 -233.859 -59.5294  148.059
-178 -151   -2  -178.86 -151.579 -2.39291  149.618  311.149 -7.27666  311.149  844.909 -26.5707 -7.27666 -26.5707  17.7834
-181 -152   -2 -181.442 -152.867 -2.42321  239.294 -74.7718 -99.7874 -74.7718  1679.47  735.393 -99.7874  735.393  359.786
-179 -154   -1  -179.48 -154.729 -1.33477  118.215 -63.4729  45.7055 -63.4729  358.974  211.015  45.7055  211.015  199.306
-152 -150   -2 -152.059 -150.827 -2.42017 3472.44 687.369 67.6446 687.369 509.571 6.03894 67.6446 6.03894 11.6201
-243 -151   -2 -243.054 -151.675 -2.56533  6038.12 -321.237  -2218.6 -321.237  30.8744  120.593  -2218.6  120.593  834.766
-237 -152   -2 -237.425 -152.328 -2.55269  18.3189 0.426777 -2.22508 0.426777  21.2613  6.94883 -2.22508  6.94883  17.7432
-245 -152   -2 -245.247 -152.502 -2.81591  39.0748 -12.1298 -105.052 -12.1298  29.6776  102.236 -105.052  102.236  590.102
-238 -152   -2 -238.541 -152.575 -2.40985   23.0108 -0.420138   18.0546 -0.420138   14.6232  -9.07077   18.0546  -9.07077   33.9082
-222 -156   -2 -222.796 -156.859 -2.46531  303.238  213.888 -10.6927  213.888  371.067  16.9674 -10.6927  16.9674  14.2016
-223 -156   -2 -223.248 -156.837 -2.74789  20.9367 -51.0112  24.5608 -51.0112  217.887  -66.806  24.5608  -66.806  189.964
-166 -150   -2  -166.45  -150.67 -2.80561 48.9065 22.7258 354.165 22.7258  26.511 228.998 354.165 228.998 2971.91
-169 -150   -2 -169.715 -150.365 -2.73055 68.1401 43.6619  29.705 43.6619 75.3623  29.274  29.705  29.274 30.3592
-182 -151   -2  -182.23 -151.082  -2.6522  79.1663   53.878 -3.73557   53.878  306.415  2.31585 -3.73557  2.31585  22.2099
-179 -151   -2 -179.224 -151.554 -2.51286 36.4765 22.4556 8.90777 22.4556  263.88 44.3075 8.90777 44.3075 18.6285
-242 -152   -2 -242.401 -152.626 -2.60775   78.704 -110.016 -3.89771 -110.016  227.821 -4.23857 -3.89771 -4.23857  9.18022
-243 -152   -2 -243.494 -152.639 -2.43159  16.4891 -4.22475 -2.07786 -4.22475  11.8685 -5.81032 -2.07786 -5.81032  18.5915
-243 -153   -2 -243.604 -153.346  -2.7323  10.0651  2.93357   2.4999  2.93357  16.8562 -1.98819   2.4999 -1.98819  90.2961
-244 -153   -2 -244.379  -153.37 -2.64097  13.8473  4.76579 -0.21579  4.76579  20.7594 -13.7144 -0.21579 -13.7144  28.8279
-235 -158   -2 -235.904 -158.469 -2.85549  1342.5 469.151 3014.75 469.151 198.866 1219.66 3014.75 1219.66 7853.34
-245 -158   -2 -245.873 -158.387 -2.73811  6099.08  8374.84 -1996.89  8374.84  11736.2 -2813.46 -1996.89 -2813.46  695.984
-181 -150   -1 -181.785 -150.023 -1.58075  1097.51  1605.31  3.11359  1605.31  4290.72 0.670942  3.11359 0.670942  13.2741
-245 -153    0  -245.77 -153.281 0.409634  28.5315 -12.1946  1.29202 -12.1946  44.6694 -9.07962  1.29202 -9.07962  5.46927
-234 -157   -3 -234.463 -157.671 -3.05482 99.3101 210.049 671.891 210.049 534.071 1929.57 671.891 1929.57 8796.26
-234 -150   -3 -234.734 -150.933 -3.17064  2988.28 -7507.29 -3250.16 -7507.29  19319.8  7974.55 -3250.16  7974.55  3843.48
-247 -155   -3 -247.398 -155.443 -3.20015  195.102 -93.7926 -489.772 -93.7926  85.2441  196.693 -489.772  196.693  1397.41
-246 -155   -3 -246.132  -155.81 -3.21711  145.807 -2.30366 -196.674 -2.30366  69.1231  432.026 -196.674  432.026  5689.65
-236 -152   -3 -236.838 -152.474  -3.2197 188.119 45.5939 82.3544 45.5939 38.1652 18.0783 82.3544 18.0783 132.719
-243 -153   -3 -243.866 -153.363  -3.2436  60.3647 -0.10671 -108.382 -0.10671  6.24692 -11.7114 -108.382 -11.7114  324.863
-237 -152   -3 -237.541 -152.285  -3.3024   28.2357   15.6246 -0.752035   15.6246   30.0864   4.17939 -0.752035   4.17939   45.1721
-243 -152   -3 -243.583 -152.832 -3.28777  73.0896 -75.9216 -77.4711 -75.9216  100.741  88.4154 -77.4711  88.4154  194.335
-222 -157    2 -222.773 -157.077  2.40864 88.3746 82.5425 33.3205 82.5425 450.429 44.6614 33.3205 44.6614 21.6988
-244 -153   -3 -244.204 -153.174 -3.33217  806.976  -10.763 -783.542  -10.763  98.3856  28.7473 -783.542  28.7473  826.504
-182 -150   -1 -182.218 -150.904 -1.33461  5494.21 -1827.43 -276.128 -1827.43  662.672  89.8027 -276.128  89.8027  20.1101
-195 -165   -3  -195.45 -165.326 -3.40702  79.4543 -140.105  -57.637 -140.105  381.285  140.631  -57.637  140.631  126.453
-223 -152   -3 -223.456 -152.435 -3.62012  236.762 -276.595 -546.103 -276.595  336.942  649.594 -546.103  649.594  1335.83
-177 -150   -3 -177.563 -150.797  -3.5537  10.8118 -1.11066  5.79049 -1.11066  85.2797  55.8943  5.79049  55.8943  77.2801
-187 -151   -3 -187.325 -151.425 -3.66633   43.548  44.6641 -78.3833  44.6641  4838.43  4123.64 -78.3833  4123.64  3921.48
-224 -151   -3 -224.442 -151.504 -3.82216 18.4519 7.96213 218.588 7.96213 44.6198 588.468 218.588 588.468 11793.6
-181 -152   -3 -181.403 -152.719 -3.54144  61.7124 -74.4941   23.271 -74.4941  1013.27  115.162   23.271  115.162  48.3674
-178 -150   -3  -178.31 -150.526 -3.62235   20.5007   1.81248  -13.0485   1.81248   8.25797 -0.976958  -13.0485 -0.976958   43.5265
-169 -150   -3  -169.42 -150.249 -3.44903  9.38686  5.39545 -2.59708  5.39545  53.0335 -9.03735 -2.59708 -9.03735  7.46887
-181 -150   -3  -181.71 -150.272 -3.52989  51.9167 -57.8955  24.1161 -57.8955  195.196  -46.139  24.1161  -46.139  23.1731
-152 -150   -3  -152.14 -150.867   -3.318  109.384 -124.873 -2.96123 -124.873  1272.39 -125.271 -2.96123 -125.271  23.1027
-182 -151   -3 -182.216 -151.109 -3.52609  63.2431 -5.60867  2.08979 -5.60867  457.914  10.0942  2.08979  10.0942  13.3747
-179 -151   -3  -179.36  -151.44 -3.66556 46.9875 23.3063 3.54445 23.3063 63.7334 11.5674 3.54445 11.5674  20.679
-176 -151   -3 -176.194  -151.36  -3.5704  99.8102 -66.6073 -12.5156 -66.6073  75.1708 -5.58968 -12.5156 -5.58968  16.1169
-183 -151    4 -183.328 -151.115  4.56618  42.2892 -80.3754 0.435502 -80.3754  388.099   24.111 0.435502   24.111  12.8842
-194 -161   -4 -194.281 -161.634 -4.26095  223.186 -184.422 -237.426 -184.422  174.879  210.764 -237.426  210.764  365.722
-192 -159   -4 -192.472 -159.188 -4.31996 12.1715 2.96343 7.16409 2.96343 253.624 31.6828 7.16409 31.6828 75.3755
-177 -151   -4 -177.367 -151.309 -4.58641  50.6195  41.4886 -76.4924  41.4886  61.9841 -89.5424 -76.4924 -89.5424  276.707
-179 -151   -4 -179.455  -151.45 -4.47674 137.954 78.6156 41.2452 78.6156 61.3153 22.1308 41.2452 22.1308 25.7486
-151 -150   -4 -151.707 -150.659 -4.55077   67.472  68.6606  -49.346  68.6606  132.835 -21.1136  -49.346 -21.1136  73.5614
-181 -150   -4 -181.831 -150.472 -4.51007  71.1604 -105.116  17.5225 -105.116  447.534  -93.753  17.5225  -93.753  29.0556
-152 -150   -4 -152.174 -150.803 -4.60549  557.675 -201.195 -13.9229 -201.195  90.6263 0.704367 -13.9229 0.704367  11.6174
-182 -151   -4 -182.309 -151.224 -4.49549  85.6345 -60.8828  18.5414 -60.8828  81.1601 -18.7344  18.5414 -18.7344  12.2018
-181 -152   -4 -181.454 -152.444 -4.43245 117.497 251.061 46.7891 251.061 741.672 129.055 46.7891 129.055 43.4969
-151 -150   -5 -151.568 -150.565 -5.26596  563.402 -693.973 -995.375 -693.973  871.156  1169.45 -995.375  1169.45  2316.91
-185 -150   -5 -185.345 -150.443 -5.41953 673.591 292.405 519.265 292.405 144.352 229.014 519.265 229.014 423.639
-182 -150   -5 -182.494 -150.292 -5.33305  342.133  314.492 -108.588  314.492  313.173 -85.3107 -108.588 -85.3107  67.0464
-179 -150   -5 -179.574 -150.412 -5.48818  143.298 -11.0288 -82.3338 -11.0288  14.9476  8.44831 -82.3338  8.44831    80.01
-152 -150   -5   -152.2 -150.862 -5.54431  222.765 -313.488  20.2588 -313.488   581.16 -4.34495  20.2588 -4.34495  28.6115
-219 -157    5 -219.527 -157.536  5.62788  1850.38 -3497.06 -573.105 -3497.06  6671.67  1093.99 -573.105  1093.99  196.828
-181 -152   -5 -181.339 -152.179 -5.37703 73.1272 51.3542 13.5666 51.3542 100.902 21.1555 13.5666 21.1555 21.7097
-179 -154   -5 -179.645 -154.695 -5.76829  100.578 -14.9768  20.9266 -14.9768   100.62  201.795  20.9266  201.795  491.723
-181 -150   -5 -181.908 -150.673 -5.48406  220.042 -5.84112 0.195279 -5.84112  109.755 -16.7074 0.195279 -16.7074  15.5424
-181 -151   -5 -181.777 -151.487 -5.68532   250.155    145.61  -4.18844    145.61    91.133 -0.184266  -4.18844 -0.184266   16.6663
-182 -151   -5 -182.182 -151.246 -5.55599  152.238 -49.7792  12.7248 -49.7792  102.233 -2.84027  12.7248 -2.84027   10.994
-177 -151   -5 -177.354 -151.381 -5.65649  119.591 -190.559  22.4684 -190.559  437.094 -34.1431  22.4684 -34.1431   15.382
-179 -151   -5 -179.611 -151.435   -5.471  52.3482  26.4065 -8.31285  26.4065  201.616 -5.21373 -8.31285 -5.21373  10.3186
-177 -152   -5 -177.247 -152.536 -5.67621  417.316  426.697  7.86147  426.697     5034 -174.343  7.86147 -174.343   12.488
-180 -153   -5 -180.427 -153.288 -5.67973  138.333 -86.1565  13.5417 -86.1565  76.4776 0.032765  13.5417 0.032765  14.4245
-181 -152   -6  -181.39 -152.081 -6.26713 611.767 488.054 876.611 488.054 560.177 754.175 876.611 754.175 1329.48
-182 -151   -6 -182.375  -151.46 -6.37461  77.5848 -71.0452 -1.17133 -71.0452  120.615   86.205 -1.17133   86.205  161.566
-181 -151   -6 -181.458  -151.69 -6.34763 41.8071 34.3223 20.4703 34.3223 39.9147 22.6727 20.4703 22.6727 49.4927
-181 -150   -6 -181.873 -150.743  -6.3122  1918.61 -452.424  880.406 -452.424  389.463 -209.437  880.406 -209.437  428.483
-179 -151   -6 -179.657 -151.476 -6.25291  53.9724 -7.71098  15.8878 -7.71098   254.52  -13.776  15.8878  -13.776  26.2626
-180 -153   -6  -180.33 -153.112 -6.44107   358.99 -62.0084 -57.6864 -62.0084  1462.47  179.235 -57.6864  179.235  46.3821
-237 -152    1 -237.602 -152.234   1.4663  45.4625  23.4135 -7.34453  23.4135  31.5178 -7.35958 -7.34453 -7.35958  9.96155
-244 -152    3 -244.322 -152.396  3.31701   32.5916   5.45014  -8.05836   5.45014   9.34815 -0.463123  -8.05836 -0.463123   14.6354
-182 -150   -6 -182.442 -150.308 -6.27582  32.7186  35.5438 -25.1005  35.5438  55.6977 -40.7298 -25.1005 -40.7298  52.3166
-178 -152    4  -178.17 -152.536  4.26916  34.6905 -5.90967 -6.39959 -5.90967  16.3021  8.48705 -6.39959  8.48705  27.3895
-177 -151   -6 -177.606 -151.459 -6.49602 54.1866 110.705 40.6472 110.705  383.71 149.187 40.6472 149.187 77.5879
-176 -151   -6 -176.457 -151.939 -6.57389  27.0035  65.6007 -26.5918  65.6007  1196.17 -210.287 -26.5918 -210.287  55.3545
-176 -152   -6   -176.6 -152.109 -6.69103  43.9634 -14.5764 -53.7195 -14.5764  396.303   72.072 -53.7195   72.072  100.052
-183 -154    5 -183.408 -154.564  5.36969  8.78085 0.477234 -4.07428 0.477234  278.702 -220.129 -4.07428 -220.129  190.864
-152 -150   -6 -152.329 -150.874 -6.79627   4252.3 -4379.49 -2475.63 -4379.49   4658.6   2534.8 -2475.63   2534.8  1458.52
-175 -153   -6 -175.281 -153.484 -6.82332  27.7809 -4.65069  57.2729 -4.65069  72.5741  160.027  57.2729  160.027  616.627
-238 -152    1 -238.548 -152.482  1.54082  13.2146 -11.8371  4.90891 -11.8371  47.9327 -24.9254  4.90891 -24.9254  25.9972
-242 -153    0  -242.376  -153.505 -0.168861  16.6209 0.598817 -4.42864 0.598817  13.0279  2.68119 -4.42864  2.68119  5.36078
-152 -150   -7 -152.502 -150.847 -7.52075 70.5327 71.5924 12.9954 71.5924 120.921 14.3962 12.9954 14.3962  12.069
-182 -151    0   -182.453   -151.145 -0.0490328  35.2461 -12.3096 0.275924 -12.3096  25.5897  0.93993 0.275924  0.93993  2.87176
-244 -151    1 -244.437 -151.497  1.59484   13.2748   -3.8988 -0.496332   -3.8988   21.3355   13.4694 -0.496332   13.4694   34.1834
-150 -153   -8 -150.484 -153.377 -8.30519  98.6944  5.88614  317.503  5.88614  98.4093 -28.7638  317.503 -28.7638   1239.9
