-192   52    2 -192.759   52.702  2.07274  185.485 -24.9394 -28.7857 -24.9394  16.3334  14.5873 -28.7857  14.5873  101.486
-192   52    1 -192.77 52.3784 1.65085  183.878  -31.263 -16.3802  -31.263  65.3432  26.9076 -16.3802  26.9076  24.5875
-192   51    0 -192.769  51.8685 0.397858  219.423 -359.355  43.7733 -359.355  1208.97 -97.8788  43.7733 -97.8788  17.4404
-192   52    0 -192.676  52.4899 0.309801 1695.22 35.5465 30.7169 35.5465 13.8218 3.42833 30.7169 3.42833 4.43764
-192   57    0 -192.561  57.2842 -0.22583  128.559   10.276 0.326741   10.276  25.5125  7.03199 0.326741  7.03199  4.03008
-192   61   -4 -192.375  61.6118 -4.70949  101.875 -10.6618  49.5483 -10.6618  15.5354 -4.84036  49.5483 -4.84036  74.5178
-165   56   -4 -165.509  56.1019  -4.5474  18.9885 -3.55854  14.0242 -3.55854  136.763 -57.2815  14.0242 -57.2815  58.2165
-163   55   -4 -163.233   55.748 -4.68374  148.503  81.4823  23.4565  81.4823  423.665 -42.4698  23.4565 -42.4698  34.3284
-192   51   -4 -192.611  51.4625 -4.70732  86.9341 -32.3531  38.2798 -32.3531  56.0298 -38.5632  38.2798 -38.5632  44.8038
-163   55   -5 -163.219   55.744 -5.19268  59.6422 -65.1925  16.1049 -65.1925   812.22  107.462  16.1049  107.462  231.673
-190   59   -5 -190.385  59.7472 -5.41667  37.0235 -18.0361  67.7209 -18.0361  22.9045 -19.5111  67.7209 -19.5111  279.427
-189   60   -5 -189.681  60.1736 -5.51161  60.2469 -110.733 -22.5725 -110.733  342.461 -36.1936 -22.5725 -36.1936  177.965
-165   56   -5 -165.412  56.0874 -5.22178  30.8117 -13.8976 -9.35009 -13.8976  65.5525  25.6364 -9.35009  25.6364  34.0526
-190   54   -5 -190.892   54.487 -5.51811  4070.51 -339.253  3850.15 -339.253  39.3696 -287.757  3850.15 -287.757  4022.16
-191   53   -5 -191.298  53.7468 -5.42739  296.587 -58.6263    290.3 -58.6263  25.6267 -64.2563    290.3 -64.2563  322.618
-221   53   -5  -221.57  53.5512 -5.52105 11.4951 155.286 20.4828 155.286 7946.07 1201.07 20.4828 1201.07 217.729
-222   53   -5 -222.46 53.5728 -5.6713  9.35959 -13.3634 -11.9271 -13.3634  260.216  85.7254 -11.9271  85.7254  67.1574
-224   51   -5 -224.725    51.74 -5.73603 20672.1 770.012 1098.26 770.012 54.3091 8.04718 1098.26 8.04718 302.915
-188   64   -5 -188.468  64.5054 -5.35347  48.8939 -20.2782  31.7305 -20.2782   28.405 -10.5936  31.7305 -10.5936  31.5182
-188   62   -5 -188.375  62.4211 -5.71221  26.2374  13.9519 -6.48979  13.9519  81.8623 -75.3599 -6.48979 -75.3599  88.7873
-188   61   -5 -188.273   61.631 -5.95791  715.445 -53.4605 -2408.71 -53.4605  16.7148  184.807 -2408.71  184.807  12158.2
-223   53   -5 -223.607  53.7035 -5.85373  13.5396 -38.3634 -9.45078 -38.3634  1210.44 -21.9076 -9.45078 -21.9076  86.5744
-224   53   -5 -224.355  53.6188 -5.80626  34.5751 -26.6697 -5.37325 -26.6697   57.887  18.5947 -5.37325  18.5947  54.8775
-176   57   -6 -176.406  57.4914 -6.16432  80.3787  27.1038 -917.745  27.1038  25.0504 -360.807 -917.745 -360.807  13782.3
-179   52   -6 -179.485  52.4121 -6.22008  303.852 -286.043  164.021 -286.043  316.651 -163.797  164.021 -163.797  1098.53
-184   50   -6 -184.406  50.1544 -6.22115  64.9233 -13.4943  452.913 -13.4943   40.026 -27.2729  452.913 -27.2729  5804.64
-180   50   -6 -180.586  50.4541 -6.27939  10.7156  4.88109  18.3797  4.88109  9.82752 -7.52052  18.3797 -7.52052   704.33
