-279 -161   12 -279.663 -161.046  12.5679  2830.84 -3806.26  1164.42 -3806.26  6018.06 -1624.65  1164.42 -1624.65  511.305
-269 -154   12 -269.391 -154.497   12.602     20.4  48.0426 -20.5041  48.0426  222.268 -108.693 -20.5041 -108.693  63.1203
-275 -156   12 -275.303 -156.187  12.4029  269.377  348.497   8.5128  348.497  1203.84 -126.545   8.5128 -126.545  35.1105
-273 -157   12 -273.723 -157.402  12.5808  381.997 -247.942  22.2315 -247.942  1032.65 -198.529  22.2315 -198.529  48.3867
-278 -152   11 -278.713 -152.192  11.7358  69.9366 -33.0072  -94.898 -33.0072  45.4811  61.9079  -94.898  61.9079  169.141
-286 -150   11 -286.647 -150.533   11.407  666.468 -1167.49 -368.012 -1167.49  2216.88  927.878 -368.012  927.878  724.226
-262 -153   11 -262.673 -153.118  11.4345   228.63  -179.31  14.9948  -179.31  977.829 -71.1283  14.9948 -71.1283  18.6058
-285 -153   11 -285.577 -153.562  11.3477  221.622 -37.2796  92.1866 -37.2796  928.191 -549.796  92.1866 -549.796  360.895
-263 -150   11 -263.161 -150.215  11.2141  364.236  227.904  238.455  227.904  698.206 -173.253  238.455 -173.253  397.113
-259 -151   11 -259.679 -151.463  11.2659  116.294   25.595 -102.428   25.595  13.8841 -26.0294 -102.428 -26.0294  139.444
-256 -156   11 -256.745 -156.713  11.1367  366.895  132.785 -1283.28  132.785  138.025 -665.642 -1283.28 -665.642  5174.38
-278 -158   11 -278.346 -158.412  11.4042  369.922 -23.4989  17.5015 -23.4989  19.5905  9.89163  17.5015  9.89163  22.6655
-286 -150   10 -286.186 -150.645  10.7024 3602.55 719.228 2276.66 719.228 813.589  479.49 2276.66  479.49 1469.25
-260 -152   10 -260.566 -152.068  10.4849  28563.2 -13251.2 -26154.6 -13251.2  7309.07  11730.2 -26154.6  11730.2  24225.7
-257 -157   10 -257.472 -157.251  10.5558  2072.55  1911.51 -3676.45  1911.51  4575.85 -5118.29 -3676.45 -5118.29  7619.43
-284 -153   10 -284.613  -153.86  10.4831 28.5112 185.773 2.67541 185.773 3036.04  249.15 2.67541  249.15 130.702
-262 -150   10  -262.35 -150.531  10.5763  151.339 -151.714   123.96 -151.714  216.703 -143.755   123.96 -143.755  160.538
-268 -156   10  -268.08 -156.079  10.2669  1663.78  1386.07  890.785  1386.07  3823.19 -655.351  890.785 -655.351  2046.82
-253 -157   10 -253.778 -157.307   10.392  387.908 -567.728  204.693 -567.728  951.402 -389.503  204.693 -389.503   270.86
-263 -153   10 -263.571 -153.614  10.5336   315.25 -189.494  312.754 -189.494  435.838 -113.438  312.754 -113.438  341.396
-278 -158   10 -278.235 -158.529  10.4418  340.459  139.156 -53.2359  139.156  460.702 -130.126 -53.2359 -130.126  56.2465
-285 -150   10  -285.55 -150.483  10.5031  116.912 -347.068   205.97 -347.068   1304.8 -727.149   205.97 -727.149  422.606
-262 -153   10  -262.73 -153.152   10.597   484.251   248.858 0.0738453   248.858   556.801   9.80791 0.0738453   9.80791   10.1508
-274 -157   10 -274.439 -157.243  10.2161 121.159  148.24 309.934  148.24 223.687 484.184 309.934 484.184 1096.06
-268 -158   10 -268.653 -158.129  10.3859  411.966  781.062 -82.4997  781.062  10644.2 -1877.33 -82.4997 -1877.33  358.916
-276 -158   10 -276.533 -158.332  10.6243  233.779 -270.681  201.992 -270.681    894.7 -702.472  201.992 -702.472  557.959
-262 -150    9 -262.346 -150.907  9.80905  2800.79  2649.43 -329.545  2649.43  2798.48 -335.947 -329.545 -335.947  568.371
-250 -160    9 -250.594 -160.409  9.67457  14449.6  30985.9   -17025  30985.9  72279.4 -39020.5   -17025 -39020.5  21546.1
-254 -157    9 -254.646 -157.466  9.70703   108.61  52.4706 -260.079  52.4706   485.18 -366.087 -260.079 -366.087  871.916
-274 -159    9 -274.315 -159.516  9.65158  29555.9  29868.7 -16518.1  29868.7  31598.3 -16539.1 -16518.1 -16539.1  9352.28
-262 -153    9 -262.888 -153.165  9.59587   9327.8  29293.2 -4569.69  29293.2  95527.8 -14919.3 -4569.69 -14919.3  2439.99
-285 -151    9 -285.501 -151.614  9.22806  541.459 -1673.81 -317.611 -1673.81  5666.36   1461.5 -317.611   1461.5  824.009
-284 -153    9 -284.115 -153.472  9.39504 2936.71 775.537 1242.38 775.537 322.761 386.358 1242.38 386.358 569.037
-250 -157    9 -250.741 -157.746  9.55738  781.224  -665.94 -116.139  -665.94  1565.54 -550.435 -116.139 -550.435  447.594
-278 -158    9 -278.163 -158.769   9.6275  2228.13 -3649.25  1095.61 -3649.25  6896.18  -1969.2  1095.61  -1969.2  582.082
-282 -150    9 -282.634 -150.143   9.3757  72.2132 -63.1229 -76.7469 -63.1229  89.8515  73.3689 -76.7469  73.3689   93.766
-279 -150    9 -279.463  -150.34  9.51087  298.984 -111.764 -136.845 -111.764  92.8382  47.3257 -136.845  47.3257  72.7974
-280 -150    9 -280.498 -150.632  9.34861 116.613 95.6813 26.0903 95.6813 400.231 -126.79 26.0903 -126.79 89.0715
-284 -150    9 -284.808 -150.824  9.28738  293.027 -231.966  282.949 -231.966  17177.9 -8760.45  282.949 -8760.45  4602.05
-279 -151    9 -279.777 -151.286  9.52106 162.226   310.8 36.0822   310.8 698.346 71.3222 36.0822 71.3222 20.1279
-262 -151    9 -262.362 -151.276  9.37958  206.576  102.328  -95.158  102.328  351.742 -303.254  -95.158 -303.254  289.374
-274 -157    8  -274.59 -157.812  8.74883  967.389  1360.74 -636.002  1360.74  3024.02 -1548.37 -636.002 -1548.37  845.534
-274 -154    8 -274.692  -154.46  8.71727  32.8467  32.2931 -34.3729  32.2931  68.0896 -63.8368 -34.3729 -63.8368  143.002
-276 -159    8 -276.638 -159.242  8.58473  788.112 -565.252  111.415 -565.252  465.617 -87.3395  111.415 -87.3395  67.9127
-252 -155    8 -252.153 -155.879  8.62836   4192.6 -8020.78  1481.67 -8020.78    16322 -3103.14  1481.67 -3103.14  620.693
-253 -161    8 -253.725 -161.298   8.6525 191.278   181.9 59.8747   181.9 823.032 85.1177 59.8747 85.1177 38.5035
-279 -150    8 -279.841 -150.658   8.5929   502.61  461.031  -310.55  461.031  946.248 -465.471  -310.55 -465.471  275.407
-251 -155    8 -251.668 -155.694  8.38967  442.115 -816.192 -76.5369 -816.192  1636.75  163.453 -76.5369  163.453  27.4107
-274 -150    8 -274.746 -150.119  8.12653  87.5554  301.464  139.087  301.464   1319.7 -591.426  139.087 -591.426  11005.3
-296 -151    8 -296.438 -151.794  8.44635   944.87  514.906 -1376.35  514.906  2178.59 -889.542 -1376.35 -889.542  2026.21
-279 -152    8 -279.694 -152.313  8.55181   372.59 -159.732 -284.217 -159.732  105.814  131.504 -284.217  131.504  231.078
-288 -152    8 -288.456 -152.555  8.22724  594.814  2022.94 -946.665  2022.94  7009.29 -3254.03 -946.665 -3254.03  1557.78
-262 -152    8 -262.532  -152.41  8.49864  45.3839 -12.7469 -22.3369 -12.7469  10.9888  9.27442 -22.3369  9.27442  29.5124
-274 -158    8 -274.649   -158.2  8.47323  1063.69 -312.862 -349.698 -312.862  168.934   120.61 -349.698   120.61  131.143
-268 -158    8 -268.514 -158.349  8.43837 2604.43 4733.55 339.404 4733.55 8923.99 628.038 339.404 628.038 57.9541
-251 -158    8 -251.148 -158.366  8.58457  89.1969   55.496  -73.925   55.496  143.404 -119.043  -73.925 -119.043  118.472
-277 -159    8 -277.824 -159.081  8.27465  675.393  1238.31 -78.7083  1238.31  2840.09 -370.117 -78.7083 -370.117  160.777
-282 -150    8 -282.309 -150.059  8.28985  42.7958  98.4701  7.15492  98.4701  1206.97 -158.067  7.15492 -158.067  58.1042
-280 -150    8 -280.174 -150.758  8.43923  572.835 -701.009 -46.9909 -701.009  1654.06  190.802 -46.9909  190.802  38.6218
-284 -151    8 -284.443 -151.214  8.47359  350.162 -322.696  285.987 -322.696  417.937 -287.031  285.987 -287.031  251.381
-283 -152    8 -283.729 -152.774  8.35992  157.491 -216.354  7.15757 -216.354  414.382  21.6904  7.15757  21.6904  21.5281
-263 -152    8  -263.35 -152.786  8.15584   1150.7  -298.23  2957.19  -298.23  1085.25 -2102.93  2957.19 -2102.93  9456.13
-262 -153    8 -262.881 -153.052  8.57097 133.667 73.6703 7.89077 73.6703 911.572 26.0928 7.89077 26.0928 12.2964
-267 -156    8 -267.525 -156.781  8.42223  196.57 11.3216 60.4858 11.3216 464.432 -84.898 60.4858 -84.898  44.466
-259 -158    8  -259.69 -158.539  8.25452  167.609 -84.3249 -176.957 -84.3249  57.0383   77.936 -176.957   77.936  236.422
-251 -160    8 -251.406  -160.35  8.50404  1142.12 -186.528 -702.631 -186.528  229.447  116.083 -702.631  116.083  438.691
-255 -157    7 -255.145 -157.323  7.84039  455.756 -502.947  366.555 -502.947  1072.63  -1432.3  366.555  -1432.3  2852.73
-285 -151    7 -285.444 -151.257  7.66375  1796.96  1322.64 -2670.26  1322.64  1149.56 -1764.63 -2670.26 -1764.63  4273.95
-284 -151    7 -284.253 -151.419  7.76318  43.9353 -154.379  74.1399 -154.379  767.554 -290.719  74.1399 -290.719  211.197
-267 -156    7  -267.55 -156.896  7.69162  328.148 -1760.98  465.369 -1760.98  31819.5 -8658.57  465.369 -8658.57  2401.46
-297 -151    7 -297.552 -151.691  7.68816   17.6564  -2.92817 -0.376896  -2.92817   20.3178  -12.7827 -0.376896  -12.7827   52.6982
-251 -158    7 -251.692 -158.736   7.6563   273.59  119.305 -166.606  119.305  795.954  -383.54 -166.606  -383.54  250.483
-298 -151    7 -298.619  -151.79  7.58252  110.611  222.592 -21.6268  222.592   1767.4 -104.278 -21.6268 -104.278  16.6215
-275 -156    7 -275.095 -156.157  7.55004   6874.3  1747.62 -2448.32  1747.62  796.028 -899.085 -2448.32 -899.085  1103.31
-252 -160    7 -252.393 -160.191  7.24566  37.3163 -17.3345  45.1386 -17.3345  140.916 -6.13348  45.1386 -6.13348  103.577
-281 -150    7 -281.535 -150.335   7.4547  131.578 -28.5818  137.042 -28.5818  113.523  -69.008  137.042  -69.008  173.283
-280 -150    7 -280.221 -150.761  7.42621  126.102  115.307 -29.8734  115.307  244.448 -30.1761 -29.8734 -30.1761  21.4944
-268 -151    7 -268.286 -151.575   7.5833  482.975 -772.352  170.252 -772.352  1715.32 -359.556  170.252 -359.556   81.915
-283 -151    7 -283.835 -151.469  7.45912  438.237 -82.5164  230.165 -82.5164   2198.5 -852.824  230.165 -852.824  443.658
-262 -152    7 -262.752 -152.702  7.56857  208.514  -292.76  133.586  -292.76  628.664 -339.525  133.586 -339.525   205.68
-282 -153    7 -282.439 -153.344  7.37676  152.418 -46.1851 -111.877 -46.1851  26.7818  41.1035 -111.877  41.1035  106.681
-276 -159    7 -276.243 -159.242  7.51804 455.492 459.033 30.7845 459.033 545.347 30.2133 30.7845 30.2133 10.7169
-286 -150    6 -286.504 -150.112  6.64306  696.036 -263.509 -103.477 -263.509  319.512  46.7775 -103.477  46.7775  47.3722
-276 -150    6 -276.432 -150.369  6.46169  15.053 15.0056  20.654 15.0056  38.572 19.7775  20.654 19.7775 118.071
-281 -153    6 -281.641 -153.584  6.45245 868.819 644.253 533.512 644.253 523.365 408.992 533.512 408.992  427.39
-275 -150    6 -275.481 -150.504  6.34593  238.173  498.176 -1012.65  498.176  1366.15  -2190.8 -1012.65  -2190.8  4552.92
-256 -157    6 -256.648 -157.881  6.57524  80.7989 -70.1046 -32.2136 -70.1046   287.78  7.88116 -32.2136  7.88116  25.0332
-277 -159    6 -277.619 -159.118  6.45128   220.42 -471.732  25.1832 -471.732  1373.39 -39.9039  25.1832 -39.9039  30.2623
-252 -159    6 -252.192 -159.453  6.55941   98.348 -38.8366 -42.6965 -38.8366  64.8435  9.30721 -42.6965  9.30721  38.3616
-274 -150    6 -274.494 -150.655  6.33838 847.121 144.733 366.041 144.733  32.285 67.7899 366.041 67.7899 179.369
-276 -159    6 -276.248 -159.218  6.58857  256.921  244.844 -3.37194  244.844  723.361  7.41262 -3.37194  7.41262  8.31669
-279 -150   10 -279.116 -150.164  10.2425  310.038   84.601 -274.946   84.601  718.668 -400.918 -274.946 -400.918  510.272
-260 -150    6 -260.345 -150.201  6.34297  559.225  230.786 -67.2018  230.786   108.62 -31.7144 -67.2018 -31.7144  26.5202
-280 -150    6  -280.56 -150.725  6.56983  29.7026  52.3871  3.92362  52.3871  402.021 -15.1738  3.92362 -15.1738  17.0917
-268 -151    6 -268.247 -151.603  6.52891  348.758  495.396  17.6223  495.396  769.241 -3.75559  17.6223 -3.75559  25.6275
-283 -151    6 -283.362   -151.8  6.49039  122.953  45.1995  41.5155  45.1995  186.425 -8.80993  41.5155 -8.80993  28.1094
-262 -153    6 -262.873 -153.187  6.56261  288.339  212.382 -70.2454  212.382  481.411 -130.356 -70.2454 -130.356  44.8676
-263 -153    6 -263.065 -153.336  6.39258  1291.63 -288.101 -17.0012 -288.101  387.401 -38.3939 -17.0012 -38.3939  12.8515
-262 -153    7 -262.845 -153.083  7.48168   216.99  420.823  1.75183  420.823   2051.3 -21.7531  1.75183 -21.7531  8.45075
-268 -158    6 -268.483 -158.373  6.31876   929.62  1417.57 -101.391  1417.57  4164.42 -298.886 -101.391 -298.886  26.1952
-272 -159    6 -272.894 -159.797  6.36011  142.388  179.659 -55.0062  179.659  527.801 -175.479 -55.0062 -175.479  85.2089
-264 -152    5 -264.422 -152.897  5.85338  313.135  266.606 -2113.92  266.606  418.055 -1888.47 -2113.92 -1888.47  15033.2
-283 -151    5 -283.247 -151.834   5.8093 35.9334  6.2639 47.7877  6.2639 960.948 49.7316 47.7877 49.7316 186.488
-275 -157    5 -275.366 -157.576  5.63803  1583.48  544.277 -1240.69  544.277  206.037 -431.165 -1240.69 -431.165  1015.41
-262 -153    5 -262.841 -153.476  5.58352  187.978  202.459 -71.6262  202.459   365.14 -143.896 -71.6262 -143.896  102.224
-250 -164    5 -250.438 -164.366  5.64747  47.7019 -61.0509 -58.8088 -61.0509  640.837  127.886 -58.8088  127.886  98.2665
-286 -150    5 -286.167 -150.618  5.61194  2467.55 -955.849   1568.9 -955.849  769.051 -870.329   1568.9 -870.329  1184.36
-272 -159    5 -272.554 -159.576  5.70197   35.3436   6.89699   5.56703   6.89699   10.0781 -0.497098   5.56703 -0.497098    21.882
-277 -150    5 -277.385 -150.695  5.32745  217.983  235.853  35.9835  235.853   655.85 -467.161  35.9835 -467.161  697.472
-277 -159    5 -277.466 -159.096  5.43166      57.5  -44.2757 -0.368989  -44.2757   712.719   20.2014 -0.368989   20.2014   26.1438
-251 -163    5  -251.46 -163.173  5.33447  134.415 -129.861 -168.344 -129.861  215.807  118.224 -168.344  118.224  257.539
-260 -150    5 -260.495 -150.245  5.45002  390.466  249.749 -132.666  249.749  455.264 -139.003 -132.666 -139.003  65.7185
-280 -150    5 -280.574  -150.76  5.58835  66.2955 -31.9608 -16.5321 -31.9608  318.426  16.7223 -16.5321  16.7223  16.9965
-286 -151    5 -286.482 -151.074  5.16466  806.615 -209.997  1247.14 -209.997  2237.54 -763.166  1247.14 -763.166  2057.78
-263 -153    5 -263.241 -153.515  5.40861  60.8108 -43.6905  47.6136 -43.6905  109.614 -46.3784  47.6136 -46.3784  51.0667
-267 -157    5 -267.679 -157.113  5.45113  1034.39  94.6376 -240.685  94.6376  378.708 -94.7399 -240.685 -94.7399  81.0877
-275 -159    5 -275.411 -159.056  5.42737 359.775 176.082  32.575 176.082  618.04 6.27619  32.575 6.27619 12.7923
-276 -159    5 -276.189 -159.123  5.34883 1010.44 558.628 539.066 558.628 2681.86 462.147 539.066 462.147 314.429
-278 -159    5  -278.4 -159.44  5.4393  25.4952  -140.49 -100.106  -140.49  1718.61  1109.39 -100.106  1109.39  727.077
-252 -160    5 -252.783 -160.177  5.21531  76.6836 -5.28134 -3.32656 -5.28134  615.338 -190.727 -3.32656 -190.727  86.9091
-272 -160    5 -272.668 -160.206  5.54896  37.1173  3.57294 -25.5922  3.57294  45.0424 -19.9046 -25.5922 -19.9046  35.4167
-276 -151    4 -276.446 -151.591  4.69635  186.754 -93.8535 -33.8263 -93.8535  65.2983  46.3875 -33.8263  46.3875  106.768
-278 -151    4 -278.388 -151.395  4.57103  25.6993 -174.546   215.43 -174.546  2083.24 -2749.45   215.43 -2749.45  3750.66
-252 -160    4 -252.896 -160.287  4.73046  460.803  155.282 -137.002  155.282  1294.99 -170.592 -137.002 -170.592  79.7215
-262 -153    4 -262.852 -153.683   4.6242  253.863  51.0605 -42.5602  51.0605  145.049  -82.949 -42.5602  -82.949  73.8145
-275 -159    4 -275.748 -159.118  4.54909  434.345  635.962 -232.336  635.962  2420.06 -417.086 -232.336 -417.086   169.02
-267 -151    4 -267.544 -151.452  4.48952 80.8231 142.718 44.7957 142.718 370.331 106.991 44.7957 106.991 48.0531
-260 -158    4 -260.466 -158.914  4.38068  532.737 -1076.01  9.97313 -1076.01  2688.55 -147.555  9.97313 -147.555  45.5282
-272 -159    4  -272.35 -159.171  4.27543 177.118 154.696 187.142 154.696 155.594 177.854 187.142 177.854 247.938
-273 -159    4 -273.462 -159.489  4.51543   40.054  -32.038  11.8614  -32.038  33.3125 -11.9867  11.8614 -11.9867  13.9601
-260 -150    4 -260.789 -150.297  4.37871  336.693 -208.271  198.691 -208.271  811.351 -493.386  198.691 -493.386  336.913
-285 -151    4 -285.586 -151.201  4.17461  381.301 -2395.98  888.027 -2395.98  15847.5 -5879.33  888.027 -5879.33  2217.47
-263 -151    4 -263.514 -151.544  4.27361 10.9106 4.67806 2.95695 4.67806 58.9155 35.8294 2.95695 35.8294 34.6008
-282 -151    4 -282.593 -151.628  4.57139  75.8508 -72.7664  29.5578 -72.7664  201.735  -7.6606  29.5578  -7.6606  29.1553
-274 -152    4 -274.578 -152.397  4.17938   164.64 -392.849 -134.309 -392.849  974.885  365.141 -134.309  365.141  249.455
-269 -153    4 -269.808 -153.486  4.57981  4731.68     1590  213.037     1590  922.616 -34.9792  213.037 -34.9792  47.0176
-274 -157    4 -274.316 -157.899  4.40567  317.611 -31.4319 -237.396 -31.4319   104.12  32.8806 -237.396  32.8806   189.68
-282 -151    3 -282.154 -151.476  3.85172  1105.85 -1379.32 -579.664 -1379.32  2274.85  975.142 -579.664  975.142  505.426
-256 -150    3 -256.537 -150.644  3.67946  116.303 -132.111 -875.461 -132.111  183.966  1068.21 -875.461  1068.21   7042.5
-285 -150    3 -285.292  -150.81  3.56541  1422.97  -226.22  24.0018  -226.22      121 -48.1137  24.0018 -48.1137  83.9029
-284 -152    3  -284.66 -152.176  3.68504  533.316 -799.703  161.116 -799.703  1294.92 -262.907  161.116 -262.907  70.5051
-269 -153    3 -269.634 -153.696   3.7331  3827.57  5596.46 -991.483  5596.46  9995.65 -2083.76 -991.483 -2083.76   494.92
-272 -159    3 -272.579 -159.504  3.44724  8.52384 -3.31248 -7.76868 -3.31248   9.3973  5.01452 -7.76868  5.01452  49.6587
-263 -152    3 -263.465 -152.232  3.46155  43.2061  10.3894  18.8827  10.3894  120.214 -3.60459  18.8827 -3.60459  41.3734
-257 -150    3 -257.335 -150.226  3.55807  59.5284 -21.0714  5.02655 -21.0714  217.802 -31.2649  5.02655 -31.2649  14.3655
-260 -150    3 -260.843 -150.405  3.52194  58.0671  17.3571 0.951926  17.3571  50.9002  11.3583 0.951926  11.3583    13.06
-262 -150    3 -262.908  -150.78  3.20402 786.616 274.242 333.032 274.242 607.783 799.074 333.032 799.074 1215.68
-263 -150    3 -263.361 -150.587  3.49489  63.8389 -35.1373  76.3788 -35.1373  38.2478 -55.0114  76.3788 -55.0114  116.811
-284 -151    3 -284.197 -151.304  3.28007  485.912  1387.85 -802.461  1387.85  4628.85 -3061.73 -802.461 -3061.73  2421.21
-264 -151    3 -264.403 -151.506  3.30816  42.3671  -48.647  119.136  -48.647  123.794 -233.226  119.136 -233.226  562.947
-268 -158    3 -268.233 -158.436  3.54638  399.949 -45.8828  6.81495 -45.8828  524.699 -45.1914  6.81495 -45.1914  13.8497
-253 -160    3 -253.242  -160.39  3.66669  141.094  133.464 -33.6404  133.464  729.001  -64.587 -33.6404  -64.587   25.551
-268 -150    3 -268.532   -150.4  3.16576  28.7829  72.7904 -22.2732  72.7904  377.216 -104.094 -22.2732 -104.094  75.4762
-261 -150    3 -261.227 -150.719  3.42348  72.2868   -138.3  25.3442   -138.3   356.16 -36.0746  25.3442 -36.0746  20.5542
-262 -151    3 -262.666 -151.584  3.38619   63.3106   17.9896  -16.0592   17.9896   16.0475 0.0149565  -16.0592 0.0149565   31.9585
-285 -151    3 -285.383 -151.284   3.5063 38.1552 19.4481 7.24092 19.4481 107.338 11.6085 7.24092 11.6085 9.33008
-267 -151    3 -267.283 -151.538  3.60276 4415.86 465.178 1345.09 465.178 403.702 146.217 1345.09 146.217 415.106
-263 -151    3 -263.534 -151.408  3.49036 15.1279 2.30237 1.63167 2.30237 22.6681 -1.5914 1.63167 -1.5914 14.0477
-267 -157    3 -267.684 -157.503  3.66145  2092.55  2278.59 -243.339  2278.59  2987.77 -310.981 -243.339 -310.981  37.4122
-274 -157    3  -274.47 -157.742  3.44122  19.7495 -15.4857 -8.89953 -15.4857  41.5853   1.2001 -8.89953   1.2001  15.7664
-274 -158    3 -274.326 -158.172  3.24416  32.0161  61.0614 -7.41824  61.0614  247.846   -47.54 -7.41824   -47.54  37.9379
-273 -159    3 -273.682 -159.558  3.28333    25.94 -2.56977 -16.4692 -2.56977  18.6729 -5.48339 -16.4692 -5.48339  25.5169
-267 -150    2 -267.756 -150.497  2.58695  526.066 -714.164  802.097 -714.164   4946.9 -2184.38  802.097 -2184.38   1643.5
-264 -152    2 -264.598 -152.462  2.71202  13.6578  1.60434 -2.10085  1.60434  24.1995 -25.9221 -2.10085 -25.9221  80.5636
-263 -151    2 -263.341 -151.498  2.74574   13.245 -1.18407  2.57068 -1.18407   16.807 -4.16157  2.57068 -4.16157  26.5095
-264 -150    2 -264.348 -150.702  2.55604  35.0942 -54.2173  50.2882 -54.2173  197.203 -81.6529  50.2882 -81.6529  138.732
-264 -151    2 -264.309 -151.248  2.29846  62.7657  -12.079  59.6114  -12.079  228.134 -338.067  59.6114 -338.067  1141.85
-269 -153    2 -269.548 -153.631  2.51951 886.842 1282.42 77.7755 1282.42 1870.58 108.388 77.7755 108.388 18.5185
-273 -158    2 -273.562 -158.293  2.48697 948.575 1252.53 98.1961 1252.53 1710.42 73.2513 98.1961 73.2513 89.3997
-253 -160    2 -253.644 -160.599  2.26005  515.261 -561.113 -490.063 -561.113  7727.65 -8867.42 -490.063 -8867.42  13056.5
-263 -150    2 -263.455 -150.639    2.403 12.7575 1.32769 5.19705 1.32769 41.2322 59.7577 5.19705 59.7577 134.297
-262 -150    2 -262.529 -150.573  2.35034  24.9712 -10.1835 -3.01665 -10.1835  31.9649  3.19319 -3.01665  3.19319  7.98725
-280 -150    2 -280.511 -150.527  2.51412  741.433 -350.234  -190.04 -350.234   179.68  74.6699  -190.04  74.6699  75.2451
-262 -151    2 -262.892 -151.581  2.62309  273.71 12.8343 35.9537 12.8343  11.743 -1.7702 35.9537 -1.7702  12.251
-266 -151    2 -266.621 -151.727  2.36262  13.5207 0.889176  4.75671 0.889176  24.6394  10.8905  4.75671  10.8905  17.7912
-284 -152    2 -284.215 -152.182  2.52425  233.538 -49.5527  79.8791 -49.5527  35.2593 -10.3343  79.8791 -10.3343  37.0015
-263 -152    2 -263.441 -152.373    2.344  1180.76  -1326.8   249.61  -1326.8  1508.99 -288.252   249.61 -288.252  66.1516
-273 -157    2 -273.817 -157.622  2.39388  62.5343  22.7822 -1.28966  22.7822   35.489  8.47475 -1.28966  8.47475  9.37561
-274 -157    2 -274.378 -157.548  2.30652   18.8009  -3.14483   5.30995  -3.14483   10.0068 -0.953346   5.30995 -0.953346   16.4173
-252 -159    2 -252.452 -159.335  2.43841  5797.43 -608.876  248.357 -608.876  188.439 -77.9074  248.357 -77.9074  39.1549
-263 -152    1 -263.453 -152.607  1.60988  125.019 -106.581  36.5529 -106.581  157.506  -81.629  36.5529  -81.629  70.1186
-264 -151    1 -264.344 -151.333   1.4439   15.1471 -0.198913   17.7546 -0.198913   18.5314   37.7577   17.7546   37.7577   271.839
-262 -150    1 -262.635 -150.457  1.46501  38.958 1.33972 3.33265 1.33972 15.4726 5.85288 3.33265 5.85288 36.0665
-266 -151    1 -266.642 -151.612   1.5225 1570.19 235.473 253.263 235.473 150.533 92.2768 253.263 92.2768 83.1037
-263 -151    1 -263.747 -151.322  1.33369  7.36668 -2.09265 -13.7335 -2.09265  11.6591  -3.3133 -13.7335  -3.3133  245.324
-253 -160    1 -253.457 -160.636  1.47341  1683.61 -1076.21  1877.84 -1076.21  893.747 -1108.16  1877.84 -1108.16  2161.99
-264 -150    1 -264.374 -150.481  1.65585  26.3798 -2.70592    5.617 -2.70592  25.4838 -8.27109    5.617 -8.27109  21.9115
-262 -151    1 -262.564 -151.326  1.42257   20.935 -1.30058 -6.19042 -1.30058   19.869 -7.61755 -6.19042 -7.61755  19.9981
-263 -150    1 -263.551 -150.431  1.54084   11.1289  -2.20545 -0.496381  -2.20545   35.1996  -15.3048 -0.496381  -15.3048   19.9044
-263 -150    0  -263.63 -150.393 0.484464 25.0272 17.8915 1.62952 17.8915 39.4533 12.0929 1.62952 12.0929 10.1154
-259 -156    0  -259.55 -156.866 0.077022  52.1846  63.8339 -4.45163  63.8339  2359.74 -285.949 -4.45163 -285.949  37.3076
-264 -150    0 -264.448 -150.223 0.503687  15.8869  1.63495  1.10477  1.63495   22.359 -1.16967  1.10477 -1.16967   3.4617
-260 -150    0 -260.619 -150.642  0.15799  11.9145 0.968346 -6.12117 0.968346  17.6424 -1.79491 -6.12117 -1.79491  10.4145
-280 -150    0  -280.779  -150.364 -0.061587  69.4024 -11.7628 -7.36915 -11.7628  237.339 -35.5545 -7.36915 -35.5545  13.6593
-256 -150    0  -256.781  -150.361 -0.295359  25.6675 -22.9002   6.8248 -22.9002   37.163 -7.49342   6.8248 -7.49342  3.99428
-262 -151    8 -262.431 -151.863  8.62827  202.033 -147.708  99.3825 -147.708  610.949  -405.33  99.3825  -405.33  295.245
-281 -150    0  -281.528  -150.241 -0.417241  424.141 -6.65613 -14.6138 -6.65613  103.842 -36.4693 -14.6138 -36.4693  24.0549
-257 -150    0 -257.489 -150.469 0.298222  239.645  98.1898 -32.0524  98.1898   48.203  -14.758 -32.0524  -14.758  7.54375
-253 -160    0   -253.65  -160.638 -0.396911   6.28076   2.45019 0.0393707   2.45019   6.52378  0.363479 0.0393707  0.363479   1.77672
-284 -151   -1 -284.501 -151.431 -1.35943  12.024 18.1231 2.24239 18.1231 86.6645 57.1819 2.24239 57.1819 65.4315
-260 -150   -1 -260.786 -150.655 -1.39758  303.182 -140.891 -14.2464 -140.891  105.335  27.1982 -14.2464  27.1982  21.9078
-258 -150   -1 -258.469 -150.399 -1.53668  819.001 -1040.92  29.1926 -1040.92  1332.86 -45.6366  29.1926 -45.6366  19.9303
-261 -150   -1  -261.14 -150.411 -1.49595  228.987  47.5641 -56.9174  47.5641  16.6874 -12.8294 -56.9174 -12.8294  30.1671
-258 -164   -1 -258.644 -164.444 -1.72352  313.075  -220.08 -566.611  -220.08  181.768  469.603 -566.611  469.603   1315.6
-280 -150   -1 -280.776  -150.31 -1.61817    22.932  -12.1185   -8.4701  -12.1185   25.6893 -0.125745   -8.4701 -0.125745   22.5677
-255 -150   -1 -255.343 -150.443  -1.5554   29.669  22.0445 -3.19541  22.0445  26.0822 -5.11861 -3.19541 -5.11861  13.7237
-256 -150   -1 -256.271 -150.345 -1.50456  14.5991 -2.25215   6.6772 -2.25215  11.6206  8.34137   6.6772  8.34137  20.6651
-281 -150   -1 -281.189 -150.538 -1.54445  303.896 -142.813  49.6263 -142.813  165.768 -9.22234  49.6263 -9.22234  17.9889
-280 -150    4 -280.763 -150.753  4.42683  1505.12 -2668.48 -594.298 -2668.48   6286.7  1081.39 -594.298  1081.39  243.873
-254 -160   -2 -254.539 -160.684 -2.30039   158.35  145.605 -42.3265  145.605  179.614 -63.8944 -42.3265 -63.8944  67.1118
-252 -159   -2 -252.491  -159.51 -2.49062  7.14039 -1.15905 0.554617 -1.15905   53.401  53.9167 0.554617  53.9167  64.5991
-258 -150   -2 -258.171 -150.385 -2.47846   70.2178  -1.86789   3.45622  -1.86789   4.47002 0.0730685   3.45622 0.0730685   14.6044
-253 -159   -2 -253.583 -159.395 -2.39274  26.8873 -16.7921 -5.45875 -16.7921  18.9308  7.88487 -5.45875  7.88487  30.1979
-256 -151   -2  -256.37 -151.672 -2.65799   18.606 -21.0458  38.7675 -21.0458  46.4686  -37.149  38.7675  -37.149  160.448
-256 -152   -2  -256.48 -152.298 -2.44958   18.5346   9.56221 -0.748232   9.56221   23.1119  -3.02966 -0.748232  -3.02966   13.5241
-256 -150   -2 -256.622 -150.158 -2.60794  17.5058  29.9071 -13.1948  29.9071  109.949 -44.9497 -13.1948 -44.9497  38.8443
-261 -150   -2 -261.281 -150.749 -2.56996  81.4413  47.3143 -6.93895  47.3143  45.2461 -13.0226 -6.93895 -13.0226  17.7635
-257 -152   -2 -257.363 -152.297 -2.85707 18.2526 17.2706 34.3185 17.2706 35.1043 81.3029 34.3185 81.3029 300.219
-255 -152   -2 -255.515 -152.507 -2.45287   17.3947   1.97005  -6.40828   1.97005    14.279 -0.226165  -6.40828 -0.226165    13.276
-251 -156   -2 -251.263  -156.26 -2.83311 227.107 302.999 37.9251 302.999 1062.66 211.801 37.9251 211.801 264.799
-252 -156   -2 -252.833 -156.921 -2.87657   178.13 -153.933 -38.1996 -153.933  673.794 -148.214 -38.1996 -148.214  162.487
-253 -156   -3 -253.579 -156.363 -3.04914  33.1783 -64.4509 -426.886 -64.4509  390.408  2118.35 -426.886  2118.35  13041.4
-255 -154   -3 -255.377 -154.683 -3.17699  25.9996  17.6108 -16.8313  17.6108  51.0117  128.296 -16.8313  128.296  898.921
-250 -152   -3 -250.501 -152.731 -3.43948  23.7076  25.2142 -53.2375  25.2142  365.164  1586.31 -53.2375  1586.31  9313.31
-251 -151   -3 -251.536 -151.646 -3.51452  616.076  556.134 -1761.18  556.134  576.172 -940.654 -1761.18 -940.654    16026
