-345   73    0  -345.418   73.0918 -0.390571  141.163 -98.8665  23.7809 -98.8665   666.16 -76.4883  23.7809 -76.4883  27.5396
-306   55   -6 -306.771  55.5477 -6.43548  3161.39  7.12329 -389.082  7.12329  44.2779 -24.6683 -389.082 -24.6683   64.931
-313   53   -6 -313.213  53.7427 -6.52174   53.4802   2.76646 -0.355916   2.76646   26.7421 -0.983277 -0.355916 -0.983277   16.3032
-313   53   -7 -313.288  53.8111  -7.2045  783.581   535.26 -175.974   535.26  608.589  133.692 -175.974  133.692  383.072
-306   62   -7 -306.479  62.6212 -7.57564  154.768  174.444 -73.4068  174.444  363.645 -141.071 -73.4068 -141.071  143.499
-306   57   -7 -306.582  57.5308 -7.57352  299.092  474.015 -103.286  474.015  1285.61 -324.296 -103.286 -324.296  91.4618
-306   56   -7 -306.595  56.6155 -7.76704  7030.54  6133.63 -148.929  6133.63  5809.07  56.0695 -148.929  56.0695  95.3369
-306   52   -7 -306.757  52.6633 -7.61728  154.563 -3.70627  -16.322 -3.70627  20.7944 -10.4128  -16.322 -10.4128  17.9527
-344   50   -8 -344.574  50.3034  -8.1066 1424.51  953.82 1180.08  953.82 779.239 902.909 1180.08 902.909 1206.47
-306   55   -8 -306.803  55.5806 -8.38792    22950 -2365.78 -4069.76 -2365.78  283.227  409.076 -4069.76  409.076  754.178
-346   72   -8 -346.476  72.8346 -8.19919  85.9916 -82.8191  11.2308 -82.8191  643.283 -24.1337  11.2308 -24.1337  15.3302
-304   53   -8 -304.974  53.5079 -8.60055  9549.89 -159.585 -637.688 -159.585   12.314   8.6087 -637.688   8.6087  138.742
-305   51   -8 -305.043  51.5335 -8.76087  8142.29 -67.3658 -127.603 -67.3658  48.8989  686.407 -127.603  686.407  13519.3
-305   50   -8 -305.085  50.3404 -8.70429  837.674 -62.8502 -10.4446 -62.8502  69.7097  77.5314 -10.4446  77.5314  324.665
-347   50   -8 -347.557  50.1768  -8.9045 102.643 32.1895 151.383 32.1895 210.419 201.803 151.383 201.803 473.786
-346   72   -9 -346.269  72.5436 -9.31205  15.7614 -38.3996  19.8542 -38.3996  180.455 -112.409  19.8542 -112.409  100.096
