-437   50   11 -437.343  50.4085  11.4941  812.579 -491.231 -397.707 -491.231  731.322  354.466 -397.707  354.466  234.034
-442   55   11 -442.714  55.3209  11.2702   500.21  202.296 -17.6576  202.296  473.214  500.929 -17.6576  500.929  711.647
-442   55   10 -442.824  55.8432  10.7446  194.949 -519.202 -517.127 -519.202  40982.3  37826.6 -517.127  37826.6  35066.9
-437   50   10 -437.391  50.6537   10.616  678.018  77.9567 -26.4352  77.9567  1211.28  435.544 -26.4352  435.544  170.078
-442   56   10 -442.83 56.2946 10.1562 348.501 267.005 199.791 267.005 441.445 330.208 199.791 330.208  301.35
-442   57    9 -442.808  57.2065  9.26272  382.348  -656.34 -325.585  -656.34  1451.83  900.962 -325.585  900.962   800.12
-437   50    9 -437.384  50.9124  9.59805 324.637  332.34 48.6599  332.34 957.199  99.606 48.6599  99.606 40.1642
-442   58    9 -442.436  58.3828  9.38264  115.228  124.697 -43.3069  124.697  1047.03 -73.4771 -43.3069 -73.4771  26.8391
-425   50    8 -425.475  50.1093  8.65135  324.047   209.91 -107.075   209.91  330.276 -104.308 -107.075 -104.308  65.7425
-442   57    8 -442.925  57.6417  8.65666   402.45  9.57399 -39.2893  9.57399  493.296  404.834 -39.2893  404.834   352.92
-429   53    8 -429.33 53.2581  8.3942  149.025 -13.6469   5.8278 -13.6469  254.849  62.2062   5.8278  62.2062  24.8397
-436   51    8 -436.357  51.4614  8.33094  235.758  140.935 -80.6851  140.935  136.065 -39.5707 -80.6851 -39.5707  42.7661
-437   51    8 -437.386  51.0741  8.30025 287.427 157.355  40.822 157.355 308.485 69.9282  40.822 69.9282 27.9404
-442   58    7 -442.811  58.0849  7.83752   430.43  721.807  235.343  721.807  7354.76 -3454.93  235.343 -3454.93  2739.74
-418   56    7 -418.913  56.3352  7.68502  19115.4 -2286.92  -3433.4 -2286.92  518.633  536.928  -3433.4  536.928  707.699
-430   61    7 -430.343  61.4084  7.54706 465.067 546.683 104.335 546.683  968.73 238.534 104.335 238.534  96.681
-425   50    7 -425.655  50.0453  7.55216   83.862  400.196 -49.0403  400.196  4630.62 -493.597 -49.0403 -493.597  74.8955
-436   51    7 -436.553  51.5799  7.61664  203.017  167.973  -5.8105  167.973  321.019 -30.4165  -5.8105 -30.4165  13.1158
-437   51    7 -437.347  51.2283  7.33226 117.854 58.4658 7.62386 58.4658 695.382 131.392 7.62386 131.392 36.2483
-428   55    6 -428.45 55.4743 6.68164  793.306   776.89 -291.647   776.89  837.326  -288.17 -291.647  -288.17  130.371
-388   51    6 -388.734  51.7274   6.6847  563.835 -342.899  -119.15 -342.899  636.702  109.801  -119.15  109.801  39.3715
-429   53    6 -429.234  53.7904  6.48312  221.141  3.83519 -48.8258  3.83519  1410.51  280.912 -48.8258  280.912  84.9598
-423   71    6 -423.616  71.6952  6.20487  194.62 172.623 153.773 172.623  480.57 129.595 153.773 129.595 213.463
-448   68    6 -448.455   68.441  6.34275   315.93 -291.935 -1.21223 -291.935  450.711  20.0354 -1.21223  20.0354  11.2921
-443   58    6 -443.121  58.3233  6.38413  590.018  283.132 -42.9002  283.132  391.231 -16.2487 -42.9002 -16.2487   8.9986
-442   58    6 -442.853  58.2363  6.53815  776.115 -1221.62 -47.7653 -1221.62  2289.65  68.8765 -47.7653  68.8765  12.8969
-436   51    6 -436.52 51.1799 6.43063  148.417  12.5544 -16.5521  12.5544  238.355  61.0121 -16.5521  61.0121  30.6454
-423   71    5 -423.471  71.7939  5.47262  2244.48 -3781.95 -1003.34 -3781.95  7055.53  1699.71 -1003.34  1699.71  506.981
-442   58    5 -442.829  58.2185  5.54716  1836.06 -3176.54  1187.66 -3176.54  7674.03  -2968.1  1187.66  -2968.1  1163.26
-372   53    5 -372.06 53.4345 5.39652  1080.11 -57.8344  74.1576 -57.8344  31.3076  27.9011  74.1576  27.9011  66.0623
-448   68    5 -448.681  68.4887  5.34891 742.556 697.489 287.978 697.489 776.032 289.503 287.978 289.503 124.189
-443   58    5 -443.204  58.3495  5.40639  373.871  117.375  22.6414  117.375  239.634 -70.9189  22.6414 -70.9189  41.9408
-419   56    5 -419.249  56.4291  5.15806 1292.32 987.811 408.999 987.811  1460.4 319.432 408.999 319.432 343.065
-428   55    5 -428.583  55.3812  5.68726  2089.21  209.484  -33.413  209.484  88.6687 -15.2769  -33.413 -15.2769  8.28942
-429   54    5 -429.346  54.1059  5.36095 223.197  125.48 11.7681  125.48 300.012 81.0145 11.7681 81.0145 39.5632
-437   51    5 -437.151  51.2422  5.34661  286.889  87.4859  60.1896  87.4859  186.664 0.335887  60.1896 0.335887  29.3805
-386   56    4 -386.91 56.7651 4.75156  247.874 -135.545  -53.586 -135.545  1758.76  18.1355  -53.586  18.1355  44.0713
-413   59    4 -413.652  59.6361  4.64059  58.1644  122.061 0.452153  122.061  387.595  5.30633 0.452153  5.30633    10.03
-423   71    4 -423.506  71.9536  4.55748 30.5055 92.7703 6.49687 92.7703 2761.56 333.334 6.49687 333.334 51.4063
-448   68    4 -448.483  68.4962  4.35976  137.571 -69.3524 -110.282 -69.3524  752.605  325.786 -110.282  325.786  230.431
-442   58    4 -442.921  58.2125  4.44877   307.45 -223.642 -101.304 -223.642  2207.62  954.245 -101.304  954.245  435.239
-443   58    4 -443.241   58.274  4.48001 151.417 106.946 8.82447 106.946 139.783  14.736 8.82447  14.736 22.8514
-436   51    4 -436.937  51.1964  4.43201  476.603  194.413 -48.0223  194.413  1061.45 -74.3021 -48.0223 -74.3021  27.1409
-429   54    4 -429.442  54.2479  4.37526  50.9959  14.7415 -35.6553  14.7415  142.823 -5.52021 -35.6553 -5.52021  49.5877
-372   53    4 -372.289  53.7182  4.39907  123.422 -21.6476 -51.1473 -21.6476   41.434  25.3463 -51.1473  25.3463  37.3518
-413   59    3 -413.791  59.6074  3.80574  300.394  161.913 -251.308  161.913  193.112 -158.104 -251.308 -158.104  309.451
-428   54    3 -428.844  54.4274  3.66317  1298.42 -1653.25 -42.4333 -1653.25  2724.88 -145.206 -42.4333 -145.206   80.424
-389   52    3 -389.215  52.3025  3.56355  143.559  50.4919 -2.75403  50.4919  217.157 -15.2852 -2.75403 -15.2852  28.1273
-430   62    3 -430.499  62.2785  3.44692  548.141  243.385 -77.5428  243.385  471.328   -49.25 -77.5428   -49.25    21.13
-443   58    3 -443.255  58.3373  3.60084 102.371 79.8305 5.97228 79.8305 122.242  11.773 5.97228  11.773  11.924
-419   56    3 -419.399  56.3806  3.37175  110.545 -216.636  3.85587 -216.636  1489.26 -3.67977  3.85587 -3.67977  11.6901
-437   51    3 -437.148  51.1822   3.4988 124.327 30.8835 -10.809 30.8835 597.963 -10.814 -10.809 -10.814 14.2115
-389   52    2 -389.308  52.3833  2.62246  27.9088 -65.8814 -19.3046 -65.8814  957.349    283.5 -19.3046    283.5  94.3605
-448   68    2 -448.491  68.3432  2.58748  82.4928  0.30163  2.20403  0.30163  414.066 -2.95947  2.20403 -2.95947  14.3766
-430   62    2 -430.513  62.2797  2.35053   84.8635    231.57 -0.410492    231.57   1116.79   50.5441 -0.410492   50.5441   25.1888
-394   60    2 -394.171  60.7363   2.3951  305.882  724.161 -149.149  724.161  13563.4    -2355 -149.149    -2355  425.473
-398   59    2 -398.08  59.297 2.48805  1223.41  269.031  8.17756  269.031  748.318 -15.5856  8.17756 -15.5856  6.40223
-443   58    2 -443.304  58.3455   2.4167 29.2942  21.396 3.50851  21.396 103.647 11.4327 3.50851 11.4327 13.2293
-419   56    2 -419.614  56.4092  2.45826 179.378 203.979 10.0078 203.979 301.061  10.269 10.0078  10.269 14.0373
-429   54    2 -429.354  54.1435  2.50671  51.0023 -15.8991 -14.9219 -15.8991  138.703  4.62039 -14.9219  4.62039  22.6677
-437   51    2 -437.289  51.1962  2.49958  213.717   132.31 -26.5611   132.31  259.293 -26.3477 -26.5611 -26.3477  12.2217
-394   60    1 -394.314  60.7528  1.74766 4984.87 6292.16 3352.36 6292.16 8544.01 4145.53 3352.36 4145.53 2345.09
-423   72    1 -423.816  72.2029  1.59357  42.3926  55.6819 -8.39495  55.6819  773.664  -192.14 -8.39495  -192.14   122.61
-398   59    1 -398.356  59.3656  1.41757  1062.91  1109.34 -504.737  1109.34  1243.98 -503.399 -504.737 -503.399  364.215
-379   62    1 -379.424   62.139  1.51903  283.446 -136.989  154.215 -136.989   180.62 -78.9387  154.215 -78.9387  93.8202
-414   59    1 -414.169  59.6722  1.38862  198.422    84.01 -19.9439    84.01  124.766 -16.6263 -19.9439 -16.6263  18.8839
-413   59    1 -413.617  59.6591   1.5944  6083.71 -1075.96 -1460.83 -1075.96  290.192  219.604 -1460.83  219.604  378.919
-382   56    1 -382.293  56.6383  1.49541  1285.76  740.128 -546.591  740.128  838.312 -287.761 -546.591 -287.761  249.711
-390   53    1 -390.447  53.7109  1.42852  647.123    -1402  103.077    -1402  3534.58 -220.984  103.077 -220.984  26.4928
-440   68    1 -440.336  68.7535  1.24292  1054.74  3405.98  -400.42  3405.98  19917.3 -1174.75  -400.42 -1174.75  178.019
-448   68    1 -448.442  68.3318  1.65727  96.3385  190.951 -43.8305  190.951   753.44 -110.965 -43.8305 -110.965  31.9832
-443   58    1 -443.272  58.3227  1.52445  39.058 29.1666 14.2452 29.1666 100.479 13.8025 14.2452 13.8025 22.3929
-387   56    1 -387.263  56.7051   1.3503   447.41  1170.31 -17.7508  1170.31  3589.06 -30.1036 -17.7508 -30.1036  6.91001
-429   54    1 -429.38 54.2098 1.47302  58.6445  30.0095 -5.31595  30.0095  119.232 -19.7803 -5.31595 -19.7803  14.5708
-371   53    1 -371.704  53.8376  1.47224  54.4084 -576.026 -106.975 -576.026  7274.12  1376.29 -106.975  1376.29  272.126
-372   53    1 -372.35 53.7459 1.35884  55.025 34.7908 9.80935 34.7908 264.179 8.22988 9.80935 8.22988 14.3125
-389   52    1 -389.339  52.3811  1.30447  252.631 -53.7163  2.05497 -53.7163  179.544  11.0076  2.05497  11.0076  12.5498
-437   51    1 -437.316  51.1967  1.39517 157.578 29.9473 17.9067 29.9473 404.235 40.0492 17.9067 40.0492  16.807
-423   72    0  -423.79  72.3274 0.595162  155.243 -290.862 -52.1216 -290.862  910.819  151.554 -52.1216  151.554  32.4631
-439   57    0    -439.682     57.0384 -0.00625846  584.031 -168.222  13.4942 -168.222  1128.02 -65.8852  13.4942 -65.8852  14.4711
-445   54    0  -445.218   54.8856 0.0311473  331.632  -316.24 -51.4249  -316.24  952.307  124.607 -51.4249  124.607  27.1735
-394   60    0 -394.428  60.6029 0.118712  86.3084   37.456 -9.74699   37.456  537.961 -56.1066 -9.74699 -56.1066  12.8686
-448   68    0 -448.517  68.2915 0.170597   47.4193   -65.725 -0.334796   -65.725   382.769  -13.6143 -0.334796  -13.6143    5.0093
-383   62    0  -383.407   62.0412 0.0592226   482.393   86.7765 -0.211027   86.7765   2043.66  0.246455 -0.211027  0.246455    2.0486
-423   51    0   -423.797    51.6809 -0.0995987  556.971  1090.56 -80.4585  1090.56  3362.84 -195.877 -80.4585 -195.877   16.599
-423   50    0  -423.361   50.3666 -0.353649   1669.3 -2862.67 -771.606 -2862.67  7166.57  1700.41 -771.606  1700.41  429.007
-440   68    0  -440.448   68.7388 0.0704198  103.675  18.4178 -7.25088  18.4178  907.029 -52.4258 -7.25088 -52.4258  6.02547
-430   62    0  -430.787   62.2925 -0.178925   123.25 -92.2183 -9.14431 -92.2183  292.538  15.0441 -9.14431  15.0441  4.98019
-413   59    0   -413.883    59.7171 -0.0838631   365.51 -182.344 -29.4854 -182.344   349.93   26.122 -29.4854   26.122  6.04964
-398   59    0   -398.46   59.4055 0.0373265  67.7086  -37.163 -11.6118  -37.163  399.457  24.7207 -11.6118  24.7207  6.10283
-390   53    0   -390.468    53.6074 -0.0842142 42.6086 12.4358 6.49721 12.4358 393.778 -38.702 6.49721 -38.702 8.16315
-376   67    0  -376.129   67.8067 -0.321308  233.214 -672.432 -1.40409 -672.432  3733.76  114.289 -1.40409  114.289  10.7732
-410   67    0 -410.381  67.8977 -0.12161  62.7078  53.7308  -8.2308  53.7308  436.345 -18.5082  -8.2308 -18.5082  3.90704
-431   62    0  -431.093   62.3432 -0.487283 2766.12  430.17 135.093  430.17 266.516 40.1589 135.093 40.1589 17.9101
-402   61    0  -402.195   61.3407 -0.235671 135.212 68.5432 10.8731 68.5432 367.534 34.8674 10.8731 34.8674 8.87982
-429   53    7 -429.316  53.5395  7.24546  94.2594 -135.467 -46.3107 -135.467  235.413  104.477 -46.3107  104.477  87.1573
-426   50    0  -426.402   50.0394 0.0360269  35.0362  109.932 -7.60222  109.932  1256.46 -41.2005 -7.60222 -41.2005  5.09765
-402   65    0  -402.082   65.3879 -0.208958  214.685  37.5596 -22.4315  37.5596  1160.92 -107.718 -22.4315 -107.718  13.7561
-435   63    0   -435.512    63.9703 -0.0943425   336.11  131.746 -19.1061  131.746  2431.57 -72.0294 -19.1061 -72.0294  5.28539
-447   62    0 -447.904  62.6377 0.266665  1080.06 -265.621 -28.1981 -265.621  1148.22 -47.0845 -28.1981 -47.0845  4.81852
-379   61    0  -379.736   61.8242 -0.011636 36.2051 42.8542 15.5517 42.8542 107.121  13.819 15.5517  13.819 9.42679
-414   59    0 -414.187  59.5926 -0.13974  144.895   78.252 -14.3329   78.252  322.029 -1.12377 -14.3329 -1.12377  4.13009
-443   58    0   -443.346    58.2826 -0.0161049  27.8955 -1.53784  1.29941 -1.53784  74.6138 -1.41898  1.29941 -1.41898  3.10448
-387   56    0  -387.504    56.702 0.0728393   42.169  20.4234 -2.17186  20.4234  174.807 -1.16646 -2.17186 -1.16646  2.21456
-382   56    0  -382.641   56.6302 -0.112643  67.7593  13.8409 -13.7324  13.8409  405.969   15.123 -13.7324   15.123  6.95124
-419   56    0 -419.826  56.1918 -0.25043  103.672 -51.7199 0.200518 -51.7199   171.69 -20.1384 0.200518 -20.1384  5.58794
-358   55    0  -358.838   55.7583 -0.245341  646.836  72.7442 -26.2401  72.7442  20.5257 -7.15597 -26.2401 -7.15597  4.56395
-429   54    0   -429.432    54.1861 -0.0877301  44.9959 -5.46909 -6.20535 -5.46909  159.811  -1.8195 -6.20535  -1.8195  4.74154
-372   53    0  -372.419   53.6397 -0.213866  33.7247 -9.38645 -3.31612 -9.38645  200.622 -19.0823 -3.31612 -19.0823  6.11445
-447   50    0 -447.521  50.1725 0.327022 45.4482 51.3865 0.42726 51.3865 128.931 -8.0241 0.42726 -8.0241 3.67688
-445   55   -1 -445.29 55.0448 -1.4928  26834.6 -62240.1 -12104.9 -62240.1   151039  28670.1 -12104.9  28670.1  5737.67
-430   62   -1 -430.851  62.3428 -1.26747  635.021 -507.677 -12.4471 -507.677  959.408  82.6191 -12.4471  82.6191  26.2675
-423   50   -1 -423.432  50.4462 -1.46701 14568.1   12947 7078.61   12947 18522.9 7460.41 7078.61 7460.41 3672.35
-410   67   -1 -410.561  67.9033 -1.55657  376.804  142.604  -124.16  142.604  1076.37 -62.4084  -124.16 -62.4084   60.783
-419   56   -1 -419.819  56.1119 -1.36791  222.709 -271.308 -57.5772 -271.308  641.515  75.1892 -57.5772  75.1892   25.403
-404   69   -1 -404.316  69.4434  -1.4206  206.668  280.806 -77.3365  280.806  557.244 -99.1065 -77.3365 -99.1065  41.2335
-448   68   -1 -448.436  68.3361 -1.74024  39.7794 -26.1255  22.5642 -26.1255  76.2399 -32.5602  22.5642 -32.5602  52.5089
-402   61   -1 -402.106  61.3142 -1.52277  691.486 -1031.49 -61.4686 -1031.49  1861.21  106.634 -61.4686  106.634  13.2699
-398   59   -1 -398.613  59.4439 -1.51457  133.371   85.569  8.33495   85.569  636.213 0.262068  8.33495 0.262068  10.8802
-414   59   -1 -414.278  59.6115 -1.55826  63.5915   43.534 -10.1179   43.534   106.39  3.84725 -10.1179  3.84725  12.8939
-382   56   -1 -382.878   56.651 -1.48085  721.129  769.166 -58.3585  769.166  2244.22  -110.05 -58.3585  -110.05  14.9345
-387   56   -1 -387.668  56.6496 -1.45067  99.1477  110.541 -4.67573  110.541  530.963  -7.4926 -4.67573  -7.4926  10.4232
-359   55   -1 -359.274   55.279 -1.73508   790.32 -198.593 -78.0905 -198.593  61.9393  25.2808 -78.0905  25.2808  37.3221
-429   54   -1 -429.512   54.168 -1.48386   51.2576   31.0442 -0.190212   31.0442   328.149   6.38409 -0.190212   6.38409   12.0535
-433   53   -1 -433.772  53.7544 -1.62138  1148.22 -1163.39  19.3928 -1163.39  2629.95 -45.7418  19.3928 -45.7418   8.4783
-372   53   -1 -372.563  53.5872 -1.41311  34.0093 -43.5881  2.24031 -43.5881  153.347 -4.66025  2.24031 -4.66025  7.96362
-390   53   -1 -390.361  53.4984  -1.4441  85.1001  47.4735  -10.364  47.4735  484.423 -9.86875  -10.364 -9.86875  15.0473
-389   52   -1 -389.408  52.5386 -1.49245 64.2284 -23.607  7.6734 -23.607 461.465 63.4531  7.6734 63.4531  21.163
-437   51   -1 -437.519  51.1859 -1.61819   93.7628  -16.7116  -20.2965  -16.7116   250.494 -0.608948  -20.2965 -0.608948   18.3134
-426   50   -1 -426.461  50.1191 -1.59171  34.3544 -12.7237 -14.9833 -12.7237  88.9677  19.1114 -14.9833  19.1114  20.9389
-447   50   -1 -447.515   50.177 -1.42913  2471.23 -2219.71   -523.5 -2219.71  5589.79  786.863   -523.5  786.863  147.735
-443   58   -1 -443.424   58.219 -1.50399 49.0632 48.0237 1.41546 48.0237 172.557 5.80027 1.41546 5.80027 10.1168
-431   62   -2 -431.145  62.3035 -2.37542  997.003  2077.53 -57.3719  2077.53  7337.97 -7.56062 -57.3719 -7.56062  20.6362
-387   56   -2 -387.731  56.6933 -2.44328  68.4124  -23.569 -35.2164  -23.569  376.608  83.3298 -35.2164  83.3298  47.6521
-419   56   -2   -419.9  56.0278 -2.49905  253.975 -367.336 -10.7915 -367.336  2970.05   91.922 -10.7915   91.922  19.7082
-373   53   -2 -373.076  53.5389 -2.60903  1229.01 -208.842 -205.108 -208.842  168.915  71.1157 -205.108  71.1157  70.9661
-369   52   -2   -369.2  52.2971 -2.57722   204.79 -94.2581  194.126 -94.2581  708.386 -379.077  194.126 -379.077  349.547
-447   50   -2 -447.643  50.1965 -2.46737  1671.65 -2279.43 -595.209 -2279.43  4295.23  1032.79 -595.209  1032.79  273.631
-440   68   -2 -440.634  68.7597 -2.60281  1320.49  1155.33 -547.444  1155.33  1387.57  -521.92 -547.444  -521.92  262.105
-430   62   -2  -430.92  62.3093 -2.61864  1802.19  -432.22  25.6804  -432.22  230.159 -15.7677  25.6804 -15.7677  13.5189
-368   56   -2 -368.554  56.6518 -2.58575  2860.46 -3773.79  1540.94 -3773.79  5273.38 -2096.24  1540.94 -2096.24  853.568
-390   53   -2 -390.248  53.4388 -2.44085   50.056 -62.2395 -7.38646 -62.2395  498.769 -65.8927 -7.38646 -65.8927  36.5074
-426   50   -2 -426.461  50.1478 -2.52727  44.7931 -9.99241 -3.32944 -9.99241  79.1731 -3.51474 -3.32944 -3.51474  17.4834
-448   68   -2 -448.546  68.2319 -2.93053  661.488  2398.44 -3116.01  2398.44  9073.29 -11800.7 -3116.01 -11800.7  15887.8
-414   59   -2 -414.296  59.6053 -2.36986   20.8341   27.8702 -0.236383   27.8702   197.908   8.29989 -0.236383   8.29989    6.4975
-443   58   -2  -443.47  58.2413 -2.33349   20.8425  -5.24568 0.0318242  -5.24568   65.8247   2.59236 0.0318242   2.59236   12.0875
-382   56   -2 -382.816  56.6386 -2.51173  167.745  10.1596 -38.6334  10.1596  415.628 -45.2049 -38.6334 -45.2049  23.7829
-420   56   -2 -420.127  56.0726 -2.64164   708.83 -196.871 -197.499 -196.871  915.418  129.848 -197.499  129.848  68.1994
-359   55   -2  -359.35  55.5129 -2.64023   43.9383 -0.522717  -3.86143 -0.522717   16.8721  -8.74019  -3.86143  -8.74019    18.591
-429   54   -2 -429.534  54.1911  -2.5145  43.4475 -12.5182 -2.32243 -12.5182  119.414 -10.3654 -2.32243 -10.3654  10.7306
-372   53   -2 -372.719  53.4597 -2.66399  67.2051 -68.0642   2.6035 -68.0642  210.356 -25.1494   2.6035 -25.1494  21.1874
-409   53   -2 -409.671  53.0887 -2.51697  553.689 -738.186 -6.05968 -738.186  8602.87 -962.716 -6.05968 -962.716  132.979
-389   52   -2 -389.477  52.6185 -2.49326  125.687  92.6998 0.341303  92.6998  405.458  7.29788 0.341303  7.29788  13.5679
-437   51   -2 -437.603   51.181 -2.59135  110.056  74.0071  -17.518  74.0071  326.701 -14.3901  -17.518 -14.3901  12.1806
-429   54    3 -429.453  54.1863  3.57078  208.064 -189.457  34.0387 -189.457  211.183 -46.0154  34.0387 -46.0154  22.4933
-438   70   -3 -438.524  70.4261 -3.52285  227.796 -553.665  1354.24 -553.665  1569.51 -4219.02  1354.24 -4219.02  12798.8
-372   70   -3 -372.155  70.5953 -3.44344  1119.55 -4031.41  821.038 -4031.41  22581.7 -4848.23  821.038 -4848.23  1071.89
-387   56   -3 -387.788  56.5519 -3.38302  101.103 -30.3072 -5.45537 -30.3072  221.237 -25.6219 -5.45537 -25.6219  28.4055
-404   69   -3 -404.336  69.3136 -3.51665   60.2948   187.795 -0.507242   187.795   1657.88  -77.8853 -0.507242  -77.8853   19.9117
-410   58   -3 -410.432  58.5959 -3.30798  390.595 -885.307   241.99 -885.307  3951.22 -1134.68   241.99 -1134.68  337.104
-372   53   -3 -372.768  53.4184 -3.40905  328.972 -812.431  50.3052 -812.431  2250.29 -143.532  50.3052 -143.532  21.8023
-366   50   -3 -366.182  50.8355 -3.54031 255.098 166.689 35.6612 166.689 138.102 21.6754 35.6612 21.6754 25.5068
-447   50   -3 -447.698  50.2376 -3.51836  1551.79 -1322.29 -283.424 -1322.29  5051.48  816.412 -283.424  816.412  153.909
-441   68   -3 -441.656  68.3857 -3.53869 458.625 433.757 97.4908 433.757 887.976 242.451 97.4908 242.451 76.6153
-448   68   -3  -448.62    68.19 -3.56913  74.5782 -2.75395 -25.5228 -2.75395  620.544   24.395 -25.5228   24.395  35.0157
-369   67   -3 -369.298  67.4908  -3.5456  294.211  636.628 -3.56486  636.628  1754.19  190.588 -3.56486  190.588  126.655
-431   62   -3 -431.268  62.2615 -3.51127  861.287  822.108 -134.696  822.108  852.464 -133.943 -134.696 -133.943  30.1761
-402   61   -3 -402.117  61.2688 -3.52471  1032.86 -1918.94  77.5161 -1918.94  6750.45 -202.839  77.5161 -202.839  14.2599
-394   60   -3 -394.648  60.4616  -3.4976  52.1184 -126.303  17.1982 -126.303  1957.57 -202.273  17.1982 -202.273  31.2572
-398   59   -3 -398.757  59.4344 -3.52934  208.286 -89.8863 -86.6615 -89.8863  457.572  47.9981 -86.6615  47.9981  51.7684
-383   56   -3 -383.153  56.5747 -3.42841  138.791  237.334 -44.0309  237.334  861.893 -120.533 -44.0309 -120.533  33.1951
-419   56   -3 -419.806  56.1059 -3.45928 2901.51 86.7635 47.0056 86.7635  155.15 8.90149 47.0056 8.90149 23.8174
-419   55   -3 -419.942  55.9682 -3.61288  4659.83 -3229.88 -816.588 -3229.88  10522.2  302.896 -816.588  302.896   163.92
-420   55   -3 -420.107  55.9614 -3.52955  1341.77  3182.11 -205.333  3182.11  9601.55 -458.327 -205.333 -458.327  43.8825
-423   55   -3 -423.688  55.7574 -3.45528  453.554 -566.134  73.7986 -566.134  977.605 -112.285  73.7986 -112.285  26.5182
-359   55   -3  -359.46  55.5455 -3.36663  90.2806  22.4356 -23.3613  22.4356  42.3728 -13.4404 -23.3613 -13.4404  17.9815
-429   53   -3 -429.112  53.7578 -3.40774  562.002  117.066  -58.277  117.066  147.232 -25.2259  -58.277 -25.2259  23.4513
-390   53   -3 -390.237   53.254 -3.52724  82.8794 -174.907  29.9873 -174.907  730.897 -110.089  29.9873 -110.089  30.4253
-424   72   -3 -424.421  72.4772  -3.5483  128.169   76.025 -19.6299   76.025  114.756  -19.977 -19.6299  -19.977  9.45385
-436   68   -3 -436.416  68.7328 -3.82081   10.783  1.29368 -25.4274  1.29368  38.0218 -60.6565 -25.4274 -60.6565  404.217
-394   60   -2 -394.599  60.5218 -2.63038  272.829 -1514.33  12.0429 -1514.33     9836 -106.251  12.0429 -106.251  11.8591
-448   62   -3   -448.1   62.481 -3.67427  811.374 -1098.65  147.336 -1098.65  2888.88 -408.878  147.336 -408.878  100.184
-380   61   -3 -380.518  61.3776 -3.61431  1609.39 -3.96085 -58.8699 -3.96085  728.489 -104.541 -58.8699 -104.541  23.1897
-414   59   -3  -414.26  59.5395 -3.48922  158.434   188.73 -2.20744   188.73  315.382  1.11713 -2.20744  1.11713  10.5042
-443   58   -3 -443.602  58.1662 -3.55019  59.4689  56.0259 -15.0616  56.0259   116.59  -18.714 -15.0616  -18.714  26.2956
-410   67   -3 -410.612  67.9081 -3.58806  602.363  10.6385 -528.284  10.6385  378.825  4.07547 -528.284  4.07547  478.513
-445   55   -3 -445.376  55.3706  -3.5057   21.5535   1.24031 -0.981762   1.24031    13.595   7.89729 -0.981762   7.89729   13.1082
-429   54   -3 -429.587  54.2508 -3.48736  25.8968 -5.63548 -5.40813 -5.63548  83.6848  9.45549 -5.40813  9.45549  14.0723
-373   53   -3 -373.071  53.5018 -3.51111  567.149  133.989 -5.80326  133.989  98.8585 -14.9193 -5.80326 -14.9193  14.1009
-389   52   -3 -389.484  52.5831 -3.52192  154.832 -89.1733  31.7093 -89.1733  427.977 -55.6643  31.7093 -55.6643  22.4028
-437   51   -3 -437.722  51.1917  -3.4974  98.4773  132.605 -13.1951  132.605  824.444  20.9878 -13.1951  20.9878  16.7764
-416   51   -3  -416.59  51.0382 -3.59232  1927.23  -480.44 -75.1836  -480.44  2157.89   87.798 -75.1836   87.798  16.7522
-441   50   -3 -441.194  50.7785 -3.54221  2058.71  607.128 -60.1893  607.128  1838.06 -38.5795 -60.1893 -38.5795  13.8566
-423   50   -3 -423.593  50.4953 -3.59412 628.091 242.436  89.945 242.436 1482.36 102.145  89.945 102.145 28.8193
-431   50   -3 -431.222  50.5093 -3.41449  1012.16  405.084 -112.002  405.084  1257.18  -142.99 -112.002  -142.99  30.7367
-426   50   -3 -426.545  50.2341 -3.52437   53.953 -15.4398 -4.86013 -15.4398  69.2084  9.34967 -4.86013  9.34967   11.608
-439   67   -4 -439.798  67.7105 -4.07738 370.297 728.023 857.521 728.023 1724.17 2049.27 857.521 2049.27 3377.86
-442   68   -4 -442.372   68.591  -4.1553  244.491  217.673 -969.617  217.673  216.153 -933.296 -969.617 -933.296  4178.85
-389   52    0 -389.399  52.4826 -0.15294  56.7387  6.27959 -4.94939  6.27959    250.6  16.7325 -4.94939  16.7325  4.53142
-438   66   -4  -438.67  66.6796 -4.26978  90.6825  49.0931 -689.135  49.0931  577.332 -2482.98 -689.135 -2482.98  14077.3
-439   66   -4 -439.562  66.3866 -4.34518  32.6909  11.1493 -103.982  11.1493  34.7358 -265.668 -103.982 -265.668  21958.7
-436   65   -4 -436.565  65.7613 -4.29428  68.0659  4.25425 -607.909  4.25425  19.2656  -79.979 -607.909  -79.979  6249.24
-448   68   -4 -448.432  68.2268 -4.24677  11.0919 -13.7089 -7.57028 -13.7089  179.714  65.0358 -7.57028  65.0358  50.0311
-437   51    6 -437.316  51.3046  6.47489 203.692 155.196 34.8519 155.196 370.855 47.7451 34.8519 47.7451   17.42
-392   69   -4 -392.319  69.8708  -4.3815  223.313 -773.851  268.742 -773.851  4872.78 -1447.96  268.742 -1447.96  456.978
-410   67   -4 -410.681  67.7993 -4.41998  163.132 -205.849  49.6468 -205.849  610.581 -69.6846  49.6468 -69.6846   36.531
-402   65   -4 -402.312  65.2194 -4.30386  244.023  263.825 -52.3626  263.825  869.845 -52.7385 -52.3626 -52.7385  31.0957
-438   63   -4 -438.673  63.7857 -4.62095   17.794  12.5286 -53.4679  12.5286  57.3646  40.6068 -53.4679  40.6068  810.724
-432   62   -4 -432.457   62.276 -4.54067  22.5107 -18.6315 -27.7076 -18.6315  26.4394  22.0101 -27.7076  22.0101  57.9648
-401   61   -4 -401.943  61.2683 -4.40677 3882.24  6099.4 1249.74  6099.4 10189.4 2014.91 1249.74 2014.91 421.608
-433   61   -4 -433.677  61.7414 -4.65425  865.798  931.028 -164.861  931.028   1013.9 -300.189 -164.861 -300.189   4173.5
-434   61   -4 -434.343  61.6375 -4.66527  25.6206 -11.7296 -51.8684 -11.7296  13.1489 -49.1657 -51.8684 -49.1657   5181.2
-441   50   -4 -441.181  50.7737   -4.485  871.057  102.232 -119.822  102.232  831.037  69.0886 -119.822  69.0886  53.7296
-447   50   -4 -447.634  50.2605 -4.45081  2857.18  5550.86 -611.327  5550.86  12240.8 -1261.14 -611.327 -1261.14  149.701
-431   62   -4 -431.214  62.1672 -4.31737  40.9488 -5.42554 -1.58477 -5.42554  377.744 -12.8099 -1.58477 -12.8099  14.2403
-436   61   -4  -436.62  61.4917 -4.74302  21.5534 -13.4896 -69.0842 -13.4896  50.7124 -6.52526 -69.0842 -6.52526  531.995
-435   61   -4 -435.646  61.3525 -4.66555  33.3987  48.3667 -152.558  48.3667  110.944 -332.632 -152.558 -332.632  2270.74
-359   55   -4 -359.657  55.6621 -4.35764  184.055 -370.664 -31.9124 -370.664  1492.64   70.147 -31.9124   70.147  16.3197
-373   53   -4 -373.151   53.388 -4.42048  870.641  526.315  -12.157  526.315   356.77 -7.24444  -12.157 -7.24444   8.7574
-424   72   -4  -424.27  72.4399 -4.54489  98.7618  92.9466 -39.9912  92.9466  1340.43  -7.2951 -39.9912  -7.2951   33.287
-422   71   -4 -422.37  71.245 -4.8117  266.847 -194.687  166.635 -194.687  405.478 -313.973  166.635 -313.973  596.181
-376   67   -4 -376.207  67.5573 -4.49802  2189.82  2948.28 -429.207  2948.28  5313.33 -820.672 -429.207 -820.672  141.439
-442   64   -4 -442.481  64.1915 -4.76221  101.294 -144.069 -554.412 -144.069  233.808  751.552 -554.412  751.552  3404.93
-439   62   -4 -439.652  62.3978 -4.75707  1393.76 -215.224  1816.05 -215.224  83.6518 -476.592  1816.05 -476.592  3298.42
-431   61   -4 -431.312  61.6304 -4.79432  31.9104  62.4976 -154.893  62.4976  216.123 -568.073 -154.893 -568.073  1581.65
-433   60   -4 -433.529  60.3967  -4.8218  37.6106 -53.7444  301.186 -53.7444  121.487 -806.651  301.186 -806.651   6753.5
-437   66   -4 -437.529  66.4118 -4.20966  56.5669   43.639 -159.338   43.639  61.6906 -255.258 -159.338 -255.258  1258.14
-435   60   -4 -435.409  60.3683 -4.68006   25.833  20.7469 -19.2813  20.7469  35.3253 -19.0192 -19.2813 -19.0192  32.0385
-436   60   -4 -436.606   60.655 -4.83075  8.63264   4.7989  -73.418   4.7989  19.4038 -141.583  -73.418 -141.583  1748.39
-413   59   -4 -413.879  59.6894  -4.5651  853.432   2.0214 -56.2795   2.0214  464.401  235.497 -56.2795  235.497  152.541
-443   58   -4 -443.59 58.1418 -4.3636     20.8   -10.61 -2.95656   -10.61  57.2958  -4.5888 -2.95656  -4.5888  14.6112
-379   57   -4 -379.505  57.8993 -4.58587  864.213  22.3254 -351.127  22.3254  580.423  47.1118 -351.127  47.1118  165.111
-388   56   -4 -388.062  56.6381 -4.55272 9829.83 2822.28 1230.96 2822.28 1441.27 289.966 1230.96 289.966 171.744
-420   55   -4  -420.13   55.923 -4.46666  206.652 -174.648 -8.12333 -174.648  1745.34 -48.8884 -8.12333 -48.8884  14.0472
-372   53   -4 -372.799  53.2758 -4.51528  126.478 -185.464  15.8466 -185.464  883.911 -41.4221  15.8466 -41.4221  12.8902
-409   53   -4 -409.906  53.0828 -4.70928  1325.53   -985.7 -293.576   -985.7  1154.01  297.662 -293.576  297.662  92.3755
-433   50   -4 -433.949  50.2372 -4.50071   399.76  185.694  21.4422  185.694  1151.64 -11.7303  21.4422 -11.7303  17.0318
-372   70   -4  -372.09  70.5721 -4.67466  264.985 -338.456 -120.216 -338.456  705.181  213.866 -120.216  213.866  78.3361
-404   69   -4 -404.284  69.2324 -4.58814  2903.88  703.904   131.12  703.904  5298.61 -5.57353   131.12 -5.57353  11.6955
-448   62   -4  -448.11  62.4337 -4.44788  261.041 -255.415  29.1989 -255.415   872.65   -155.2  29.1989   -155.2  40.0421
-402   61   -4 -402.197  61.3169 -4.39128  237.729  316.301 -5.53652  316.301  1573.15   86.632 -5.53652   86.632  15.7432
-439   61   -4 -439.669  61.5235 -4.86558  92.0809  210.905   -781.6  210.905  719.186 -2468.59   -781.6 -2468.59  9094.09
-380   61   -4 -380.473  61.3352 -4.50184  196.741 -379.902  29.4501 -379.902  1043.94 -89.4012  29.4501 -89.4012  13.6842
-394   60   -4  -394.78  60.3872 -4.49019  180.881 -169.267 -13.8149 -169.267  2479.84  2.95661 -13.8149  2.95661  9.40921
-432   60   -4 -432.482  60.7324 -4.85198  35.4336 -38.0331  319.984 -38.0331  98.8762 -547.469  319.984 -547.469  4089.48
-438   60   -4  -438.37  60.2807 -4.75331 678.356 622.574 -5.1128 622.574 689.131  71.721 -5.1128  71.721 61.5295
-440   60   -4 -440.368  60.6673 -4.97513 16.0149 6.68724 145.351 6.68724 38.4005 395.768 145.351 395.768 5180.31
-398   59   -4 -398.828  59.5108 -4.75742  153.859 -152.459 -20.6589 -152.459  317.534  44.5218 -20.6589  44.5218  13.7488
-414   59   -4 -414.267  59.4984 -4.41532  120.151  328.668 -44.0055  328.668  1107.05  -135.14 -44.0055  -135.14  24.9359
-435   59   -4 -435.544  59.5602 -4.91939  19.8804 -8.31982  64.6738 -8.31982  58.8368 -514.582  64.6738 -514.582  5741.93
-410   58   -4 -410.549  58.5154 -4.73981   251.37  263.636 -2.33522  263.636  815.534  -11.141 -2.33522  -11.141  9.45049
-383   56   -4 -383.198  56.4567 -4.60802  64.4194  20.2391 -3.87662  20.2391  34.1812  4.03183 -3.87662  4.03183  20.3324
-445   55   -4  -445.39  55.4333 -4.68073  15.9661 -7.25502  8.64281 -7.25502  23.9456 -17.5187  8.64281 -17.5187  21.4909
-406   54   -4 -406.706  54.5701 -4.75223   201.19  61.4201 -17.1326  61.4201  1200.26   29.314 -17.1326   29.314  13.4522
-440   54   -4 -440.793  54.3651 -4.49799  378.355 -1236.02  48.8937 -1236.02  7870.55 -407.078  48.8937 -407.078  30.4625
-429   54   -4 -429.718  54.2275 -4.59478  35.3646  31.2617 -2.82216  31.2617  130.264  -10.205 -2.82216  -10.205  13.6956
-390   53   -4 -390.328   53.276 -4.43605 20.7696 20.0954 1.62239 20.0954 273.899  10.987 1.62239  10.987   12.76
-366   51   -4 -366.522  51.3404 -4.51362  599.195 -18.1763 -412.939 -18.1763  30.5057  24.0703 -412.939  24.0703  297.696
-424   51   -4 -424.25 51.5199 -4.6183  442.604 -823.311  54.5782 -823.311  2811.93 -216.482  54.5782 -216.482  28.3069
-437   51   -4   -437.8  51.2225 -4.55363  127.738 -125.215 -13.7219 -125.215  404.085  4.44427 -13.7219  4.44427  13.2493
-416   51   -4 -416.634  51.0483 -4.74772  2463.96 -7865.79 -1206.56 -7865.79  28931.6  4140.04 -1206.56  4140.04  657.334
-426   50   -4 -426.617  50.2969 -4.64416  24.3126 -13.8938 -4.39664 -13.8938  278.856  21.5523 -4.39664  21.5523  22.5488
-444   62   -5 -444.669  62.6872 -5.05382  23.1994  55.9174 -185.969  55.9174  486.497  526.332 -185.969  526.332  6816.76
-433   58   -5 -433.404  58.1786 -5.07024  55.476 22.3807 669.087 22.3807 188.387 58.0941 669.087 58.0941   10643
-370   53    3 -370.822  53.4554   3.7986  166.014 -267.418 -240.797 -267.418  564.865  458.366 -240.797  458.366  439.223
-449   63   -5  -449.47  63.5961 -5.11232  35.1212  4.70647  34.9616  4.70647   20.852 -31.9908  34.9616 -31.9908  565.158
-437   51    0  -437.416   51.1945 -0.056587  131.951 -73.4339 -8.84894 -73.4339   236.59  10.3689 -8.84894  10.3689  3.62188
-439   59   -5 -439.696  59.5791 -5.10913  188.649  118.789 -1179.22  118.789  133.685 -894.846 -1179.22 -894.846   8074.3
-432   58   -5 -432.578  58.3808 -5.07347  35.4547 -49.2519  466.797 -49.2519  132.594 -1211.68  466.797 -1211.68  12685.3
-436   57   -5 -436.612  57.7162  -5.1714  179.493 -467.611  -425.27 -467.611  1362.71  701.523  -425.27  701.523  3824.49
-435   57   -5 -435.557  57.3917 -5.17161   39.617 -11.6696  17.0326 -11.6696  59.0034 -82.2799  17.0326 -82.2799  5131.26
-368   52   -2 -368.569  52.3188  -2.1182   58.515 -78.6616  -41.509 -78.6616  152.041  34.9176  -41.509  34.9176  70.4767
-444   61   -5 -444.502  61.6199 -5.18566   29.557 -42.5547  338.893 -42.5547  84.3866 -649.531  338.893 -649.531  5509.78
-434   57   -5 -434.395  57.4242 -5.15876  11.4356 -33.0413  125.782 -33.0413  219.611 -918.027  125.782 -918.027  4023.79
-421   70   -5 -421.219  70.2364 -5.22851 403.473  324.37 62.1841  324.37 278.139 65.7029 62.1841 65.7029 70.3845
-448   61   -5 -448.423  61.6646 -5.31043  36.2787 -12.8773  -355.64 -12.8773  47.3476 -127.925  -355.64 -127.925  6514.41
-449   61   -5 -449.468  61.7231 -5.35639  36.8901  47.7138 -360.955  47.7138  125.158  -733.09 -360.955  -733.09  5091.56
-394   60   -5 -394.767  60.4413 -5.29352  119.291   173.26  -106.73   173.26  514.079 -223.768  -106.73 -223.768  164.139
-448   60   -5 -448.529  60.5348 -5.41483  34.5464 -7.28504  13.3645 -7.28504  28.3468 -191.949  13.3645 -191.949  5015.34
-429   58   -5 -429.646  58.5312 -5.34416  124.998 -74.8095  698.736 -74.8095  69.7426 -536.649  698.736 -536.649  4630.01
-444   58   -5 -444.698  58.4065 -5.47093   18.3709 -0.631712  -99.6644 -0.631712   20.8651  -158.926  -99.6644  -158.926   4300.95
-441   57   -5 -441.617  57.6546 -5.31352  72.5799  73.2953 -19.0636  73.2953  97.8394 -23.0325 -19.0636 -23.0325  39.0169
-404   69    0  -404.28  69.4975 0.484164  74.0908  179.319 -0.31577  179.319  1155.08  37.6678 -0.31577  37.6678  6.43254
-433   55   -5 -433.385  55.3998 -5.39221  9.05871   4.8894 -98.2724   4.8894  20.9629 -265.842 -98.2724 -265.842  7292.87
-432   55   -5 -432.157   55.129 -5.45718  230.314 -240.124  8.79067 -240.124  477.684  493.511  8.79067  493.511  4494.63
-435   54   -5 -435.685  54.7036 -5.38024  51.9772  46.9404 -92.2957  46.9404  84.3978 -296.348 -92.2957 -296.348  2132.13
-435   53   -5 -435.691  53.1133 -5.28428  520.153  167.594 -272.368  167.594  553.512  -71.111 -272.368  -71.111   212.35
-392   69   -5 -392.337  69.8376 -5.37525  29.3428  99.4502 -35.1233  99.4502  1091.33 -266.069 -35.1233 -266.069  119.866
-398   59   -5 -398.787  59.5901 -5.24575  2108.13 -2838.54 -199.047 -2838.54  4639.88  183.147 -199.047  183.147   42.459
-448   59   -5 -448.397  59.3992 -5.53753  10.5286   2.0834  -108.94   2.0834  18.6958 -171.685  -108.94 -171.685  3943.76
-443   57   -5 -443.592  57.4685 -5.41793   25.812 -7.47503  9.25658 -7.47503  21.0097 -37.0108  9.25658 -37.0108  102.932
-387   56   -5 -387.823  56.5381 -5.20239 191.944 153.573 54.9576 153.573 1206.98 194.354 54.9576 194.354 65.4843
-441   56   -5 -441.369   56.455 -5.40872  201.322 -104.362 -129.814 -104.362  84.4389  21.5182 -129.814  21.5182  209.763
-438   55   -5 -438.464  55.4662 -5.49787  173.953 -70.2004 -452.162 -70.2004  75.0793 -195.271 -452.162 -195.271  4781.45
-437   54   -5 -437.505  54.6786 -5.45251  70.5546  62.4517 -362.145  62.4517  80.9877 -367.428 -362.145 -367.428  2634.29
-431   54   -5 -431.563  54.5201 -5.54277  27.1627 0.244576 -423.746 0.244576  35.0836    8.601 -423.746    8.601  11488.9
-438   54   -5 -438.398  54.6209 -5.42711  15.7538 -4.09903 -18.6008 -4.09903  19.4343  4.52897 -18.6008  4.52897  40.4675
-430   54   -5 -430.044  54.2308 -5.25324  2818.72   1022.4 -619.179   1022.4  540.451 -309.797 -619.179 -309.797  205.789
-429   54   -5 -429.637  54.1131 -5.34129  38.2904  -30.401  15.7789  -30.401  81.5015 -49.5952  15.7789 -49.5952  67.2772
-434   53   -5 -434.637  53.6131 -5.48132  22.1065  12.1113 -150.565  12.1113  28.2957 -359.115 -150.565 -359.115  6012.03
-438   52   -5 -438.438  52.3222 -5.42509  172.931 -155.507  141.362 -155.507  553.781 -94.6832  141.362 -94.6832  187.353
-435   52   -5  -435.77  52.5319 -5.44693  169.392  57.2081 -589.871  57.2081  38.8796  -366.99 -589.871  -366.99  3866.57
-437   51   -5 -437.657  51.2163 -5.40047  36.1374 -45.7782  34.5316 -45.7782  100.319 -52.2218  34.5316 -52.2218  77.3662
-438   51   -5 -438.116  51.2363 -5.34141  334.356 -63.8766 -83.4123 -63.8766  33.3467   4.7868 -83.4123   4.7868  92.4689
-434   50   -5 -434.321  50.4933 -5.44954  22.2862   13.512 -2.31742   13.512  19.6765  8.32463 -2.31742  8.32463  36.4281
-408   67   -5 -408.376  67.7053 -5.58009  35.8387 -25.2521  143.821 -25.2521  51.2613 -182.774  143.821 -182.774  970.309
-402   61   -5 -402.216  61.3246 -5.40784  926.478  393.948 -271.908  393.948  520.101  -17.959 -271.908  -17.959  125.265
-447   58   -5 -447.642  58.7283 -5.59654  35.8654  42.2779 -304.452  42.2779  100.281 -340.352 -304.452 -340.352  4205.28
-448   58   -5 -448.547   58.317 -5.63843  10.3466  10.2249 -61.6764  10.2249  46.5674 -431.527 -61.6764 -431.527  5425.59
-446   58   -5 -446.495  58.3897 -5.57292  31.1099  22.1595 -230.938  22.1595  38.6077 -250.522 -230.938 -250.522   2371.6
-449   58   -5 -449.263  58.2684 -5.62703    8.73617 -0.0808789  -0.408344 -0.0808789    239.626   -1369.72  -0.408344   -1369.72    8513.19
-445   57   -5 -445.513  57.6888 -5.62264  569.838  367.762 -1471.33  367.762  259.185 -1006.86 -1471.33 -1006.86  4409.31
-449   57   -5 -449.637    57.46 -5.67057  64.8532 -54.5859  174.062 -54.5859  71.9624 -415.461  174.062 -415.461  11087.2
-444   57   -5 -444.475  57.4166 -5.55783  58.4576  44.3115 -393.093  44.3115  61.5352 -422.368 -393.093 -422.368  3391.19
-380   61   -1 -380.305  61.6544 -1.75443  62.6306  -82.497 -11.5309  -82.497  1196.41  -202.67 -11.5309  -202.67  70.7889
-442   56   -5  -442.43  56.4896 -5.55415  15.4032  14.8227 -82.1417  14.8227  53.0439 -374.179 -82.1417 -374.179  3898.71
-443   56   -5 -443.427  56.6547 -5.59447   35.462  26.2496 -222.007  26.2496  75.8323  -401.73 -222.007  -401.73  2589.87
-442   55   -5 -442.563  55.5696  -5.6639   26.659  8.04211 -348.948  8.04211  31.0319 -310.766 -348.948 -310.766  7796.17
-441   55   -5 -441.482  55.5667 -5.61095  44.7042  26.3304 -226.537  26.3304  28.2996 -192.459 -226.537 -192.459  1771.28
-440   54   -5 -440.625  54.5427 -5.43473   24.405  1.15225  2.33943  1.15225  16.6659 -5.74449  2.33943 -5.74449  43.0208
-429   53   -5 -429.405  53.7628 -5.50846  44.0967  25.9374 -12.2169  25.9374  89.3287 -3.29269 -12.2169 -3.29269  24.8955
-430   53   -5 -430.282   53.768 -5.63498  700.475 -1030.34  3686.03 -1030.34  1681.72 -5578.75  3686.03 -5578.75  21931.2
-432   53   -5 -432.626  53.6088 -5.55628 53.9915 17.6589 445.701 17.6589 17.8087 107.054 445.701 107.054 4392.44
-367   51   -5 -367.459  51.8328 -5.41274  193.809 -200.673 -335.692 -200.673  1097.45  831.554 -335.692  831.554   875.41
-432   51   -5 -432.602  51.2206 -5.48668  594.222  477.704 -183.021  477.704  404.407 -138.725 -183.021 -138.725  76.3508
-435   50   -5 -435.693  50.6258 -5.50984  36.6301  13.4119 -13.3983  13.4119  25.0598 -73.2182 -13.3983 -73.2182  335.242
-447   50   -5 -447.741  50.2264 -5.31139  579.242  41.6911 -59.0003  41.6911  2377.64  -181.75 -59.0003  -181.75  43.0965
-432   50   -5 -432.553  50.5879 -5.64283  34.9075 -26.1374    400.4 -26.1374  36.9133 -408.854    400.4 -408.854  6723.63
-436   50   -5 -436.369  50.3504 -5.59628  13.7165  14.4437 -191.933  14.4437  51.7859 -426.948 -191.933 -426.948  8275.95
-437   50   -5  -437.55  50.2441 -5.63657  60.6483  71.9142 -339.713  71.9142   106.82 -511.463 -339.713 -511.463  3725.66
-446   57   -5 -446.313  57.4791 -5.70032  29.2919  21.9403 -157.767  21.9403  135.775  -978.74 -157.767  -978.74  7487.73
-449   56   -5 -449.576  56.8635 -5.73891  20.6149 -56.9533 -261.932 -56.9533  399.114  666.047 -261.932  666.047  8606.64
-444   56   -5 -444.429  56.8164 -5.65298  73.8186  44.5754 -522.088  44.5754  106.709 -586.841 -522.088 -586.841  4973.93
-445   56   -5 -445.585  56.5652 -5.69591  16.2037 -2.60385 -34.3249 -2.60385  29.0796  49.1883 -34.3249  49.1883  502.759
-428   56   -5 -428.289  56.3534 -5.70581  104.825 -62.5467  31.6273 -62.5467  61.9124  50.5031  31.6273  50.5031  1601.19
-420   55   -5 -420.235  55.8878  -5.3259   101.67 -16.2122 -36.5363 -16.2122  801.192  -60.483 -36.5363  -60.483  37.0624
-441   54   -5 -441.657  54.6651 -5.65492  9.12745  2.39934 -14.0813  2.39934  34.3418 -94.3131 -14.0813 -94.3131  453.726
-441   53   -5 -441.511  53.5106 -5.74994  65.2859 -15.4914 -270.731 -15.4914  102.724  69.9322 -270.731  69.9322  2992.89
-440   53   -5 -440.677  53.6526 -5.53526  104.844 -77.2435  -11.275 -77.2435  90.6009  -8.3067  -11.275  -8.3067  29.9325
-373   53   -5 -373.206  53.2406 -5.41768  89.0707  64.0448 -5.65699  64.0448  132.518   3.3507 -5.65699   3.3507  29.7703
-440   52   -5 -440.458  52.2199 -5.68047  113.394  60.6636 -382.832  60.6636  51.8695 -182.316 -382.832 -182.316  2541.68
-438   50   -5 -438.559  50.5854 -5.63362  15.7549   16.364 -97.7258   16.364  37.2904 -212.658 -97.7258 -212.658  1922.29
-431   50   -5 -431.429  50.4286 -5.68423  43.6439 -30.6219  120.516 -30.6219   39.642 -217.392  120.516 -217.392  2044.72
-419   67   -5 -419.148  67.6611 -5.49277 199.186 164.031 115.286 164.031 171.668 118.701 115.286 118.701 95.6184
-414   59   -5 -414.382   59.413 -5.41712  202.045  171.958 -53.9969  171.958  204.579 -72.6937 -53.9969 -72.6937  43.9052
-388   56   -5 -388.124  56.5831 -5.48599  781.237 -351.803 -67.0159 -351.803  331.608  17.5866 -67.0159  17.5866  15.4253
-368   56   -5 -368.953  56.3188 -5.47939  7387.44 -6191.68 -414.058 -6191.68  9909.81  324.712 -414.058  324.712  38.3527
-447   56   -5  -447.33  56.4216 -5.78306   131.93 -116.911  449.885 -116.911   110.82 -399.624  449.885 -399.624  1811.18
-446   56   -5 -446.436  56.2956 -5.66066   12.5892  -1.17226 -0.155778  -1.17226    13.954   14.2561 -0.155778   14.2561   42.7936
-448   56   -5 -448.237  56.1369 -5.81872 40.3097 68.5856 206.312 68.5856 462.098 1620.16 206.312 1620.16 8074.87
-446   55   -5 -446.386  55.6358 -5.79055  15.2031 -0.41544 -2.61907 -0.41544  13.9917 -8.54016 -2.61907 -8.54016  31.8173
-445   55   -5 -445.428  55.3017 -5.55615   29.583 -28.0139 -6.07682 -28.0139  54.0064  3.68154 -6.07682  3.68154   14.959
-449   55   -5 -449.541  55.3619 -5.82513  53.3409 -13.7739 -382.424 -13.7739  23.5496  -66.127 -382.424  -66.127  5186.12
-446   54   -5 -446.537  54.7425 -5.79193  411.286 -614.555  691.311 -614.555  984.651 -1061.51  691.311 -1061.51  1274.43
-442   54   -5 -442.581  54.5171 -5.71538  88.4404  61.6874 -356.255  61.6874  59.0193 -300.657 -356.255 -300.657  1814.44
-444   54   -5 -444.232  54.2905 -5.63648  89.9835  78.6053 -22.8701  78.6053  80.1619 -15.4881 -22.8701 -15.4881  19.5155
-372   53   -5 -372.823  53.2951 -5.46713  15536.1 -12933.4  -6361.7 -12933.4  10900.4  5309.82  -6361.7  5309.82  2638.99
-442   53   -5 -442.564  53.4234 -5.78294 14.5329 3.48872 -178.18 3.48872 21.7166 107.495 -178.18 107.495 6056.41
-428   53   -5  -428.68  53.3928 -5.57795 192.865 90.7352 53.6294 90.7352 64.2151 35.7683 53.6294 35.7683 32.1854
-389   52   -5 -389.447  52.6672 -5.27978  91.8663 -71.3316 -23.1607 -71.3316  377.455  43.4364 -23.1607  43.4364  22.6341
-442   52   -5 -442.373  52.6363 -5.58345 16.8113 15.7384 5.26434 15.7384 42.0839 -2.0419 5.26434 -2.0419 16.9277
-416   51   -5 -416.66 51.0466 -5.5693  490.564  11.5727  50.3208  11.5727  4839.34 -479.705  50.3208 -479.705  69.7447
-426   50   -5 -426.655  50.3445 -5.48362  20.0995  15.8731 0.338014  15.8731  73.1537 -2.16829 0.338014 -2.16829  26.0604
-380   61   -5 -380.657  61.2956 -5.46049  590.358 -305.616   49.297 -305.616  565.609 -55.7533   49.297 -55.7533  16.3465
-383   56   -5 -383.306  56.5729 -5.31227  33.9455  2.86805 -5.47909  2.86805  43.8015  16.5385 -5.47909  16.5385  20.4728
-448   55   -5  -448.76  55.5218 -5.89514  48.3931   55.431 -531.876   55.431  91.6172  -678.45 -531.876  -678.45   9466.7
-447   55   -5 -447.346  55.4055 -5.90637  11.8721 -1.98424 -61.5969 -1.98424  21.2518 -262.029 -61.5969 -262.029  7863.48
-448   52   -5 -448.486  52.7455 -5.82192  47.6179 -10.9315  44.4735 -10.9315   17.548 -13.2923  44.4735 -13.2923  58.2192
-377   51   -5 -377.502  51.9348 -5.43742  262.724  751.966 -133.431  751.966  6680.63 -894.107 -133.431 -894.107  132.919
-424   51   -5 -424.304  51.4823 -5.70687 1668.01 1178.35 217.735 1178.35 2269.98 129.212 217.735 129.212 47.4357
-441   51   -5 -441.466  51.1819 -5.76138   14.4159   19.2261 -0.208833   19.2261   167.717   57.3406 -0.208833   57.3406   41.2403
-445   52   -6 -445.493  52.1636 -6.06451 30.1125 10.9373 22.2862 10.9373 203.809  261.83 22.2862  261.83 1267.61
-444   51   -6 -444.423  51.3327 -6.03882  116.564   86.526  -1107.6   86.526  86.0949 -948.107  -1107.6 -948.107  13112.9
-425   50   -6 -425.824  50.6947 -6.02734  128.637 -150.708  288.339 -150.708  397.115 -946.504  288.339 -946.504  2782.21
-444   50   -6  -444.2 50.6234 -6.0468  145.364 -16.1464 -674.218 -16.1464  55.9082  708.055 -674.218  708.055  13042.2
-448   52   -6 -448.536  52.4023  -6.0761  46.5408  14.3433 -9.91559  14.3433  21.1301  64.1272 -9.91559  64.1272   2503.3
-446   52   -6 -446.618  52.4431 -6.08413  135.773 -96.3141  885.501 -96.3141  82.3308 -662.943  885.501 -662.943  6214.44
-449   52   -6 -449.415  52.5683 -6.09078  61.1394  48.4106 -470.103  48.4106    74.09 -487.993 -470.103 -487.993  4755.74
-446   51   -6 -446.713  51.1728 -6.13497  19.1477 -39.3876 -267.818 -39.3876  267.746  1301.57 -267.818  1301.57  12101.8
-443   53   -5 -443.356  53.8241  -5.7981   9.18945 -0.673676  -59.6868 -0.673676    60.758  -219.349  -59.6868  -219.349   5856.02
-417   65   -6 -417.373  65.4999 -6.20553  54.9309  28.0952 -240.075  28.0952  26.9678 -169.775 -240.075 -169.775  1944.44
-445   51   -6 -445.461  51.6117 -6.08236  29.2829  2.95403  -131.51  2.95403  13.9528 -76.1944  -131.51 -76.1944  1128.06
-413   69   -5 -413.494  69.3702 -5.44466  63.9002 -9.47065  150.438 -9.47065  38.2731  153.985  150.438  153.985  2229.44
-447   50   -6 -447.671  50.5369 -6.15042  28.0602 -5.28613 -34.2902 -5.28613  8.85091   15.684 -34.2902   15.684  347.725
-449   50   -6 -449.492  50.5331 -6.18267  42.5324  27.9979  45.4675  27.9979  63.2397 -98.5136  45.4675 -98.5136  1068.12
-368   54    0  -368.504   54.1524 -0.579315  296.488 -714.665 -87.6716 -714.665  2527.76  14.9356 -87.6716  14.9356  104.283
-440   55   -5 -440.735  55.4631 -5.46145   42.2854   20.9667   16.1055   20.9667   17.2413 -0.114988   16.1055 -0.114988   102.844
-389   52   -4 -389.503  52.6882 -4.55555  80.8766 -79.4853 -5.48882 -79.4853  203.453  8.10299 -5.48882  8.10299  13.0405
-428   53    0  -428.901   53.6429 -0.143923  222.589 -56.4157  5.45541 -56.4157  2515.22  115.916  5.45541  115.916  9.41043
-422   53   -6 -422.673  53.5916 -6.45734  58.9558  -104.79  487.913  -104.79  213.544 -903.766  487.913 -903.766  4887.71
-376   67   -6 -376.254  67.5982 -6.42323  74.5839 -44.2514 -19.8689 -44.2514  114.993  62.2667 -19.8689  62.2667  138.803
-420   55   -6 -420.405  55.6167 -6.38866  11.6642 -8.54495 -2.76177 -8.54495  406.138  -213.35 -2.76177  -213.35  144.993
-419   55   -6 -419.556  55.6414 -6.52093  64.7129 -33.4459  249.965 -33.4459  24.1561 -126.917  249.965 -126.917  2146.46
-424   50   -6 -424.573  50.6493 -6.23192  50.2292 -29.0555  101.346 -29.0555   32.608 -75.1749  101.346 -75.1749  275.876
-402   61   -6 -402.259  61.2577 -6.35018  18.2107  20.9462 -13.6476  20.9462  599.828   17.547 -13.6476   17.547  28.0103
-404   61   -6 -404.668  61.2496 -6.62954  15.4783 -10.9756  78.5433 -10.9756  37.2007  138.001  78.5433  138.001  9103.18
-419   56    1 -419.707  56.3744  1.65405  49.1907  12.2499 -1.01084  12.2499  131.257 -13.8052 -1.01084 -13.8052  14.9778
-405   61   -6 -405.457  61.2333 -6.62119  18.6033  24.4416 -212.513  24.4416  135.539 -1204.52 -212.513 -1204.52  12377.8
-419   53   -6 -419.559    53.66 -6.64273 126.152 230.535 1349.78 230.535 518.234 2818.41 1349.78 2818.41 16999.5
-417   51   -6 -417.406  51.5577 -6.64202  9.45171  8.61192 -90.1988  8.61192  29.2987 -247.069 -90.1988 -247.069  3913.05
-423   50   -6 -423.576  50.6105 -6.44672   15.1901 -0.294657   9.16791 -0.294657   10.4728    -6.303   9.16791    -6.303   43.0718
-404   60   -6 -404.222  60.3753 -6.72792 833.763 409.188 2735.08 409.188 240.588 1190.39 2735.08 1190.39 10991.5
-399   59   -6 -399.229  59.5806 -6.37396  295.198  331.834 -202.049  331.834  744.649 -232.559 -202.049 -232.559  149.569
-414   55   -6 -414.432  55.5808 -6.67746   12.727  4.14701  54.0147  4.14701  114.294 -133.072  54.0147 -133.072  3379.36
-416   54   -6 -416.653  54.2839 -6.44308  22.9189  5.61184  7.67474  5.61184  539.655 -236.386  7.67474 -236.386   118.21
-417   53   -6 -417.541   53.714 -6.62649  16.9757  20.2747 -1.36721  20.2747  439.831   164.48 -1.36721   164.48  123.545
-373   53   -6 -373.206  53.0946  -6.4099  111.644  137.929 -15.3266  137.929  374.352 -14.2471 -15.3266 -14.2471  19.5244
-419   51   -6 -419.325  51.5834 -6.66194  48.4358  119.265 -204.875  119.265   665.49 -1000.57 -204.875 -1000.57  1657.52
-418   51   -6 -418.665  51.2597 -6.68061  9.83217 -2.37626  22.7881 -2.37626  24.4299 -27.8986  22.7881 -27.8986  178.244
-413   55   -6 -413.374  55.6245 -6.72468  85.5886  9.41733  301.529  9.41733  306.365 -1300.08  301.529 -1300.08  7167.48
-411   55   -6 -411.604  55.5574 -6.67244  43.9205   -32.49  21.0348   -32.49   33.897 -22.3972  21.0348 -22.3972  25.5854
-413   54   -6 -413.465  54.4261   -6.776   9.5051 -5.84672  6.57384 -5.84672   30.373 -64.7992  6.57384 -64.7992  251.361
-421   51   -6 -421.508  51.3083 -6.72991  42.0205 -58.3711  143.042 -58.3711   376.52 -182.978  143.042 -182.978  631.203
-420   51   -6 -420.379  51.3716 -6.79693  21.8506  6.15369  11.2306  6.15369  52.6392 -89.4855  11.2306 -89.4855  466.804
-419   50   -6  -419.33  50.6066 -6.84492  44.7311  -44.742  287.125  -44.742  70.3366 -533.072  287.125 -533.072  5058.29
-437   51    4 -437.129  51.1958  4.37969  157.037   11.174   -9.411   11.174  283.922 -40.0119   -9.411 -40.0119  18.3128
-383   56   -6 -383.505  56.5946  -6.7965  145.138  81.4416 -96.5702  81.4416  73.2047 -68.2634 -96.5702 -68.2634  83.1791
-410   54   -6 -410.089  54.3991  -6.6435  3888.25  378.091 -374.977  378.091  84.5276 -27.8897 -374.977 -27.8897  47.1832
-406   54   -6 -406.845  54.5617 -6.70204  1948.61  2399.24 -147.977  2399.24  4073.19 -242.316 -147.977 -242.316  20.1328
-390   53   -6 -390.158  53.1928 -6.61528  112.529 -190.562  33.9054 -190.562  1872.54 -223.324  33.9054 -223.324  33.9596
-413   53   -6  -413.69  53.3774 -6.93674  21.1827 -17.8629  112.055 -17.8629  28.7117 -120.818  112.055 -120.818  1126.05
-389   52   -6 -389.646  52.7828 -6.48451  127.386   35.745 -20.9515   35.745  339.394   48.608 -20.9515   48.608  20.7361
-415   52   -6 -415.442  52.6473 -6.88428 41.9799 14.9658 104.346 14.9658 26.0598 35.3943 104.346 35.3943  821.21
-414   52   -6 -414.343  52.4315 -6.94771 31.3785 5.51449 73.4934 5.51449 14.0538 74.3169 73.4934 74.3169 1560.28
-416   51   -6 -416.675  51.1882 -6.72408    18.241  -19.9894 -0.329237  -19.9894    77.499   19.6947 -0.329237   19.6947   25.9439
-416   50   -6 -416.797  50.7946  -6.7656   399.97 -279.961   290.11 -279.961  274.085 -217.051   290.11 -217.051  240.864
-418   50   -6 -418.528  50.5195 -6.83193  32.8918 -19.5873  108.262 -19.5873  47.7957 -215.102  108.262 -215.102  1137.92
-392   61   -7 -392.518  61.0923 -7.05627 62.0856 31.4783  718.45 31.4783  399.13 186.557  718.45 186.557 10121.7
-400   56   -7  -400.46  56.7021 -7.07669 26.7123 19.1143 13.3563 19.1143 27.8649 63.7411 13.3563 63.7411 595.903
-402   56   -7 -402.362  56.5526 -7.07174  19.6031 -43.6094  -15.253 -43.6094   200.33  325.468  -15.253  325.468  1424.26
-401   56   -7 -401.687   56.654 -7.08112  31.8316  18.2075  131.809  18.2075  136.221 -133.242  131.809 -133.242  2818.36
-409   51   -7 -409.652  51.4963 -7.12013  21.3728  6.72348   156.63  6.72348  41.8772 -302.136   156.63 -302.136   5662.2
-367   50   -7 -367.435  50.7409 -7.12933  92.8582 -67.9719  492.857 -67.9719  64.1594 -394.098  492.857 -394.098   3073.2
-395   58   -7 -395.552  58.5351 -7.17395  21.1357 -25.8923  151.992 -25.8923  67.4917 -285.361  151.992 -285.361  1896.66
-400   55   -7   -400.4  55.5735 -7.18098  6.42286  12.1932 -17.8073  12.1932  162.755 -320.492 -17.8073 -320.492  730.624
-399   55   -7 -399.591  55.2544 -7.21071  105.557 -69.2707 -258.967 -69.2707  57.9868  176.668 -258.967  176.668  714.968
-403   55   -7 -403.897  55.5851 -7.14359  106.928 -16.4628  100.747 -16.4628  22.5718 -99.6994  100.747 -99.6994   606.53
-395   56   -7 -395.439  56.3469 -7.29192  13.443 86.1414 147.074 86.1414 2217.74  1829.9 147.074  1829.9 8821.52
-396   55   -7  -396.41  55.8548 -7.28069  13.3906 -74.1754  106.052 -74.1754  1061.95 -2114.89  106.052 -2114.89  5060.72
-405   50   -7   -405.7  50.5443 -7.30377  86.9676  -168.49   335.76  -168.49  431.888 -760.629   335.76 -760.629   1519.4
-390   53   -7 -390.194  53.0793  -7.2367  861.613   1617.3 -487.293   1617.3  3373.41 -915.143 -487.293 -915.143  299.496
-389   52   -7 -389.741  52.8051 -7.21418  674.729  954.082 -489.821  954.082  1719.24 -611.515 -489.821 -611.515  414.984
-393   52   -7 -393.277  52.5128 -7.33295  122.679  -453.91 -375.805  -453.91  4001.04  3265.66 -375.805  3265.66     2677
-403   50   -7 -403.611  50.2792 -7.46479  15.4655 0.550978 -31.6305 0.550978  18.1662 -28.9791 -31.6305 -28.9791  218.959
-359   55   -7 -359.872  55.5834 -7.47348   225.025  -114.165  -45.1801  -114.165   281.493 0.0274747  -45.1801 0.0274747   49.2004
-360   55   -7 -360.062  55.6289 -7.53385  3944.48  3846.97 -1260.99  3846.97  4185.55 -1587.33 -1260.99 -1587.33  936.958
-397   51   -7 -397.559  51.5773 -7.60616  48.3326  8.77015  256.943  8.77015  27.8666 -91.4666  256.943 -91.4666  2418.58
-364   57   -7 -364.569  57.4866 -7.59736  291.163 -15.2561  305.232 -15.2561  37.6131 -56.5688  305.232 -56.5688  383.211
-387   56   -4 -387.743  56.6179 -4.43733  103.022 -89.1787 -18.2038 -89.1787  193.996   22.676 -18.2038   22.676  18.3282
-394   50   -7 -394.152  50.2221 -7.73147  643.218  -781.29 -7553.78  -781.29  1432.49  13165.8 -7553.78  13165.8   141037
-360   51   -8 -360.529  51.5774    -8.27  23.8104 -27.9825 -52.9946 -27.9825  75.2262  269.677 -52.9946  269.677  2346.93
-359   55   -8 -359.509  55.5486 -8.36562  24.7305 -20.6885  64.1078 -20.6885  32.1223 -56.7804  64.1078 -56.7804  310.973
-355   55   -8 -355.394  55.3285 -8.84448  712.039 -1199.77 -66.1111 -1199.77  2111.53  806.637 -66.1111  806.637  14527.1
-355   53   -8 -355.27 53.3729 -8.8357  96.4709 -73.3585  614.469 -73.3585  542.648 -1132.94  614.469 -1132.94  5409.43
-353   65   -8 -353.414  65.6267  -8.7004  97.0349  90.5917 -63.2198  90.5917  114.461 -68.3666 -63.2198 -68.3666  62.9591
-351   52   -9 -351.378   52.636 -9.04005  12.7693 -6.55777  143.088 -6.55777   21.702   22.667  143.088   22.667  6212.27
