-479   58   13 -479.854  58.5456  13.1946  5517.52 -1022.43  514.018 -1022.43  248.748 -161.512  514.018 -161.512  223.151
-480   58   12 -480.424  58.3243  12.4588  20.6838 -21.0032 -14.0575 -21.0032  152.731  35.6766 -14.0575  35.6766  26.6921
-525   50   12 -525.485  50.1443  12.1779 43.7273 60.6504 28.8512 60.6504 311.034 137.614 28.8512 137.614  91.171
-525   50   11 -525.401  50.3306  11.4629  50.8326 -38.0143 -1.25848 -38.0143  89.9406   15.172 -1.25848   15.172  12.1402
-453   52   10 -453.571  52.2041  10.8221 70.5631 299.177 65.9102 299.177 1652.24 327.937 65.9102 327.937 274.309
-480   58   10 -480.352   58.237  10.4352  441.862 -216.644 -33.4749 -216.644  236.029  45.0859 -33.4749  45.0859  24.4481
-455   53    9 -455.196  53.6156  9.65252 445.169  469.28 299.552  469.28 628.651 355.017 299.552 355.017 280.709
-525   50    9 -525.564  50.5372  9.53412 50.0109 4.21626 8.47317 4.21626 345.053 33.4709 8.47317 33.4709 49.7699
-457   55    9 -457.705  55.8307  9.29767 145.695 409.257 252.548 409.257 6761.88 4489.42 252.548 4489.42 2998.19
-456   57    9 -456.273   57.794  9.50503  48.5446  5.47652   1.7377  5.47652  376.413 -61.7117   1.7377 -61.7117     20.4
-547   50    9 -547.708  50.5164  9.36874  339.123 -303.754 -67.0734 -303.754  396.848  121.968 -67.0734  121.968  74.1004
-507   51    8 -507.736  51.8283  8.83461   913.87 -4051.33  413.071 -4051.33  22506.1 -1975.15  413.071 -1975.15  235.685
-481   73    8 -481.408   73.544  8.63388   939.22 -5222.26 -1933.98 -5222.26  47862.7  17847.2 -1933.98  17847.2  6718.43
-525   50    8 -525.617  50.5901  8.70725 234.878 161.583 34.4844 161.583  1158.5 82.3687 34.4844 82.3687 26.2934
-533   50    8 -533.642  50.6471  8.41008  154.298 -144.756 -17.6348 -144.756  245.603  122.911 -17.6348  122.911  117.473
-455   54    8 -455.73 54.5203 8.54367 202.611 290.418 95.4192 290.418 740.018 319.114 95.4192 319.114 161.729
-480   58    8 -480.673  58.1374  8.25681  153.819 -208.388  19.6743 -208.388  450.948 -17.5893  19.6743 -17.5893  11.7409
-457   56    8 -457.641  56.2952  8.34549  114.322 -86.1821 -6.17493 -86.1821  692.748  246.989 -6.17493  246.989  107.499
-533   51    8 -533.476  51.4166   8.1309 27.7101 31.7116 262.112 31.7116 131.578 749.655 262.112 749.655 4816.18
-547   50    8 -547.669   50.529  8.54336 1635.94 761.847 273.934 761.847 611.346 179.403 273.934 179.403 63.2074
-507   51    7 -507.702  51.9125  7.72949  554.584  -2216.1 -389.282  -2216.1  11226.8   1694.5 -389.282   1694.5  296.254
-457   56    7 -457.407  56.6226   7.6146  112.954 -9.55021  13.6615 -9.55021  606.617  270.616  13.6615  270.616   140.74
-480   58    7 -480.685  58.1382  7.49939  132.034  30.2835 -6.17128  30.2835  1188.93 -30.5867 -6.17128 -30.5867  13.4782
-547   50    7 -547.705  50.5278  7.72667  2224.42 -3263.07 -461.267 -3263.07  5072.83  667.409 -461.267  667.409  103.766
-456   57    7 -456.597  57.6629  7.28538  37.6117 -3.29794 -7.61144 -3.29794  664.662   36.575 -7.61144   36.575  11.2357
-532   51    7 -532.509  51.4043  7.35361 113.391 48.8093 56.4133 48.8093 35.9022 36.5713 56.4133 36.5713 50.4702
-525   50    7 -525.659  50.7829  7.40323  60.7656 -83.1187 -16.7198 -83.1187  303.671  25.1706 -16.7198  25.1706  15.2548
-507   52    6 -507.732  52.0563  6.61391 53.7587 10.7379 5.36836 10.7379 461.402 18.5584 5.36836 18.5584 33.1279
-457   56    6 -457.281   56.942  6.65344 2649.68 6185.01 2111.58 6185.01 16359.7 5263.64 2111.58 5263.64 1765.38
-480   58    6 -480.778  58.1755  6.28502  97.1586 -118.238 -8.33479 -118.238  363.926 -2.35145 -8.33479 -2.35145  11.3137
-456   57    6 -456.691  57.5491  6.35007  62.6389 -36.1528 -4.14382 -36.1528  54.1819 -6.25569 -4.14382 -6.25569  13.5221
-471   52    6 -471.703  52.2623  6.32595   929.97  1193.66 -338.756  1193.66  1573.89 -438.652 -338.756 -438.652  139.304
-525   51    6 -525.473  51.0933  6.43075  5101.64  -3014.2 -569.721  -3014.2  1905.99  349.895 -569.721  349.895  72.1122
-525   50    6 -525.728  50.8252   6.3304  83.6996 -44.1416 -6.11736 -44.1416  59.7743 -6.42056 -6.11736 -6.42056  33.5123
-547   50    6 -547.79 50.5848 6.48731  249.721 -307.992 -60.3194 -307.992  502.228  77.2634 -60.3194  77.2634  24.2586
-460   73    5 -460.411  73.7651  5.55724  946.465 -1390.65 -337.688 -1390.65  3549.54  476.069 -337.688  476.069  145.233
-507   52    5 -507.788   52.111  5.72906  41.2892 -22.7619  -2.1512 -22.7619  194.758  69.8259  -2.1512  69.8259  70.9861
-533   50    5 -533.615  50.6404  5.54016  277.957 -251.965 -881.176 -251.965   255.94   979.13 -881.176   979.13  4317.45
-534   50    5 -534.614  50.5667  5.74257 10.6939 3.91147 10.7694 3.91147 19.4286 7.80012 10.7694 7.80012 24.2883
-472   75    5 -472.768  75.8383  5.58987  137.768 -256.515 -68.9846 -256.515  640.611  119.712 -68.9846  119.712  63.0038
-481   58    5 -481.119  58.1866  5.45628   244.48 -394.308 -112.703 -394.308   1561.7  276.497 -112.703  276.497  79.3126
-508   52    5 -508.115  52.2313  5.53412  1208.22  510.714 -147.972  510.714   272.01 -57.3657 -147.972 -57.3657  33.4156
-457   57    5 -457.093  57.2222    5.687  101.245 -42.9326  4.04107 -42.9326  1191.22  258.427  4.04107  258.427  66.7897
-456   55    5 -456.319  55.7108  5.54965  94.8101 -77.8183 -62.3763 -77.8183  359.475  178.811 -62.3763  178.811  111.406
-480   58    5 -480.773  58.1711  5.37199  1299.88 -1594.42  145.075 -1594.42  2244.91 -187.402  145.075 -187.402   24.437
-456   57    5 -456.669  57.5172  5.41132  74.0575 -35.9981   34.252 -35.9981  31.0355 -19.4022   34.252 -19.4022  26.7032
-535   52    5 -535.32 52.6711 5.17446 389.183 378.974 713.049 378.974 466.379 852.031 713.049 852.031 1597.66
-547   50    5 -547.712   50.729  5.48377  307.141 -253.632  29.6661 -253.632  241.013 -18.9305  29.6661 -18.9305  14.8752
-532   50    5 -532.492  50.6961  5.20978   21.5982 -0.244824  -4.08425 -0.244824   55.0394  -36.5052  -4.08425  -36.5052   74.0727
-459   66    4 -459.044  66.3329  4.58197  2766.76 -657.761   210.34 -657.761   976.76 -178.608   210.34 -178.608  47.5772
-525   50    4 -525.891  50.7377  4.66503   7201.7  -644.83 -1817.24  -644.83  66.6313  161.227 -1817.24  161.227  469.238
-495   69    4 -495.57 69.0682 4.47452  5263.68  1847.25 -366.257  1847.25  2777.35 -73.9186 -366.257 -73.9186  33.1966
-492   66    4 -492.395   66.668  4.33909  580.916 -426.756 -58.1171 -426.756  805.563  76.3243 -58.1171  76.3243  31.9519
-525   61    4 -525.486  61.4093  4.39992  6881.77 -959.295  568.411 -959.295  259.314 -67.2503  568.411 -67.2503  55.2914
-456   57    4 -456.639  57.4475  4.41722  66.2834 -74.2618  3.68358 -74.2618  195.666   9.0393  3.68358   9.0393   13.103
-534   52    4 -534.552  52.5134  4.42159  448.922 -353.599 -210.861 -353.599  331.316  157.981 -210.861  157.981  111.069
-451   73    4 -451.236  73.9199  4.58821  111.769 -73.3959  12.4985 -73.3959  347.135 -40.0553  12.4985 -40.0553  12.3457
-470   63    4 -470.743  63.0673   4.3565  984.836  2978.18 -302.058  2978.18  11259.5 -950.199 -302.058 -950.199  106.246
-480   58    4 -480.852  58.1629  4.52146  652.715 -568.575 -101.156 -568.575   709.89  119.904 -101.156  119.904  28.3497
-481   58    4 -481.164  58.1061  4.37199  58.7511  81.7591   6.2103  81.7591  584.113 -11.5542   6.2103 -11.5542  17.2483
-506   57    4 -506.684  57.2374  4.56143  1860.98 -2796.18  623.785 -2796.18  5004.51 -992.609  623.785 -992.609  220.156
-456   56    4 -456.453  56.1503  4.50593 85.3439 63.7438 11.6293 63.7438 465.864 109.131 11.6293 109.131 33.0503
-507   52    4 -507.73  52.269 4.46709  187.951 -164.708 -81.6197 -164.708  796.399  258.499 -81.6197  258.499  94.9952
-525   51    4 -525.788  51.1106  4.43085  81.0974 -112.919 -5.74166 -112.919  296.065  25.4632 -5.74166  25.4632  17.5041
-547   50    4 -547.791  50.6875  4.31823  384.602 -228.919 -14.0523 -228.919  261.623  30.5553 -14.0523  30.5553  24.1038
-480   58   11 -480.319  58.3086  11.5945    10.982   1.74502 -0.875083   1.74502   81.7755  -24.4188 -0.875083  -24.4188   20.9641
-530   73    3 -530.656  73.2584   3.5443  162.238 -257.434  23.5964 -257.434  527.662 -75.9339  23.5964 -75.9339  37.7969
-536   67    3 -536.386  67.4536  3.62063   184.103  -137.396  -12.6943  -137.396   401.949 -0.255468  -12.6943 -0.255468   17.4244
-547   50    3 -547.792  50.7107  3.50138  2718.38 -2587.72  -610.14 -2587.72  2532.08  571.191  -610.14  571.191  164.606
-508   52    3 -508.241  52.2959   3.5792   75.115  2.52589  20.9608  2.52589  154.054 -6.23663  20.9608 -6.23663  18.5752
-481   58    3 -481.226  58.1324  3.54506 119.317 128.084  5.8767 128.084 246.864 7.56333  5.8767 7.56333 13.7066
-525   61    3 -525.642  61.3144  3.64581  85.3673 -121.761 -6.93453 -121.761  231.133  17.3107 -6.93453  17.3107  8.96131
-480   58    3 -480.797  58.2566  3.42181    26.398  -20.0653  -5.75477  -20.0653   48.0073 -0.974789  -5.75477 -0.974789   11.2776
-456   57    3 -456.64 57.5277 3.51734    21.232  -13.3577 -0.259877  -13.3577   107.775  -17.0704 -0.259877  -17.0704   12.8167
-456   56    3 -456.491  56.5748  3.52885 40.0165 16.5451 15.9367 16.5451 144.256 63.7062 15.9367 63.7062 37.8694
-507   52    3 -507.878  52.3901  3.48705  793.917 -535.097 -60.4699 -535.097  496.687  45.4778 -60.4699  45.4778   13.087
-472   52    3 -472.113  52.2338  3.45373  857.447  193.266 -123.057  193.266  653.435  76.9425 -123.057  76.9425  45.2191
-525   51    3 -525.77 51.1597 3.41081  306.886 -337.404 -36.7928 -337.404  492.915  44.3006 -36.7928  44.3006   14.127
-526   51    3 -526.139  51.1539  3.27783 1908.84  4195.6 1251.71  4195.6  9879.7 2975.44 1251.71 2975.44 911.441
-461   60    2 -461.641  60.4721  2.64133  4381.52 -1704.99  199.699 -1704.99  1006.21 -51.1451  199.699 -51.1451   48.387
-480   58    2 -480.758  58.3105  2.62916 45.8422 2.96975 15.8031 2.96975 28.2565 2.40425 15.8031 2.40425 19.4259
-452   51    2 -452.158  51.4095  2.74463  3110.09 -4478.47  399.237 -4478.47  6837.32 -609.902  399.237 -609.902  76.5121
-473   75    2 -473.137  75.7866  2.50863  242.201 -1919.15 -242.881 -1919.15  18961.5  2361.16 -242.881  2361.16  314.247
-525   61    2 -525.801   61.222  2.57057  170.621 -331.372 -3.16048 -331.372  2384.02  186.095 -3.16048  186.095  29.5369
-480   73    2 -480.37 73.8313 2.51899  76.6663 -62.2334  26.7753 -62.2334  213.755  -19.675  26.7753  -19.675  21.1067
-460   73    2 -460.308  73.5997  2.52589  376.691  -495.66 -265.988  -495.66  2680.92  480.745 -265.988  480.745  209.978
-481   58    2 -481.335  58.1219  2.62397  30.9673  10.7513 -9.11853  10.7513  105.394  7.56501 -9.11853  7.56501  16.9435
-460   56    2 -460.355   56.786  2.42084  2287.08 -3962.21 -50.8849 -3962.21   9398.7  378.933 -50.8849  378.933  46.1783
-507   52    2 -507.863  52.5041  2.37847  2632.45 -1278.44 -1273.56 -1278.44  755.932  764.413 -1273.56  764.413  830.968
-458   66    2 -458.79 66.1814 2.32069 217.617 622.889 84.5216 622.889 2816.41 311.974 84.5216 311.974 64.9301
-475   57    2 -475.165  57.4928  2.41213  1827.32 -2092.34  224.654 -2092.34  2685.94 -251.401  224.654 -251.401  35.1664
-456   57    2 -456.756   57.351   2.3942  20.8918  3.56698  7.05685  3.56698  30.6501 -7.81535  7.05685 -7.81535  13.4432
-456   56    2 -456.55  56.871 2.37461  56.1049 -34.6767 -16.5475 -34.6767  268.725  80.7743 -16.5475  80.7743  35.7586
-508   52    2 -508.114  52.3176  2.46374  129.678 -63.7416 -22.0837 -63.7416  497.118  84.0217 -22.0837  84.0217  25.0651
-472   52    2 -472.267  52.2647   2.5318   582.69 -651.311 -69.2932 -651.311  1045.02  78.3576 -69.2932  78.3576   18.355
-525   51    2 -525.777  51.3764  2.46561  260.346 -122.763 -40.3193 -122.763  105.691  33.5588 -40.3193  33.5588  22.8233
-535   50    2 -535.432  50.4511  2.16587  462.13 1797.02 3109.33 1797.02 7642.01 13239.4 3109.33 13239.4 23102.8
-481   57    1 -481.246  57.8455   1.8547  263.105  30.8823  214.193  30.8823   39.652 -10.5848  214.193 -10.5848  395.078
-480   58    1 -480.894   58.222  1.57365  2158.62 -616.318  -375.89 -616.318   691.46  275.941  -375.89  275.941   145.89
-458   66    1  -458.7 66.2133 1.53011 86.5661 64.4675 22.6335 64.4675 550.354 79.3964 22.6335 79.3964 38.1547
-508   52    1 -508.23 52.4141  1.6421 53.9016 25.4152 19.3867 25.4152 689.862 43.6747 19.3867 43.6747 24.0859
-525   51    1 -525.835  51.3186  1.72623  1919.33 -229.774 -422.232 -229.774  57.3432  43.2915 -422.232  43.2915  113.505
-451   73    1 -451.329  73.6941  1.62426   33.237  37.6879 -1.67438  37.6879  281.984 -18.5817 -1.67438 -18.5817  10.6975
-454   66    1 -454.108  66.6935  1.56373  1345.06  96.7851  208.568  96.7851  7789.61 -1224.01  208.568 -1224.01  238.004
-492   58    1 -492.258  58.9256  1.50213  370.437  499.087 -12.9803  499.087  1774.73 -6.65394 -12.9803 -6.65394  12.3963
-481   58    1 -481.276  58.0573  1.43745  179.149  566.846 -27.2731  566.846  2366.37 -179.227 -27.2731 -179.227  34.7967
-478   55    1 -478.818  55.9059  1.68061  1287.53 -339.173 -235.148 -339.173  766.862  161.383 -235.148  161.383    72.43
-452   51    1 -452.345  51.3839  1.35377 6167.45 815.452 166.535 815.452 1079.57 164.818 166.535 164.818 74.2221
-456   57    1 -456.631  57.1839  1.41597  16.705 3.05261 1.89406 3.05261 56.1169 9.30286 1.89406 9.30286 15.7659
-468   55    1 -468.571  55.5839  1.43885   1700.5    424.1 -1430.25    424.1  2874.35  462.664 -1430.25  462.664  1451.24
-507   52    1 -507.918  52.5024  1.61787  596.446 -132.757  -32.325 -132.757  88.0859  14.9467  -32.325  14.9467  11.1107
-472   52    1 -472.428  52.3435  1.33542  138.058 -94.1273 -17.3571 -94.1273  274.156  3.51402 -17.3571  3.51402  15.3175
-525   50    5 -525.778  50.9271  5.67297  75.4471 -133.324 -18.5429 -133.324  1304.79  95.3667 -18.5429  95.3667  27.1051
-489   50    0 -489.229  50.1945 0.502705   108.19 -600.891  2.35756 -600.891   6005.2 -48.7017  2.35756 -48.7017  6.61306
-539   58    0  -539.572   58.7087 -0.152967   734.37 -781.148  1328.81 -781.148  935.674 -2368.18  1328.81 -2368.18  14218.7
-540   58    0  -540.702   58.2855 -0.128859  586.111 -1664.95   123.35 -1664.95  4881.56  259.308   123.35  259.308  13298.2
-542   57    0    -542.64    57.3697 -0.0953382  190.075 -579.333  128.605 -579.333  1830.65 -150.505  128.605 -150.505  4891.56
-543   56    0   -543.243    56.5117 -0.0955184  301.582 -131.744  1446.44 -131.744  70.0915  -689.75  1446.44  -689.75  8197.03
-543   54    0 -543.296  54.6937 -0.14791  332.987 -182.071  2051.38 -182.071  126.354 -1233.37  2051.38 -1233.37  13675.2
-453   54    0 -453.269  54.7309 0.378145  160.299  -161.92 -10.7951  -161.92  5494.34  178.668 -10.7951  178.668  11.5244
-460   73    0 -460.371  73.6344 0.181163  251.027 -75.6631 -4.35993 -75.6631  484.721  10.6147 -4.35993  10.6147  2.86634
-526   61    0   -526.571    61.1065 -0.0711611  335.118  183.852 -480.373  183.852  183.173 -256.618 -480.373 -256.618  704.653
-458   66    0 -458.551  66.2367 0.262647  497.029 -857.437 -1.85835 -857.437   1772.6  12.5135 -1.85835  12.5135  3.84568
-461   60    0 -461.488  60.4431 0.250212  778.142 -484.286  78.4765 -484.286  1220.49 -100.419  78.4765 -100.419  13.8967
-492   58    0  -492.318   58.8279 0.0782595  298.499 -27.5067 -13.3875 -27.5067  1487.72 -42.1545 -13.3875 -42.1545   6.4138
-459   57    0 -459.86 57.0959 0.31474  1416.58 -629.094 -145.843 -629.094  3589.47 -278.471 -145.843 -278.471  55.1222
-498   56    0  -498.108   56.6751 0.0936497  2258.22 -964.607  -132.11 -964.607  1060.08  41.2326  -132.11  41.2326  12.5777
-491   54    0   -491.86   54.0817 0.0421057   3375.8     1272 -166.859     1272  860.097  -40.244 -166.859  -40.244  13.5406
-473   75    0 -473.586  75.7859 0.115654 74.0254 29.0329 19.0017 29.0329  4264.7 570.026 19.0017 570.026 83.8982
-490   57    0  -490.593   57.1491 -0.145878  2378.03  757.402 -433.548  757.402  723.054 -165.852 -433.548 -165.852  83.4783
-527   59    0  -527.237   59.5917 -0.576851  86.3392 -42.5645  159.447 -42.5645   45.091 -190.468  159.447 -190.468   977.09
-472   52    0  -472.596   52.4078 0.0522371  511.397 -199.857 -81.3913 -199.857   451.51  51.8098 -81.3913  51.8098  19.1229
-478   56    0 -478.953  56.0375 0.231216  765.934 -72.8967  -24.845 -72.8967  2330.48  55.4176  -24.845  55.4176  4.35586
-450   54    0  -450.471   54.3662 -0.190918  933.729 -1368.61   45.213 -1368.61  3322.34 -83.7784   45.213 -83.7784  6.37295
-455   52    0  -455.633    52.613 -0.168531  1827.31 -1961.36  80.2121 -1961.36  3240.41 -213.616  80.2121 -213.616  22.5857
-452   51    0  -452.255   51.3526 0.0218737 812.482  898.79 83.2811  898.79 3547.85 -66.519 83.2811 -66.519 22.3375
-480   73    0 -480.209  73.8784 0.113266 72.8542 84.8852 8.11046 84.8852 520.643 26.3218 8.11046 26.3218 3.51739
-524   59    0  -524.583   59.5839 -0.804355  19.3011 -30.5335  191.789 -30.5335  160.648 -985.975  191.789 -985.975  6313.75
-481   58    0  -481.424   58.1004 -0.181141  28.3594  4.53732 -5.50976  4.53732  100.618  1.08859 -5.50976  1.08859  4.79667
-475   57    0 -475.274  57.4206  0.26594  452.864 -553.247 -6.78072 -553.247  1317.11 -26.3311 -6.78072 -26.3311  5.23069
-528   57    0  -528.488   57.4816 -0.770128  10.7041  2.73101 -19.9337  2.73101  32.3075 -154.963 -19.9337 -154.963  1946.71
-456   57    0  -456.502   57.2194 0.0702816   19.6233  -7.74687 -0.150415  -7.74687   106.825   1.08116 -0.150415   1.08116   3.65953
-520   52    0  -520.768   52.9061 -0.505121   435.27 -449.023  95.7278 -449.023  751.304  -116.93  95.7278  -116.93  46.9741
-507   52    0 -507.927  52.5843 0.327586  817.334 -252.611   10.706 -252.611  169.286  -22.213   10.706  -22.213  6.14318
-508   52    0  -508.255   52.3781 -0.356496  33.5897  31.0155 -5.30769  31.0155  103.878 -9.10505 -5.30769 -9.10505  4.01024
-525   51    0  -525.935   51.4319 -0.059894  584.074  85.6581 -20.0459  85.6581  31.3663 -2.24462 -20.0459 -2.24462  4.14992
-471   62    0  -471.093   62.7227 -0.560234   5092.2 -1725.45 -391.075 -1725.45  1227.79  117.561 -391.075  117.561  36.2058
-526   51    0 -526.264  51.3582 -0.19528  36.1498 -27.6419  1.71672 -27.6419  134.495  5.06022  1.71672  5.06022  3.74303
-530   56   -1  -530.52  56.0925 -1.03496 9.77186 -8.2026 38.7855 -8.2026 603.205 -1914.7 38.7855 -1914.7 9200.82
-530   55   -1 -530.506  55.6035 -1.10872  20.6009 -61.0785  314.472 -61.0785      505 -2270.07  314.472 -2270.07  11437.1
-529   55   -1 -529.498  55.5073 -1.12054  13.5323 0.621593 -88.1629 0.621593  140.961  169.288 -88.1629  169.288  12901.2
-531   55   -1 -531.313  55.4085 -1.07841  296.885   -378.4  2502.83   -378.4  575.961 -3504.09  2502.83 -3504.09  23009.9
-527   54   -1 -527.547  54.3315 -1.13382 1306.93 798.708  1997.7 798.708 495.163 1222.78  1997.7 1222.78 3090.34
-520   57   -1 -520.381  57.5197 -1.23118  1148.74 -1396.41  165.195 -1396.41  1996.68  101.375  165.195  101.375  378.424
-500   63   -1 -500.408  63.5847  -1.5193  126.808 -257.386 -399.408 -257.386  592.627  539.743 -399.408  539.743  10350.6
-511   61   -1 -511.694  61.7406 -1.48887  571.641 -262.358 -2332.36 -262.358   175.19  1220.88 -2332.36  1220.88  10204.1
-512   60   -1 -512.595  60.4989 -1.52027  64.9036 -94.5286  551.186 -94.5286   158.07 -896.261  551.186 -896.261   5290.8
-522   57   -1 -522.478  57.4639 -1.41418   22.072 -18.7511  98.3757 -18.7511   92.021 -314.976  98.3757 -314.976  1226.55
-523   56   -1 -523.648  56.7237 -1.43518  497.173 -276.366  999.195 -276.366  162.478 -561.982  999.195 -561.982  2367.61
-520   56   -1 -520.625  56.4698 -1.43566  84.8253 -14.4383  1.46437 -14.4383  148.805 -202.866  1.46437 -202.866  372.439
-489   50   -1  -489.07  50.1186 -1.19849  3412.4 4049.54 1368.47 4049.54 5517.56 1765.79 1368.47 1765.79 609.311
-503   62   -1 -503.549  62.2239 -1.51415  26.4346 -31.1051  51.6639 -31.1051  82.3242 -113.044  51.6639 -113.044  332.852
-511   59   -1 -511.408  59.5871 -1.42112  26.9431   16.907 -24.4881   16.907  59.9979 -12.6661 -24.4881 -12.6661  39.9751
-510   59   -1 -510.637  59.3975 -1.51022  43.7597  26.8431 -25.9899  26.8431  27.0931 -22.4667 -25.9899 -22.4667  70.0142
-513   58   -1 -513.625  58.5553 -1.49861  523.573 -411.629  26.8592 -411.629   333.43 -14.7662  26.8592 -14.7662  20.3052
-516   57   -1 -516.471  57.6311  -1.6018  21.4469 -23.6181  105.206 -23.6181  57.9783 -206.334  105.206 -206.334   917.52
-517   57   -1 -517.298  57.4456 -1.48727  109.106 -89.8669  -3.1902 -89.8669  110.821 -24.4412  -3.1902 -24.4412  39.9552
-519   57   -1  -519.62  57.2583 -1.61234  25.6745 -76.0835  258.866 -76.0835  655.412 -1950.15  258.866 -1950.15  5958.07
-526   50   -1 -526.216  50.6505 -1.47902   32.585  30.6261 -73.7391  30.6261   54.711 -118.623 -73.7391 -118.623  302.799
-501   63   -1 -501.365  63.2287 -1.57656  80.0778 -133.637  37.2666 -133.637  420.851 -99.9133  37.2666 -99.9133  75.3673
-498   60   -1 -498.216  60.8316 -1.57822  1524.78 -1636.41 -181.894 -1636.41  2340.95 -314.349 -181.894 -314.349  509.556
-506   59   -1 -506.581  59.5058 -1.74636  2300.78 -2194.91  1718.32 -2194.91  2145.47 -1509.14  1718.32 -1509.14  26142.2
-508   52   -1 -508.278  52.2426 -1.38163   56.1926    65.394 -0.912227    65.394   222.865  -40.8229 -0.912227  -40.8229   36.7547
-518   56   -1 -518.601  56.5125 -1.60478  65.0329 -16.3217  -45.499 -16.3217  12.0412  7.85613  -45.499  7.85613  45.6333
-519   56   -1 -519.413  56.3029 -1.73614   929.41 -513.363  1410.35 -513.363  290.538 -791.435  1410.35 -791.435  2352.75
-525   51   -1  -525.73  51.7383 -1.52292  110.41 114.949  27.741 114.949 247.086 -88.152  27.741 -88.152 130.628
-481   58   -1 -481.483  58.1269 -1.61404  12.6772  2.44009 -3.52394  2.44009  127.468  2.44467 -3.52394  2.44467  14.9972
-481   57   -1 -481.602  57.9851 -1.63779  432.859  83.2634 0.541089  83.2634  6692.14 -49.7212 0.541089 -49.7212  7.06657
-456   57   -1  -456.38  57.2385 -1.50253  41.1002  -42.021  3.41663  -42.021  113.268 -9.72873  3.41663 -9.72873  15.1486
-490   57   -1 -490.796   57.069 -1.72029  392.174 -1085.53  8.89377 -1085.53  5750.62 -120.156  8.89377 -120.156  12.7702
-512   56   -1 -512.496  56.6912  -1.8013  11.5184  8.39262 -2.41469  8.39262  19.6958  4.35079 -2.41469  4.35079  11.6889
-514   56   -1 -514.474  56.4017 -1.83562 13.9599 15.5598 3.48404 15.5598 42.9379 30.4595 3.48404 30.4595  53.979
-525   56   -1 -525.525  56.7709 -1.24771  136.465 -158.067  877.909 -158.067  207.177  -1028.7  877.909  -1028.7  6100.74
-522   54   -1 -522.468  54.3881 -1.76252  42.5481   7.7894 -7.75675   7.7894  7.12001  1.64383 -7.75675  1.64383  26.6891
-511   54   -1 -511.308  54.3987 -1.53936  298.096  -323.48 -6.97185  -323.48  1278.63  48.7637 -6.97185  48.7637  11.5439
-523   54   -1 -523.458  54.6156 -1.52013  40.5171  6.08671  18.1371  6.08671  17.2118 -1.88222  18.1371 -1.88222   22.954
-472   52   -1  -472.72  52.4334 -1.45054  528.227 -320.384  23.7632 -320.384  676.717 -64.2079  23.7632 -64.2079  19.8063
-452   51   -1 -452.261  51.2369  -1.5871  3636.62 -1340.49  505.476 -1340.49  921.894 -215.804  505.476 -215.804  90.5286
-535   50    7 -535.153  50.0702  7.34089 631.391 -1055.9 -1004.9 -1055.9  2029.3 1836.81 -1004.9 1836.81 1748.09
-516   55   -2 -516.779  55.4225 -2.03794  756.605  713.988 -3586.88  713.988  734.205 -3717.57 -3586.88 -3717.57  20410.2
-510   55   -2 -510.303  55.2537 -2.11996  159.732  106.793   -49.73  106.793   274.68 -983.081   -49.73 -983.081  4683.14
-517   54   -2  -517.84  54.7662 -2.13019   82.124 -79.0516  887.277 -79.0516  224.692 -2531.91  887.277 -2531.91  41050.6
-510   54   -2 -510.567  54.7177 -2.15016  41.4539   3.1959   266.21   3.1959  27.2572 -270.651   266.21 -270.651  6210.07
-505   54   -2 -505.642  54.6826 -2.16558  17.0852 -57.1576  50.3869 -57.1576  8072.64  -8038.6  50.3869  -8038.6  9092.73
-501   54   -2 -501.649   54.621 -2.17419  589.417  1168.67   324.78  1168.67  3487.51 -86.5405   324.78 -86.5405  831.414
-509   54   -2 -509.296  54.3592 -2.16979  99.2132 -119.148  739.757 -119.148  179.901 -1124.91  739.757 -1124.91  8152.12
-514   54   -2 -514.498  54.2756 -2.20627  38.3098 -103.154  405.354 -103.154  456.545 -1582.54  405.354 -1582.54  6217.19
-508   54   -2 -508.711   54.496 -2.13792 725.403 500.605 1155.26 500.605 364.317 746.799 1155.26 746.799 2203.77
-523   50   -2 -523.423   50.432 -2.14944  25.6866 -10.1191  128.553 -10.1191  24.2403 -66.0969  128.553 -66.0969  1033.41
-500   54   -2 -500.426  54.5546 -2.21089   24.403 -7.85761  32.8429 -7.85761  546.001  -127.76  32.8429  -127.76  287.034
-499   54   -2 -499.518   54.465 -2.26183   45.911  186.257 -89.9957  186.257   1202.4 -493.179 -89.9957 -493.179  358.573
-502   54   -2 -502.491  54.4565 -2.23055  9.10379  1.02019   4.3179  1.02019  31.0567 -61.0094   4.3179 -61.0094  213.599
-515   53   -2  -515.56  53.5543 -2.22691   59.461 -32.6209  251.682 -32.6209  30.0289  -174.48  251.682  -174.48  1378.35
-456   55    6 -456.208  55.3454  6.36957    62.229 -0.322367  -1.40379 -0.322367   226.722   75.3687  -1.40379   75.3687   34.3404
-514   53   -2 -514.458   53.499 -2.31701  22.7631 -50.3749  323.178 -50.3749  224.581 -1387.87  323.178 -1387.87  9413.74
-516   52   -2 -516.387  52.8177 -2.24549  18.0412 -13.3202  7.48647 -13.3202   57.823  24.1597  7.48647  24.1597  187.558
-513   53   -2 -513.629   53.485 -2.37108  50.3998  -105.27  580.437  -105.27  440.524 -2460.23  580.437 -2460.23  14311.5
-515   51   -2 -515.705  51.6819 -2.42613  31.6532  2.02627  145.042  2.02627  125.022 -902.315  145.042 -902.315  9799.48
-509   51   -2 -509.554  51.4111 -2.40618  44.4966 -39.0605 -263.829 -39.0605  43.9208  196.962 -263.829  196.962  4432.95
-490   62   -2 -490.274  62.8363 -2.30503  56.7677 -22.2457 -25.8376 -22.2457  448.205 -18.7989 -25.8376 -18.7989  39.9673
-500   51   -2 -500.588  51.5127 -2.33865  871.209  2333.41 -18.2364  2333.41  6373.08  6.14384 -18.2364  6.14384  55.6617
-519   50   -2 -519.444  50.2356 -2.42952  27.0621  58.9679 -170.954  58.9679    240.5 -554.861 -170.954 -554.861  1545.97
-516   50   -2 -516.305  50.5013 -2.52831 12.0619    6.92 48.6295    6.92 31.5505 45.9712 48.6295 45.9712 1733.36
-512   50   -2 -512.835  50.3274  -2.5144  129.544 -420.753   1293.8 -420.753  2039.42 -6340.96   1293.8 -6340.96  19995.1
-513   50   -2 -513.242  50.2216 -2.52817  55.3833  33.4028 -5.58349  33.4028  326.586 -391.982 -5.58349 -391.982  999.702
-518   50   -2 -518.536  50.3301 -2.49071  350.395 -96.6883  1404.24 -96.6883   86.366 -540.176  1404.24 -540.176  6141.83
-509   50   -2  -509.46  50.0835 -2.52927  24.4755 -8.85498   259.68 -8.85498  181.218  24.3374   259.68  24.3374  4236.08
-480   57   -2 -480.769  57.3359 -2.45744  872.668  596.549 -185.139  596.549  1326.31 -272.424 -185.139 -272.424   80.604
-493   54   -2 -493.226  54.1392 -2.42906  97.3557  700.296 -343.917  700.296  6594.44 -3134.94 -343.917 -3134.94  1515.51
-484   51   -2 -484.717  51.1449 -2.60123 357.383 285.338 72.5749 285.338 828.355 171.573 72.5749 171.573 275.868
-458   66   -2 -458.558  66.1746 -2.57547  149.937  92.1791 -38.4867  92.1791  1579.69 -224.512 -38.4867 -224.512  75.6657
-460   52    0  -460.524    52.765 -0.184269  434.441 -243.416  27.3084 -243.416  1147.43 -71.4324  27.3084 -71.4324  7.64496
-492   54   -2  -492.41  54.1937 -2.37223  79.2356  185.401 -5.78619  185.401  501.173 -21.7895 -5.78619 -21.7895   11.789
-495   52   -2 -495.321  52.2352  -2.5323  2916.15 -3552.75   1696.6 -3552.75  4404.57  -2076.7   1696.6  -2076.7   1021.2
-496   51   -2 -496.378  51.4291 -2.62349  250.592 -402.812  277.496 -402.812  702.049 -473.755  277.496 -473.755  403.866
-497   50   -2 -497.386  50.7411 -2.59219  86.6253 -120.855  156.477 -120.855  194.342 -233.824  156.477 -233.824  383.351
-486   50   -2 -486.188  50.4167 -2.30875  927.842  -1789.6  10.1062  -1789.6  8999.99 -283.496  10.1062 -283.496  22.1435
-489   61   -2 -489.544  61.5189 -2.62329  1724.43 -722.291 -920.454 -722.291  314.221  378.095 -920.454  378.095  501.909
-488   60   -2 -488.201  60.4078 -2.49158  772.983  654.916 -27.3225  654.916  2085.86 -35.4758 -27.3225 -35.4758  8.44056
-491   59   -2 -491.337  59.6507 -2.77594  316.644  -132.23  600.369  -132.23  76.5465 -315.845  600.369 -315.845   1604.3
-481   57   -2 -481.644  57.9252 -2.66821  593.253 -757.974  209.426 -757.974  1672.33 -340.332  209.426 -340.332  95.5888
-493   53   -2 -493.595  53.4101 -2.65641  17.7879 -4.27858  10.5399 -4.27858  7.81384 -2.76394  10.5399 -2.76394  40.5715
-455   52   -2 -455.683  52.3936 -2.64897   5006.7  820.128 -341.456  820.128  1537.92 -84.4093 -341.456 -84.4093  38.0314
-493   52   -2 -493.438  52.5962 -2.84233  16.3169  -20.608   224.88  -20.608  71.7807 -679.237   224.88 -679.237  7182.69
-494   52   -2 -494.599  52.5635 -2.62886  20.9203 -16.1428  17.9065 -16.1428  64.9559 -66.5265  17.9065 -66.5265  102.694
-495   51   -2 -495.739  51.7309 -2.63191   26.007 -10.0041  25.7341 -10.0041  36.1564 -34.7849  25.7341 -34.7849  75.7298
-496   50   -2 -496.755  50.8779  -2.6338 37.4709 382.062  138.66 382.062 5893.71 1865.14  138.66 1865.14 647.791
-473   75   -2 -473.841  75.7433 -2.61649  1146.91 -2475.56  39.6898 -2475.56  6464.73  3.67083  39.6898  3.67083  16.3113
-460   73   -2 -460.309  73.5169  -2.7781   232.41 -361.225  76.5087 -361.225  11873.7 -27.5204  76.5087 -27.5204  39.2776
-489   58   -2 -489.841  58.6544 -2.99167  115.084 -64.1137 -94.2797 -64.1137  106.773 -360.815 -94.2797 -360.815  44233.6
-481   58   -2 -481.493  58.0977 -2.42957  21.0982 -19.3859 -1.50607 -19.3859  252.091  7.97508 -1.50607  7.97508  7.14299
-456   57   -2 -456.533  57.2064 -2.50007  23.3391 -1.67551 -5.87382 -1.67551  117.788  29.0638 -5.87382  29.0638  24.8345
-490   57   -2 -490.723   57.119 -2.58679  1879.68 -2638.18 -2.76834 -2638.18  3844.36  22.7038 -2.76834  22.7038  9.88471
-491   54   -2   -491.7  54.4468 -2.96403  25.0931 -10.0533  304.725 -10.0533  19.6118 -309.338  304.725 -309.338  9380.63
-492   53   -2  -492.48  53.4047 -2.88898  99.6282 -36.3447  462.577 -36.3447  26.5515 -219.143  462.577 -219.143  2497.15
-460   52   -2 -460.462  52.6664 -2.76917  3655.2 3547.23 396.533 3547.23 4710.83 487.754 396.533 487.754 155.506
-472   52   -2 -472.891  52.4249 -2.60558  820.927 -1442.39 -230.582 -1442.39  3346.28   473.09 -230.582   473.09  80.7902
-492   52   -2 -492.601  52.4662 -2.93113  31.4463 -17.4407  234.274 -17.4407  18.7862 -181.136  234.274 -181.136  3067.88
-452   51   -2 -452.238  51.1364 -2.66283  1107.01  38.0995 -14.1558  38.0995  3735.02 -534.523 -14.1558 -534.523  89.1537
-493   51   -2 -493.314  51.4327  -2.9335   30.973 -16.3527  219.136 -16.3527  30.2742 -239.026  219.136 -239.026  3601.52
-489   50   -2 -489.193  50.6109 -2.83439  201.068 -7.38238 -123.432 -7.38238  549.814  258.887 -123.432  258.887  311.526
-493   50   -2  -493.62  50.6409 -2.96336  80.8917  -61.454  334.041  -61.454  57.8492 -284.528  334.041 -284.528  2464.46
-524   55   -1 -524.748  55.6396 -1.47207  207.312 -131.892  1244.34 -131.892  96.1067 -830.999  1244.34 -830.999  8260.81
-491   54   -3 -491.278  54.3021 -3.02632  18.2317 -12.5284  -18.625 -12.5284  211.282  1470.38  -18.625  1470.38  16152.8
-491   51   -3 -491.709  51.7301 -3.05878  30.0499 -9.09662  199.516 -9.09662  605.365 -522.537  199.516 -522.537  4174.38
-492   51   -3 -492.294  51.3724 -3.02997  78.1554 -11.7779 -442.863 -11.7779  72.6379  847.932 -442.863  847.932  13362.2
-487   59   -3 -487.621  59.6927 -3.19463  50.9875 -31.7385  171.378 -31.7385  31.7917 -143.233  171.378 -143.233   1043.1
-471   62   -2 -471.098   62.564 -2.56292  291.628  140.182 -26.8589  140.182  2099.94 -4.30358 -26.8589 -4.30358  11.9826
-488   58   -3 -488.689  58.5122 -3.14925  33.4044 -8.62855  99.0062 -8.62855  21.0386 -4.14877  99.0062 -4.14877  948.019
-485   58   -3 -485.281   58.812 -3.33492  72.5736 -18.5943 -5.61879 -18.5943  64.8542  8.56333 -5.61879  8.56333  78.0896
-487   53   -3 -487.659   53.242 -3.47903  552.366 -243.673  1475.56 -243.673  169.197 -842.196  1475.56 -842.196     6062
-488   52   -3 -488.269  52.4111 -3.43488   1028.5 -513.989  3713.67 -513.989  278.813 -1837.49  3713.67 -1837.49  14951.2
-482   62   -3 -482.725  62.5507 -3.28787  19.0864  1.61018  28.1636  1.61018  7.81947 0.391067  28.1636 0.391067  63.9655
-481   62   -3 -481.307  62.0713 -3.45222  101.111 -283.042  22.2451 -283.042  1661.64 -539.005  22.2451 -539.005  401.307
-488   51   -3 -488.354  51.3479 -3.49765  163.151 -47.9147  678.001 -47.9147  32.7144 -204.198  678.001 -204.198  3239.44
-488   50   -3 -488.398  50.5699 -3.51994  34.5842  -5.4439  210.436  -5.4439  12.4364 -12.0948  210.436 -12.0948  2270.53
-474   75   -3 -474.227   75.643 -3.26946  467.761  1796.26 -543.866  1796.26  8178.67 -2260.73 -543.866 -2260.73  669.239
-489   50    1 -489.457   50.142  1.15174  4442.82 -8627.77  -1189.6 -8627.77  16858.3  2322.56  -1189.6  2322.56  393.205
-479   67   -3 -479.443  67.5526 -3.51261  52.4593 -199.565  301.407 -199.565  897.956 -1338.63  301.407 -1338.63  2022.81
-458   66   -3 -458.468  66.0956  -3.4432  64.9906 -16.2378 -3.89649 -16.2378  640.316 -57.7946 -3.89649 -57.7946  31.5457
-481   65   -3  -481.37  65.4486 -3.39032  789.169  940.201 -849.772  940.201  1571.12 -1663.83 -849.772 -1663.83  1892.68
-482   58   -3 -482.241  58.3419 -3.42409   324.87  158.794 -195.457  158.794   95.573 -95.3382 -195.457 -95.3382  168.944
-487   51   -3 -487.519  51.5569 -3.58952   25.067 -4.60661  105.548 -4.60661  14.4439 -6.55666  105.548 -6.55666  1109.19
-481   58   -3 -481.389  58.2508 -3.32164   69.196 -8.11944  1.00948 -8.11944  17.5714  3.00683  1.00948  3.00683  32.4186
-482   57   -3 -482.284  57.8947 -3.57146  25.6661 -63.3544 -9.12514 -63.3544  889.975 -42.7308 -9.12514 -42.7308  23.7051
-485   55   -3 -485.516   55.327 -3.69807  35.4925 -9.49405  279.973 -9.49405  29.3262 -193.016  279.973 -193.016  3177.67
-481   54   -3 -481.621  54.4814  -3.5734  92.6587 -13.3479 -50.4709 -13.3479   22.349 -39.0786 -50.4709 -39.0786  167.014
-486   52   -3 -486.583  52.5251 -3.67079  76.8499 -77.7988   627.27 -77.7988  105.794 -691.743   627.27 -691.743  5806.91
-472   52   -3 -472.897  52.4491 -3.32354   1697.9 -429.496  139.693 -429.496  425.277 -45.5424  139.693 -45.5424   29.589
-479   64   -3 -479.278  64.6385 -3.51717  511.301  264.959 -26.5561  264.959  163.074 -31.8742 -26.5561 -31.8742  34.9129
-453   54   -3 -453.486  54.7212 -3.42102  267.322 -43.3697  8.21509 -43.3697  6384.33 -275.342  8.21509 -275.342  24.3598
-485   51   -3 -485.483  51.5578 -3.70058  71.5377 -40.6909  51.5454 -40.6909  36.5109 -36.1282  51.5454 -36.1282  60.5978
-486   50   -3 -486.207  50.3841 -3.63325  68.3362 -20.3731   11.901 -20.3731  65.5781  19.3615   11.901  19.3615  26.7916
-451   73   -3 -451.384  73.2706 -3.56242  70.4619 -34.9221 -18.1327 -34.9221  79.1327 -1.96392 -18.1327 -1.96392  12.0269
-471   62   -3 -471.192  62.5509 -3.42651   1006.5  -1392.4  8.34285  -1392.4  4109.99 -290.004  8.34285 -290.004   43.648
-480   58   -3 -480.46 58.3887 -3.9052   112.37 -83.0712  147.632 -83.0712   70.464 -113.544  147.632 -113.544  313.402
-475   57   -3 -475.569  57.3372 -3.56351  880.345 -1745.16 -178.384 -1745.16   4896.8  463.801 -178.384  463.801  60.2046
-481   57   -3 -481.464  57.7636 -3.64466  14.8196  4.07013  8.36452  4.07013  37.5055 -21.6294  8.36452 -21.6294  34.0895
-456   57   -3 -456.467  57.2182 -3.48769  13.9619 0.344909 -3.01542 0.344909  51.1921 -3.71645 -3.01542 -3.71645  11.3383
-508   52   -2 -508.522   52.174 -2.11324 23.1107 12.6544 9.57888 12.6544 22.1741 2.47191 9.57888 2.47191 103.405
-508   50   14 -508.88 50.5728 14.4082  2134.07 -2966.95 -175.851 -2966.95  4461.08   222.47 -175.851   222.47  22.6647
-476   55   -3 -476.593   55.713 -3.61076  215.632 -137.632 -23.1613 -137.632  931.206  94.6201 -23.1613  94.6201  24.4256
-465   55   -3  -465.61  55.1284 -3.56029  6265.47 -904.933 -746.713 -904.933  311.366  142.703 -746.713  142.703  102.511
-450   54   -3 -450.683  54.3097 -3.69902   924.39  875.782  108.066  875.782  7680.95 -554.392  108.066 -554.392  92.2636
-482   54   -3 -482.594  54.0688 -3.68322   35.143  127.924 -56.3872  127.924  860.783 -309.022 -56.3872 -309.022  185.438
-483   54   -3 -483.504  54.1856 -3.64238   17.5044  0.144159 -0.552702  0.144159   91.5028  -47.1842 -0.552702  -47.1842   55.4272
-482   53   -3 -482.393  53.9719 -3.75577   17.803 -74.1171  24.6614 -74.1171  6537.23 -1005.82  24.6614 -1005.82  232.835
-480   53   -3 -480.649  53.8991 -3.94006  47.7996 -119.784   164.55 -119.784  685.994 -675.723   164.55 -675.723  1137.31
-481   53   -3 -481.525  53.8899  -3.9136  10.6752  6.25923  15.9926  6.25923   201.53 -80.7797  15.9926 -80.7797  127.871
-455   52   -3 -455.682  52.3985 -3.56855  507.768 -307.418 -84.0886 -307.418  7027.25  67.1541 -84.0886  67.1541  26.8892
-452   51   -3 -452.328  51.1076 -3.46376  240.049  446.927 -34.6244  446.927  3781.44 -164.509 -34.6244 -164.509   17.818
-485   50   -3 -485.628  50.4683 -3.88323  23.0105 -7.79741   65.643 -7.79741  12.1329  3.80689   65.643  3.80689  608.805
-526   51   -1 -526.299  51.3261 -1.29895  29.6234 -6.51671 -29.8164 -6.51671  57.6502 -40.8191 -29.8164 -40.8191   116.33
-483   51   -4 -483.449  51.1794  -4.0155  200.048  356.156  173.473  356.156  715.201 -63.9792  173.473 -63.9792  15973.6
-471   70   -4 -471.479  70.5526 -4.17508  137.721 -38.4862  657.065 -38.4862  26.9035 -10.4056  657.065 -10.4056  9811.01
-477   64   -4 -477.418  64.3444 -4.07437  45.7426 -31.8362   437.97 -31.8362  44.2689 -405.551   437.97 -405.551  5306.06
-479   58   -4  -479.49  58.4243 -4.07642  1046.47 -476.319  4116.74 -476.319  254.192 -1893.02  4116.74 -1893.02  16502.9
-480   53   -4  -480.41  53.8151 -4.13881  139.656  882.641 -584.939  882.641  6184.09 -3840.49 -584.939 -3840.49  2672.07
-481   53   -4 -481.498  53.7312 -4.07901  23.6093 -9.37787  77.6094 -9.37787   89.357 -401.584  77.6094 -401.584  2293.39
-482   52   -4  -482.16  52.5873 -4.13366  27.8286 -27.2284  323.328 -27.2284  79.1294 -710.962  323.328 -710.962  7339.38
-478   59   -4 -478.341  59.4911 -4.21905  3061.95  603.683  899.335  603.683  165.834 -216.371  899.335 -216.371  3953.32
-482   50   -4 -482.617  50.3198 -4.21327  8.54757 -8.65388  40.6671 -8.65388  83.8274 -338.468  40.6671 -338.468  1728.66
-476   62   -4 -476.391  62.5026  -4.3094   27.614 -8.68162   168.35 -8.68162  42.1886 -276.248   168.35 -276.248  2657.86
-455   55   -4 -455.814  55.2417 -4.15941   1510.5  1379.78 -4.09498  1379.78  1846.79 -28.2666 -4.09498 -28.2666  41.0997
-479   53   -4 -479.398  53.5995  -4.2498 38.0016 17.3851 31.1688 17.3851 74.9813 65.2918 31.1688 65.2918 168.075
-479   52   -4 -479.479   52.543 -4.35886  10.9186 -2.83506 -2.68082 -2.83506  38.6477 -111.885 -2.68082 -111.885  1881.96
-480   52   -4 -480.704   52.344 -4.25785  750.129  239.666 -237.627  239.666  83.5901 -87.2515 -237.627 -87.2515  311.932
-480   51   -4 -480.363  51.4847 -4.27689  23.1408  9.33808 -51.2794  9.33808  19.5631 -29.9472 -51.2794 -29.9472  244.102
-470   67   -4 -470.404  67.7954 -4.44792  71.8573 -25.2384 -12.2916 -25.2384  46.7549 -58.5623 -12.2916 -58.5623   1615.4
-471   67   -4 -471.507   67.785 -4.28537  217.566 -54.7541  359.187 -54.7541  36.0559 -132.285  359.187 -132.285  718.273
-473   65   -4 -473.493  65.5552 -4.45538   27.8738 -0.935531   280.388 -0.935531   7.05461  -66.0398   280.388  -66.0398    4705.8
-475   62   -4 -475.627  62.4506 -4.35095  80.5398 -15.4392 -400.889 -15.4392  15.1738  48.1728 -400.889  48.1728  2393.46
-477   59   -4 -477.481  59.4461 -4.34806  437.497 -58.8801  1802.39 -58.8801  17.2648  -242.54  1802.39  -242.54  7637.65
-476   57   -4 -476.565   57.581 -4.43758  17.5163  26.2304 -18.6203  26.2304  60.8162 -114.226 -18.6203 -114.226  1868.42
-474   60   -4 -474.381   60.739 -4.50862  17.4917    9.154 -28.9249    9.154  136.636  -79.299 -28.9249  -79.299  148.463
-472   60   -4  -472.62  60.2822 -4.36063  2280.13 -2028.97 -4245.53 -2028.97  2115.01  4075.97 -4245.53  4075.97  8264.21
-476   58   -4  -476.63   58.379 -4.45386  69.8304 -32.2692  345.607 -32.2692  22.3252 -183.258  345.607 -183.258  2176.62
-450   54   -4 -450.748  54.2579 -4.32838  2527.27 -4494.38  464.861 -4494.38  9218.91 -971.798  464.861 -971.798  138.696
-477   53   -4 -477.541  53.6726 -4.40448  21.6591  -23.387  34.9827  -23.387  65.6698 -115.462  34.9827 -115.462  274.771
-478   53   -4 -478.486  53.6733 -4.39267    10.944 0.0195094 -0.499288 0.0195094   18.9676  -41.3279 -0.499288  -41.3279   203.841
-478   52   -4 -478.776  52.4832 -4.45393  18.1828 -18.8003  113.867 -18.8003  45.9481  -221.28  113.867  -221.28  1507.57
-479   51   -4 -479.535  51.6131 -4.44844    109.75 0.0405798   365.999 0.0405798   17.9306   25.3319   365.999   25.3319   1482.93
-508   52    4 -508.215  52.2002  4.53368  593.535  136.033 -9.36113  136.033  295.122 -48.2745 -9.36113 -48.2745    15.62
-458   65   -4 -458.384  65.7681 -4.51347  66.3941 -4.54423 -6.42113 -4.54423  204.833  216.581 -6.42113  216.581  250.052
-508   51   11 -508.281  51.3469   11.581    193.79   125.907 -0.975474   125.907   142.015  -5.42767 -0.975474  -5.42767   11.6842
-473   59   -4 -473.353  59.3812 -4.54784  70.6846 -196.723  320.473 -196.723  783.671 -1521.67  320.473 -1521.67  3251.69
-475   57   -4 -475.519  57.4637  -4.4637 27.9421 -6.0084 23.4736 -6.0084 13.1041 2.88948 23.4736 2.88948 62.3393
-468   67   -4 -468.408  67.7386  -4.6634  90.2507  -12.501  348.978  -12.501  40.0675 -148.124  348.978 -148.124  1846.65
-458   66   -4 -458.351  66.2155 -4.41574  13.1441 0.211918  4.33574 0.211918  20.4837  6.48066  4.33574  6.48066   17.423
-471   62   -4 -471.341   62.348 -4.48934  35.4876 -34.3871 -11.8987 -34.3871  96.4101 -1.75626 -11.8987 -1.75626  32.3293
-454   55   -4 -454.369   55.966  -4.4865  1209.76 -1769.85 -366.551 -1769.85   4976.5  690.487 -366.551  690.487  140.755
-453   54   -4 -453.511  54.6006 -4.43695  371.649  254.875 -17.0543  254.875  5964.48 -801.994 -17.0543 -801.994  114.871
-478   51   -4 -478.663  51.4103 -4.57986  218.051 -13.1168  968.703 -13.1168  24.0605 -153.358  968.703 -153.358  4894.88
-478   50   -4 -478.458  50.7895 -4.65371  219.936 -144.198   1249.5 -144.198  173.607 -1014.17   1249.5 -1014.17  7779.35
-462   63   -4 -462.217  63.2137 -4.78657  626.424   -755.1  352.204   -755.1   1326.1 -1242.04  352.204 -1242.04  2171.32
-451   62   -4 -451.513  62.7101 -4.51213  2256.95  1827.33 -1224.68  1827.33  1505.83 -968.526 -1224.68 -968.526  704.543
-461   60   -4 -461.058  60.1494 -4.63834  727.892 -691.143  151.936 -691.143  3163.33 -710.007  151.936 -710.007  166.319
-470   60   -4 -470.499  60.3019 -4.81801  2021.27  -2383.4 -1408.08  -2383.4  2831.65  1701.41 -1408.08  1701.41  1239.93
-472   57   -4 -472.577  57.2629  -4.7957  42.3946  109.637 -164.045  109.637  871.561 -1430.66 -164.045 -1430.66  2478.38
-459   56   -4 -459.894  56.5839 -4.39235   2357.4 -2981.78 -467.681 -2981.78  5030.76  696.748 -467.681  696.748  110.377
-476   53   -4 -476.438  53.6727 -4.50412  18.1472 -9.90963  21.5105 -9.90963  207.446  -227.14  21.5105  -227.14   280.95
-478   62   -3 -478.372  62.4374 -3.87367  240.931  -196.04 -845.942  -196.04  194.421  622.954 -845.942  622.954  3253.36
-473   52   -4 -473.075  52.4261  -4.4435   1606.3 -1083.63  29.7608 -1083.63  1025.28 -43.6911  29.7608 -43.6911  20.0567
-477   52   -4 -477.383  52.2651  -4.6964  28.9324 -5.88032  93.4317 -5.88032  29.8668 -23.3921  93.4317 -23.3921  468.825
-476   52   -4 -476.53 52.3518 -4.8165  17.5262 -1.56318  45.2823 -1.56318  23.8187 -46.5719  45.2823 -46.5719  489.106
-477   51   -4 -477.625  51.5476 -4.73545  66.2199 -43.6123  278.219 -43.6123  39.7914 -182.538  278.219 -182.538  1441.05
-450   50   -4 -450.738  50.8568 -4.44385  7328.92  2894.07 -681.507  2894.07  1640.41 -304.299 -681.507 -304.299  74.5476
-455   64   -4 -455.555  64.6293 -4.69607  19.2197 -21.4944 -21.1686 -21.4944  64.8145  48.1998 -21.1686  48.1998  46.6496
-457   64   -4 -457.296  64.5358 -4.60054  1224.82  -453.82 -57.3521  -453.82  183.742  17.0589 -57.3521  17.0589  12.9846
-458   64   -4 -458.452   64.572  -4.8253  32.4113 -16.0887  100.697 -16.0887  34.3425 -120.305  100.697 -120.305  571.176
-460   63   -4 -460.404  63.6541  -4.6353  24.2179 -16.9639 0.316286 -16.9639  28.6827  5.44044 0.316286  5.44044  13.0937
-461   63   -4 -461.468  63.6082 -4.86409  12.3905 -4.83568  25.9427 -4.83568   24.884 -75.7284  25.9427 -75.7284  538.655
-466   63   -4 -466.402  63.5679 -4.74108   14.0625 -0.718256  -2.95524 -0.718256   15.0324  -10.6015  -2.95524  -10.6015   28.0492
-468   62   -4 -468.405  62.1925 -4.87617  33.2643 -103.743  -92.156 -103.743  478.329  406.508  -92.156  406.508  420.611
-467   62   -4 -467.745  62.5839 -4.87154 57.7611 43.5577 114.244 43.5577 42.8487 84.5962 114.244 84.5962  376.44
-469   61   -4  -469.33  61.2013 -4.83046   132.25 -181.605   140.97 -181.605  478.692 -36.9983   140.97 -36.9983  358.351
-457   59   -4  -457.72  59.8116 -4.75977 20638.2 5204.12 2973.73 5204.12 3899.25 532.773 2973.73 532.773 482.299
-470   59   -4 -470.839  59.8334 -4.52831 92.8643 144.732 20.8933 144.732 487.659 55.0968 20.8933 55.0968 17.4717
-471   57   -4  -471.57  57.5077 -4.79176  165.476 -180.032  166.508 -180.032  222.523 -176.026  166.508 -176.026  189.287
-456   57   -4 -456.486  57.1196 -4.43421  11.8215 -3.15627 0.020528 -3.15627  44.0401 -6.99799 0.020528 -6.99799  12.2002
-456   56   -4 -456.404  56.9115 -4.61332  57.1339  128.984 -16.6681  128.984  1303.34 -175.926 -16.6681 -175.926  35.4206
-460   56   -4 -460.064  56.5919 -4.62886  504.427 -125.297 0.228203 -125.297  382.653  2.10935 0.228203  2.10935  9.45519
-471   56   -4 -471.558  56.4764 -4.71752  72.8067  20.1786 -17.2312  20.1786  17.4135  2.04834 -17.2312  2.04834  15.6689
-472   56   -4 -472.648   56.457 -4.89017  20.4237 -2.00663  7.95886 -2.00663   7.2599 -16.6586  7.95886 -16.6586  438.324
-467   54   -4 -467.146  54.2837 -4.69701  3674.45 -3655.97 -756.962 -3655.97  4080.13  764.732 -756.962  764.732  174.159
-466   54   -4 -466.244  54.1499 -4.87991  367.857 -891.877  -776.04 -891.877  2447.73   1875.2  -776.04   1875.2  1898.61
-473   53   -4 -473.624  53.5975 -4.83098  24.7795  28.1527 -20.0007  28.1527  104.232  3.76097 -20.0007  3.76097  175.067
-472   53   -4 -472.496  53.4864 -4.85205 12.9194 21.1127 37.7543 21.1127 183.533 156.376 37.7543 156.376 395.217
-471   53   -4 -471.688  53.5356 -4.92749  34.5091 -77.4991  38.3757 -77.4991  318.005 -16.3723  38.3757 -16.3723  376.504
-474   53   -4 -474.533  53.6303 -4.77023  16.6324 -16.6199   11.848 -16.6199  79.7027 -99.3987   11.848 -99.3987  252.078
-475   53   -4 -475.566  53.6125 -4.68565   17.054  1.53669  11.7319  1.53669  35.4533 -26.6626  11.7319 -26.6626  54.7364
-460   52   -4 -460.564  52.5198 -4.63962  1045.96 -2291.53 -71.4457 -2291.53  7090.37  127.058 -71.4457  127.058  13.2449
-474   52   -4 -474.787  52.6552 -4.94576    41.08  -16.369  7.36369  -16.369  28.5608 -89.0321  7.36369 -89.0321  1454.08
-475   52   -4 -475.291  52.5651 -4.94691  17.5019 -9.13385    27.83 -9.13385  35.8979   -150.7    27.83   -150.7  1475.87
-455   52   -4 -455.829   52.244 -4.61858   373.14  281.574 -128.216  281.574  938.904 -174.386 -128.216 -174.386  59.2813
-452   51   -4 -452.426  51.0811 -4.61492  315.521 -333.239 -16.5529 -333.239  1060.96 -16.3664 -16.5529 -16.3664  14.0886
-476   51   -4 -476.412  51.6071 -4.86847  14.6608 0.643159  14.4621 0.643159  25.4511 -254.914  14.4621 -254.914  3273.33
-523   55   -1 -523.357  55.4653 -1.59659  468.232 -281.232  511.511 -281.232  180.844 -319.862  511.511 -319.862  582.542
-464   61   -5 -464.329  61.1365 -5.02309  141.074 -327.746  118.525 -327.746  977.095  679.287  118.525  679.287  22954.2
-465   60   -5 -465.498  60.6666 -5.06949  64.2261 -47.2574  588.782 -47.2574  87.4889 -638.335  588.782 -638.335  8238.52
-475   51   -5 -475.385  51.5113 -5.03501  49.9015 -31.4244  78.0998 -31.4244  36.1151 -156.482  78.0998 -156.482  10295.6
-454   62   -5 -454.451  62.5765  -5.0992  37.2466  12.2461 -78.4773  12.2461  88.0952  898.486 -78.4773  898.486  13079.4
-457   62   -5 -457.851  62.5033 -5.07441  22.8363 -4.30145 -73.6248 -4.30145  23.8288 -98.0096 -73.6248 -98.0096  3999.07
-453   62   -5 -453.441  62.5609 -5.12972  16.0216  7.45906  7.96929  7.45906  13.8696 -14.0185  7.96929 -14.0185  800.673
-459   61   -5 -459.573  61.6703 -5.09138  41.7541  51.4492  71.9909  51.4492  161.438 -502.577  71.9909 -502.577  4346.06
-462   61   -5 -462.579  61.4022 -5.11031  13.6506 -21.5519 -60.4366 -21.5519  77.9923  106.312 -60.4366  106.312   1135.2
-458   61   -5 -458.759  61.4582 -5.10147  41.3654  -33.766   285.41  -33.766  48.1961 -364.196   285.41 -364.196  3257.67
-469   57   -5 -469.639  57.5686  -5.1322  30.7267  9.87555 -16.8954  9.87555  18.2964 -49.3141 -16.8954 -49.3141  764.231
-470   57   -5 -470.662  57.4228   -5.051  169.454 -89.5715  1309.59 -89.5715   66.717 -758.638  1309.59 -758.638  10906.9
-470   56   -5 -470.751  56.7249 -5.06104 94.9067 -42.918 11.1752 -42.918 38.3562 34.7797 11.1752 34.7797 563.249
-474   51   -5 -474.497  51.4036 -5.09661  57.3882 -41.9985  435.207 -41.9985  53.1363 -398.591  435.207 -398.591  3969.67
-475   50   -5 -475.371  50.4499 -5.06669  125.823 -77.4344  505.655 -77.4344  57.1502 -326.387  505.655 -326.387  2408.01
-452   62   -5 -452.588  62.5852 -5.16138  15.2997 -8.94513 -8.53455 -8.94513  21.9504 -2.27903 -8.53455 -2.27903  517.648
-450   62   -5 -450.489  62.3977 -5.26068  49.9518 -14.8544  37.1042 -14.8544  43.7039 -422.704  37.1042 -422.704   5031.1
-463   60   -5 -463.383  60.4141 -5.14859  27.5555  12.9696  13.6969  12.9696  18.4636 -32.3409  13.6969 -32.3409  818.142
-459   60   -5 -459.357  60.4277 -5.19786  18.3369 -11.5668  153.048 -11.5668  40.5565 -441.347  153.048 -441.347  5587.51
-463   59   -5 -463.629  59.6918 -5.22464  64.3804 -85.6519  542.938 -85.6519  148.453  -959.23  542.938  -959.23  6762.52
-509   52   -2 -509.655  52.6029 -2.24888  283.673  -156.58  1242.77  -156.58  154.255 -724.628  1242.77 -724.628  5795.44
-465   59   -5 -465.451  59.3988  -5.2167  19.6609 -35.5297  301.005 -35.5297  134.579 -978.449  301.005 -978.449  8027.04
-467   59   -5 -467.561   59.392 -5.11895   23.5656 -0.627397  -92.3477 -0.627397   18.4699  -31.2791  -92.3477  -31.2791   729.984
-525   50   -1 -525.454   50.513 -1.65977 61.7356 16.7825 78.6268 16.7825 22.4708 6.30617 78.6268 6.30617  135.56
-467   58   -5 -467.721  58.6679  -5.2355  134.777  61.4853  51.8955  61.4853  47.4897 -28.3303  51.8955 -28.3303   2439.4
-469   55   -5 -469.284   55.457 -5.20579  507.486 -169.618  1881.84 -169.618  73.6922 -662.447  1881.84 -662.447  7379.28
-466   54   -5 -466.522  54.1246 -5.08678  57.4372 -162.695 -29.3239 -162.695  1220.72  31.0728 -29.3239  31.0728  92.1476
-471   53   -5 -471.462  53.3458 -5.15601  24.8496  25.4715 -8.83791  25.4715  95.5939 -96.7435 -8.83791 -96.7435  201.239
-472   53   -5 -472.247  53.3137 -5.11718  9.97591    7.147 -4.59202    7.147   33.308 -53.8635 -4.59202 -53.8635  185.317
-472   52   -5 -472.619  52.3265 -5.16988  32.6795 -29.0695  76.3469 -29.0695   50.102  -97.246  76.3469  -97.246  389.654
-473   52   -5 -473.412  52.4911 -5.12248  21.1192  18.3413 -15.6391  18.3413  70.4986 -198.507 -15.6391 -198.507  872.102
-474   50   -5 -474.459  50.6056 -5.18649   60.685 -11.7349  179.002 -11.7349  18.4087 -58.7296  179.002 -58.7296  901.196
-473   50   -5 -473.448  50.5981 -5.28156 34.1281 1.54109 316.061 1.54109 20.3454 256.652 316.061 256.652 8996.99
-464   59   -5 -464.526  59.5833 -5.23359 227.928 88.8345 358.319 88.8345 66.6656 64.2937 358.319 64.2937 919.445
-462   59   -5 -462.458  59.3886 -5.29497  16.6469   7.0775  68.3502   7.0775  66.3679 -551.658  68.3502 -551.658  7304.03
-461   59   -5 -461.558  59.2964 -5.23478 36.2957 44.1177 50.8383 44.1177 127.471 7.27437 50.8383 7.27437  176.64
-459   58   -5 -459.546  58.6443 -5.28995  24.4611  26.5365 -4.91353  26.5365  64.3988  132.996 -4.91353  132.996  1166.88
-463   58   -5 -463.674  58.6549 -5.30417 86.6184 6.66048 703.644 6.66048 8.90025 90.0323 703.644 90.0323 6981.88
-506   57    2 -506.564  57.1004  2.82335  3364.83 -5296.98 -5.89397 -5296.98  8733.25  8.51758 -5.89397  8.51758  73.9019
-461   58   -5 -461.817  58.4606 -5.33587  84.7023  -47.483   395.01  -47.483  35.2069 -279.385   395.01 -279.385  2844.18
-455   57   -5 -455.856  57.8098 -5.14481  7582.61 -3941.75   8540.5 -3941.75   2113.2 -4462.21   8540.5 -4462.21  9666.39
-461   57   -5 -461.457  57.5847  -5.3681  171.044 -147.253  411.912 -147.253  138.418 -374.733  411.912 -374.733  2039.72
-462   56   -5 -462.608  56.6218 -5.36225  136.125 -114.557   288.78 -114.557  107.455 -258.156   288.78 -258.156  2040.45
-468   56   -5 -468.402  56.2803  -5.2736  43.3547  100.122 -89.6102  100.122  335.506 -230.386 -89.6102 -230.386  557.067
-468   55   -5 -468.634  55.5605 -5.28312 192.043 99.9333 773.951 99.9333 59.1157 376.021 773.951 376.021 3815.73
-465   54   -5  -465.48  54.2547 -5.15959  82.4755 -115.082  42.1602 -115.082  457.484   169.23  42.1602   169.23  368.247
-473   51   -5 -473.514  51.6566 -5.20531  218.218 -158.315  857.003 -158.315   130.33 -634.557  857.003 -634.557  3581.64
-452   59   -5 -452.473  59.4754 -5.46341  7.73071 -5.16406 -4.01104 -5.16406  77.9217 -451.472 -4.01104 -451.472  4856.98
-454   58   -5 -454.914  58.2627  -5.3793  503.916  149.246 -687.923  149.246  95.6325 -389.829 -687.923 -389.829  2449.29
-460   57   -5 -460.512  57.4861 -5.37928  14.3859  -5.9611  89.9961  -5.9611    53.75 -230.686  89.9961 -230.686  2264.34
-459   57   -5 -459.378  57.2152 -5.39289  42.2562 -35.5669  419.286 -35.5669   145.22 -336.544  419.286 -336.544  6463.75
-463   57   -5 -463.584   57.384 -5.35781  44.2466  62.1765 -520.171  62.1765  114.631 -888.583 -520.171 -888.583  7850.87
-456   56   -5 -456.555  56.7815 -5.24229  23.1831  33.3892  3.77366  33.3892   88.874 -7.99106  3.77366 -7.99106  48.3475
-466   53   -5 -466.453  53.7433 -5.32028  158.674 -60.8457  847.659 -60.8457  173.868 -660.191  847.659 -660.191  5425.89
-469   53   -5 -469.588  53.2781 -5.29582  19.7472  29.9938 -10.1741  29.9938  128.694 -52.4109 -10.1741 -52.4109   102.26
-470   53   -5 -470.383  53.3621 -5.23405  17.4718  -5.9016  15.3355  -5.9016  119.259 -80.4845  15.3355 -80.4845  119.425
-470   52   -5 -470.549  52.5443 -5.37004  13.7399  7.18735 -8.87362  7.18735  28.3912 -13.7046 -8.87362 -13.7046  131.653
-471   52   -5  -471.63  52.6127 -5.30915  114.439 -172.176  910.286 -172.176  299.807 -1510.34  910.286 -1510.34  7908.29
-472   51   -5 -472.479  51.3636 -5.36218  14.8386 -5.57855   26.442 -5.57855   28.261  -37.333   26.442  -37.333  1403.15
-450   50   -5 -450.768  50.8088  -5.2123  633.116  389.569 -28.5654  389.569  522.718 -3.84536 -28.5654 -3.84536  61.4093
-471   50   -5 -471.539  50.4707 -5.45771  23.2788 -29.7303 -289.072 -29.7303  57.5386  468.201 -289.072  468.201  5870.33
-451   59   -5 -451.419  59.5071 -5.48916  159.716 -164.931  1286.37 -164.931  212.706 -1646.11  1286.37 -1646.11  14856.3
-453   57   -5 -453.353  57.5169 -5.45293  33.3837 -8.08703 -75.2366 -8.08703  23.0665  14.8349 -75.2366  14.8349   414.29
-455   56   -5  -455.62  56.6694 -5.42663  17.8854  5.26518  28.4251  5.26518   37.363 -111.123  28.4251 -111.123   559.23
-462   55   -5 -462.48 55.7865 -5.5022   134.58  520.713    -1469  520.713  2508.78 -6814.11    -1469 -6814.11    19156
-456   55   -5 -456.666  55.6352 -5.50543  53.8929 -79.7894  525.491 -79.7894  230.201 -1482.46  525.491 -1482.46  10012.8
-457   55   -5 -457.482  55.4584 -5.51479  16.4855  23.0277 -69.6962  23.0277  69.8223 -235.993 -69.6962 -235.993  1425.01
-458   55   -5 -458.433  55.6061 -5.51839  18.4766 -24.6919  177.778 -24.6919  88.1272 -621.304  177.778 -621.304   4639.3
-463   55   -5 -463.605  55.5251 -5.52996  46.6581 -39.8152  248.395 -39.8152  53.8949 -304.944  248.395 -304.944  2558.62
-468   53   -5 -468.665    53.25 -5.36112  16.5565  2.07969  12.2452  2.07969  10.2546 -22.3381  12.2452 -22.3381  167.421
-467   52   -5 -467.507  52.7151 -5.49488   13.357  6.67478 -26.7636  6.67478  18.0439 -35.5533 -26.7636 -35.5533  318.033
-468   52   -5 -468.584  52.7573 -5.26919  16.3432   1.4819  -5.8821   1.4819  14.8314 -6.38521  -5.8821 -6.38521  35.6379
-469   52   -5 -469.431  52.5595 -5.28251  509.982 -334.524 -117.881 -334.524  233.286  64.0075 -117.881  64.0075  59.5497
-471   51   -5 -471.553  51.7635 -5.40921  15.7113 -9.80762  75.5952 -9.80762  136.101 -296.956  75.5952 -296.956  1107.03
-470   51   -5  -470.61  51.4804 -5.34618  76.5979 -78.5441  87.5682 -78.5441  103.207  -106.61  87.5682  -106.61  128.016
-450   58   -5 -450.384  58.3612 -5.58122  15.8452  -7.2933  32.6401  -7.2933  64.1097 -300.984  32.6401 -300.984  2108.77
-452   56   -5 -452.258  56.5101 -5.66938   240.88 -58.0024   2053.2 -58.0024  39.1512 -550.326   2053.2 -550.326    23469
-453   55   -5  -453.49    55.37 -5.65286  9.80085 -2.76738  22.6475 -2.76738  13.6967 -72.3904  22.6475 -72.3904  1771.75
-454   55   -5 -454.504  55.4536 -5.57045  23.3001 -25.9619  47.0517 -25.9619  55.5205 -108.571  47.0517 -108.571  278.498
-460   55   -5 -460.721  55.3457 -5.55336  38.0303  9.21173 -57.5394  9.21173  147.651 -966.045 -57.5394 -966.045   6632.3
-461   55   -5  -461.36  55.5151 -5.53496  21.6417 -1.77009  62.4623 -1.77009  143.626 -664.644  62.4623 -664.644   3507.2
-464   54   -5 -464.576  54.7971 -5.51051  69.9215 -100.321  54.5487 -100.321  224.079 -60.0182  54.5487 -60.0182  148.699
-457   54   -5 -457.476   54.591 -5.59759  102.419 -138.547  551.407 -138.547  216.305 -899.957  551.407 -899.957   4374.9
-456   54   -5 -456.258  54.4513 -5.63584 13.7499 7.17512 36.8139 7.17512 64.3042 682.137 36.8139 682.137 9238.87
-458   54   -5 -458.502  54.3664 -5.57554   23.301  10.9146 -106.249  10.9146  24.0293 -70.6255 -106.249 -70.6255  881.445
-460   54   -5 -460.182  54.5604  -5.6173  43.2471 -3.06234   131.16 -3.06234  58.3204 -511.847   131.16 -511.847  5898.34
-463   54   -5 -463.451  54.3758 -5.63575   13.089  -9.0908 -87.6092  -9.0908  21.5852  246.545 -87.6092  246.545  6193.83
-455   54   -5 -455.383   54.597 -5.63957  83.4385  48.2194 -716.661  48.2194  44.4355  -546.63 -716.661  -546.63   8812.8
-459   54   -5 -459.488   54.526 -5.61477  14.0552  5.10599  11.0297  5.10599   21.984 -114.439  11.0297 -114.439  1193.81
-465   53   -5 -465.742   53.643 -5.46969  137.954  162.343  74.3827  162.343  505.473 -95.0946  74.3827 -95.0946  352.895
-466   52   -5 -466.57 52.3449 -5.5372  16.0849  17.2222 -2.21459  17.2222  74.9153  28.8458 -2.21459  28.8458  41.9375
-468   51   -5 -468.264  51.5577  -5.6255  141.765 -126.232  1334.35 -126.232  145.052 -1349.83  1334.35 -1349.83  14127.9
-469   51   -5 -469.533  51.4382 -5.58149  17.1359 -4.60069  21.4364 -4.60069  16.6797 -92.3977  21.4364 -92.3977  958.802
-469   50   -5 -469.204  50.4314 -5.53869  239.339  351.932 -366.302  351.932  1771.23 -2183.31 -366.302 -2183.31  2752.12
-470   50   -5 -470.567  50.4398 -5.61929  78.8766  24.4415  75.6121  24.4415   19.317 -62.1124  75.6121 -62.1124  2260.74
-468   50   -5 -468.613  50.4753  -5.6517  20.6992  1.83184  49.1043  1.83184  10.2627 -62.3151  49.1043 -62.3151  3111.06
-452   55   -5 -452.465  55.3155 -5.74751  13.8607 -23.6378  23.4201 -23.6378  170.568 -251.978  23.4201 -251.978  712.225
-454   54   -5 -454.432  54.5206 -5.71502   53.785 -89.1133  531.479 -89.1133  175.297 -991.654  531.479 -991.654  5939.31
-457   53   -5 -457.586   53.541 -5.64424   21.271  9.41273 -19.7377  9.41273  23.0893 -13.3577 -19.7377 -13.3577    44.47
-462   53   -5 -462.538  53.5742 -5.70665  29.2998 -20.5904  193.632 -20.5904  32.1032 -161.544  193.632 -161.544  1673.03
-455   53   -5 -455.542  53.6526 -5.72868  11.4802 -12.0742  93.0651 -12.0742  84.5426 -574.952  93.0651 -574.952  4431.71
-456   53   -5  -456.73  53.5658 -5.72759  22.4964 -33.6732  253.388 -33.6732  70.3629 -473.868  253.388 -473.868   3987.1
-458   53   -5 -458.552   53.361 -5.72197  17.4489 -14.7805  26.8969 -14.7805  53.1133 -142.119  26.8969 -142.119  1082.81
-463   52   -5 -463.643  52.6523 -5.73002  20.8225 -38.5607  244.537 -38.5607  143.301 -963.168  244.537 -963.168  7138.14
-465   52   -5 -465.381  52.1773 -5.71194  25.2659 -12.3464  58.1995 -12.3464  34.9352 -33.7742  58.1995 -33.7742  2073.29
-465   51   -5 -465.602  51.7445 -5.57768  160.983 -101.592  144.664 -101.592  86.3778 -75.7058  144.664 -75.7058  171.255
-467   51   -5 -467.644  51.5038  -5.6681  30.1164 -23.0731  315.484 -23.0731  80.4869 -516.631  315.484 -516.631   6156.5
-466   51   -5 -466.419  51.4687  -5.6156   7.43341 -0.515989  -5.86442 -0.515989   15.8029  -4.56945  -5.86442  -4.56945   45.4073
-467   50   -5 -467.515  50.6328 -5.70405  42.7071  -31.964  75.3409  -31.964  44.7443 -205.171  75.3409 -205.171  1728.15
-450   56   -5 -450.619  56.5601 -5.76643   21.731  5.83921 -19.6806  5.83921  52.7826 -189.421 -19.6806 -189.421  1340.84
-451   56   -5 -451.597   56.631 -5.72472  251.65 25.1079 1326.43 25.1079  20.566 92.3721 1326.43 92.3721  7406.6
-453   54   -5  -453.46  54.6952 -5.67814 36.0283 2.59825 5.86116 2.59825 23.4462 2.48563 5.86116 2.48563 20.9809
-450   54   -5 -450.781  54.1431 -5.57013  6338.78 -4393.23 -179.513 -4393.23  4031.85 -130.125 -179.513 -130.125  81.5349
-454   53   -5 -454.542   53.632 -5.79923  13.7807 0.540102  9.53518 0.540102  18.2162 -5.93954  9.53518 -5.93954  346.404
-452   53   -5  -452.43  53.3951 -5.87209  12.8296 0.676903 -82.9655 0.676903  9.41836 -72.9128 -82.9655 -72.9128  8813.11
-460   52   -5 -460.666  52.4467 -5.51103  393.797 -182.992  -59.704 -182.992  1436.78 -155.489  -59.704 -155.489  42.9961
-453   52   -5 -453.567  52.4711 -5.81878  34.5738 -39.8369  48.9031 -39.8369  116.446 -74.8829  48.9031 -74.8829   114.44
-455   52   -5  -455.72  52.1516 -5.54295  119.917 -509.016  213.491 -509.016  3113.55 -1173.38  213.491 -1173.38  462.785
-458   52   -5   -458.4  52.4599 -5.82254   15.751 -1.23798   25.117 -1.23798  22.1362 -136.243   25.117 -136.243  1771.95
-464   52   -5  -464.48  52.6435 -5.70733  18.2444  -20.713  95.1761  -20.713  65.2241 -277.712  95.1761 -277.712  1502.01
-454   51   -5 -454.578  51.8374 -5.86388  28.0186  106.055 -43.0277  106.055  823.591 -336.392 -43.0277 -336.392  12364.8
-461   51   -5 -461.445  51.6229 -5.81622  15.1922 -1.76112 -13.4418 -1.76112  18.8255 -2.37021 -13.4418 -2.37021  173.166
-452   51   -5 -452.396  51.0678 -5.30169   399.075    135.63 -0.216155    135.63   1894.96  -134.605 -0.216155  -134.605   19.7648
-464   50   -5 -464.565  50.2956 -5.74601 22.0108 1.73119 22.6658 1.73119  41.478 15.8638 22.6658 15.8638 51.7698
-465   50   -5 -465.624  50.5003 -5.79493  71.4231  77.7073 -193.178  77.7073  116.477 -292.345 -193.178 -292.345  874.074
-466   50   -5 -466.294  50.4923 -5.78203   19.746 -9.84646  67.7487 -9.84646  50.0834 -223.204  67.7487 -223.204  1468.21
-451   53   -5 -451.644  53.2284 -5.93117  16.9924  8.51508  22.6548  8.51508  46.3018 -33.9293  22.6548 -33.9293  432.777
-452   52   -5 -452.659  52.7265 -5.93657  49.5429 -41.0754  289.114 -41.0754  76.9494 -332.053  289.114 -332.053  2543.64
-455   51   -5 -455.485    51.67 -5.87676   16.149 -10.0964 -138.621 -10.0964  45.6439   190.56 -138.621   190.56  2387.68
-458   50   -5 -458.498  50.6866 -5.92094  17.7967 -6.36907  22.1925 -6.36907  117.246 -95.8263  22.1925 -95.8263  226.326
-461   50   -5 -461.316  50.7105  -5.9063  144.155  154.934 -215.766  154.934  223.179 -301.096 -215.766 -301.096  766.728
-457   50   -5 -457.552  50.5496  -5.9487 12.6512 6.63876  8.7423 6.63876 101.515 -571.41  8.7423 -571.41 3821.84
-459   50   -5  -459.32  50.3697 -5.91723  32.4282 -23.7545  123.299 -23.7545  29.7014 -136.917  123.299 -136.917   1362.3
-463   50   -5  -463.37  50.7543 -5.86476  52.3802 -10.2264  8.13509 -10.2264  18.7901 -17.5633  8.13509 -17.5633  58.6216
-452   51   -6  -452.58  51.2524 -6.04707 340.045 392.464 1225.34 392.464 469.731 1446.53 1225.34 1446.53 6532.07
-463   51   -5 -463.289  51.0966 -5.82801  40.0861 -54.6808 -110.193 -54.6808  171.659   166.06 -110.193   166.06   453.44
-454   50   -6 -454.757  50.4134 -6.01549  21.6251  14.3175  34.4294  14.3175  27.6649 -171.502  34.4294 -171.502  7422.72
-450   52   -6 -450.477  52.2904 -6.06203  94.4336 -61.1677  402.213 -61.1677  87.7064 -502.865  402.213 -502.865   3481.6
-451   51   -6 -451.477   51.402 -6.06442  15.7471  3.80948  -138.88  3.80948   17.746 -144.599  -138.88 -144.599  3187.66
-450   51   -6 -450.774  51.4893 -6.10767  368.669  202.877 -1997.54  202.877  184.077 -1613.93 -1997.54 -1613.93  15532.8
-451   50   -6 -451.471   50.711 -6.13722  14.1905 -11.3439  64.6924 -11.3439  72.2457 -136.291  64.6924 -136.291  2187.83
-452   50   -6  -452.47  50.3573 -6.09655 15.4426 4.46324 71.4553 4.46324  42.447 269.707 71.4553 269.707 4351.82
-450   50   -6 -450.478  50.5975 -6.16776  15.4145 -20.5865  101.019 -20.5865  77.5374 -321.239  101.019 -321.239  1595.05
