-575    5   12 -575.494  5.47346   12.436  24.7537 -10.6918 0.681691 -10.6918  11.2384 -2.48298 0.681691 -2.48298  13.5496
-575    7   12 -575.722  7.35751  12.2974  31.9877  44.7765 -5.63306  44.7765  83.5794 -4.37595 -5.63306 -4.37595  14.3329
-559   43   11 -559.12 43.7486 11.2979   1114.1 -473.225  180.247 -473.225  594.114 -92.8214  180.247 -92.8214  39.8511
-558   37    3 -558.714  37.6644  3.41234  499.931 -131.882  8.37162 -131.882  73.9868  2.31931  8.37162  2.31931  10.8616
-574    6   10 -574.601  6.42966   10.568  510.274 -9.42395  1595.93 -9.42395  12.2984  12.3797  1595.93  12.3797  5337.15
-565   37    1 -565.672   37.387  1.68426  76.9801 -87.2427  426.559 -87.2427  437.113 -1230.79  426.559 -1230.79  4085.73
-558   36   10 -558.621  36.2781  10.7294  8844.59 -5483.17 -4576.13 -5483.17  3866.95  2929.71 -4576.13  2929.71  2406.36
-557   31    0 -557.697  31.6888 0.219453  35.8098 -41.0028  390.041 -41.0028  76.3778 -524.587  390.041 -524.587  5122.97
-558   38    1 -558.635  38.2061   1.2208  2091.11  185.224 -386.317  185.224  83.1777 -53.2599 -386.317 -53.2599  91.6283
-557   44    0 -557.505  44.5955 0.916334   1010.6 -791.746  2317.44 -791.746  636.305 -1888.17  2317.44 -1888.17  7946.99
-559   43    3 -559.453  43.7947  3.23967  1204.07 -1404.84  98.3533 -1404.84     1945 -109.923  98.3533 -109.923  30.4779
-559    3    3 -559.697  3.63636  3.80197  8019.25  485.612 -707.848  485.612  53.3788 -49.9287 -707.848 -49.9287  73.7692
-550   38    0   -550.788    38.6065 -0.0652194  59.1433 -49.2526  53.9999 -49.2526  97.1131  28.5322  53.9999  28.5322  310.896
-557   34    0 -557.555  34.7269 0.424802  33.7429 -34.1372  121.742 -34.1372  48.8328 -181.467  121.742 -181.467  1448.54
-562   29    0 -562.591  29.6466 0.416526  18.0488  -5.7255  213.391  -5.7255  11.9975 -182.856  213.391 -182.856  7435.66
-553   40    0  -553.684   40.5562 0.0454578  160.975  -107.11  1178.92  -107.11  122.089 -874.417  1178.92 -874.417  9228.24
-556   35    4 -556.151  35.1706  4.37718   4211.1 -644.643 -587.437 -644.643  297.331  99.8174 -587.437  99.8174  96.1483
-561   31    6 -561.343  31.6173   6.7408  76.2492 -221.954 -632.628 -221.954  7619.72  20271.1 -632.628  20271.1  54617.6
-553   36    0 -553.241  36.3324 0.121219  131.186 -68.7397  513.559 -68.7397  52.1112 -283.206  513.559 -283.206  3663.58
-552   25    0  -552.756   25.1343 -0.127296 6345.54 8553.49 -180.59 8553.49 11635.1 485.084 -180.59 485.084 31256.7
-555   34    8 -555.88 34.3763  8.4507 435.563  209.51 32.6621  209.51 155.652 27.4172 32.6621 27.4172 13.8102
-559   27    0 -559.382  27.4126 0.265322  134.457 -1.04021  258.439 -1.04021   46.364  648.409  258.439  648.409  33363.6
-551   23    0   -551.195    23.8617 -0.0975939  17125.2  19272.1 -448.342  19272.1  21800.1  420.779 -448.342  420.779  39777.7
-550   35    0  -550.414   35.4092 -0.112066   21.934 -15.5392  209.084 -15.5392   73.949 -802.769  209.084 -802.769  10143.5
-552   37    0 -552.418  37.4424 0.201851  21.6355  5.39238 -1.70226  5.39238  9.18193 -7.71917 -1.70226 -7.71917  19.9164
-554   34    0 -554.463  34.4422 0.148896  22.6005 -28.5739  302.145 -28.5739  104.916 -1023.96  302.145 -1023.96  11264.1
-558   37    1 -558.638  37.8705  1.44203 1462.12 395.603 122.625 395.603 501.547 86.6958 122.625 86.6958 32.4757
-562   28    0 -562.592  28.4086 0.417719 17.3234 7.21268 98.4371 7.21268 19.2462 251.274 98.4371 251.274 9465.35
-555   34    0 -555.729  34.2962 0.210707  144.746 -98.4161  497.296 -98.4161  112.903 -319.463  497.296 -319.463  4421.62
-554   35    0 -554.396  35.4483 0.194803    130.1 -24.8934  923.535 -24.8934  25.2204 -252.439  923.535 -252.439  7400.75
-550   46    4 -550.207  46.9634  4.19844  2297.16 -6676.65  193.953 -6676.65    28983 -1275.23  193.953 -1275.23  100.575
-552   36    0 -552.617  36.6248 0.107292  72.3461 -42.7668   244.36 -42.7668  56.2001 -278.959   244.36 -278.959   2945.8
-558   37    6 -558.948  37.4983  6.63231  6670.86 -51.4388 -110.235 -51.4388   169.63  168.677 -110.235  168.677   181.76
-566   43    3 -566.716   43.797  3.74193  1752.96 -1831.91  177.635 -1831.91  2433.85 -272.078  177.635 -272.078  60.5908
-550   46    6 -550.485  46.4208  6.37072 138.996 66.5007 129.105 66.5007 67.6209  93.199 129.105  93.199   155.4
-563   28    0 -563.188  28.2673 0.432395  143.882 -23.8734  241.798 -23.8734  22.4777  238.321  241.798  238.321  9306.24
-551   24    0  -551.667   24.3019 -0.107907  4379.63  5101.11 -112.994  5101.11  5982.73   199.55 -112.994   199.55  14200.9
-551   28    0  -551.393    28.316 -0.161034 69.8536 40.0734 406.678 40.0734  46.246 135.627 406.678 135.627 14847.9
-560   30    0 -560.264  30.7943 0.281961  30.307 16.7171 364.566 16.7171 39.5118 575.491 364.566 575.491 16595.2
-553   39    0  -553.431   39.5072 0.0872124  911.658 -147.906  4950.11 -147.906  65.6408 -783.478  4950.11 -783.478    27961
-564   26    0 -564.483  26.8635 0.499228  88.3715 -427.577  141.362 -427.577  2389.48  198.859  141.362  198.859  7315.49
-552   24    0   -552.28   24.7812 -0.119073  10562.3  12947.1 -301.378  12947.1    15957  291.926 -301.378  291.926    28381
-559    5    4 -559.803  5.71364  4.12087  12675.8  471.852 -281.068  471.852  34.8465  23.4498 -281.068  23.4498  271.039
-559    1    4 -559.523   1.6707  4.34597  1345.61 -52.9153  30.4432 -52.9153   14.699  -18.021  30.4432  -18.021  60.5098
-559   30    0 -559.715   30.381 0.283153  45.2299 -6.21159  359.749 -6.21159     33.1  345.896  359.749  345.896  13649.2
-556   35    2 -556.208   35.465  2.65614  1043.48 -699.461 -259.637 -699.461  559.618  211.538 -259.637  211.538  98.1517
-556   33    0 -556.624  33.7086 0.244239  158.013 -205.011  1276.56 -205.011  300.538 -1808.18  1276.56 -1808.18  11654.1
-551   32    0  -551.438    32.325 -0.112802  47.6469 -45.5272  261.924 -45.5272  93.5481 -366.435  261.924 -366.435  2015.15
-555   34    9 -555.821  34.1785  9.50758  1511.27 -1379.56 -1946.52 -1379.56  2717.25  2924.95 -1946.52  2924.95  3430.07
-550   47    6 -550.116  47.0617  6.32982  648.649  -2205.1 -63.6485  -2205.1  8430.16  197.894 -63.6485  197.894  15.9158
-550   17    0 -550.551  17.5582 0.386206 4387.03 7068.07 178.996 7068.07 11453.9 143.407 178.996 143.407 18045.8
-559   37    8 -559.445  37.3005  8.63159  168.053 -27.5135 -31.0288 -27.5135  50.9448  15.1775 -31.0288  15.1775  24.6305
-550   34    0  -550.354   34.6318 -0.129469  25.9165 -12.8247  129.477 -12.8247  20.2412  46.5042  129.477  46.5042  8228.79
-562   27    0 -562.468  27.5597 0.436135 13.3741 5.74983 140.166 5.74983 17.5515 231.712 140.166 231.712 9237.62
-554   18    0 -554.599  18.6752 0.524392  1164.53  1810.95 -894.528  1810.95  2904.92 -1495.34 -894.528 -1495.34  25348.4
-550   47    3 -550.086  47.0832  3.43029  6230.63 -2492.22 -660.647 -2492.22  1190.95  230.555 -660.647  230.555  454.024
-556   35    3 -556.149   35.308  3.71567  4273.23 -3287.75 -761.811 -3287.75  2886.85  551.517 -761.811  551.517  171.856
-559    6    3 -559.91 6.70461 3.80674  1821.38  661.677 -1356.39  661.677   365.55  -711.26 -1356.39  -711.26  1454.63
-559   36    7 -559.202  36.5877  7.38333 1703.39 95.5588 397.172 95.5588 87.2876  222.86 397.172  222.86 667.863
-559   43    4  -559.4  43.833 4.52096  2007.37 -1781.78 -321.725 -1781.78  1742.51  295.941 -321.725  295.941  69.0067
-554   35    5 -554.791  35.8747  5.66691  778.064  722.327 -94.7248  722.327  988.092 -61.7682 -94.7248 -61.7682   24.988
-559   37    4 -559.205  37.2241  4.71702   243.57 -391.528  11.4345 -391.528  730.813 -1.40339  11.4345 -1.40339  13.0176
-559   37    9 -559.496  37.4066  9.38659  128.648 -676.833   8.6264 -676.833  5032.74    82.92   8.6264    82.92  18.5784
-559    3    4 -559.662  3.78414   4.2696  1762.69 -3.52582 -67.1163 -3.52582  28.2188 -6.94903 -67.1163 -6.94903  16.8962
-556   34    5 -556.16 34.9009 5.32783  406.637 -1254.56 -294.986 -1254.56  5407.83  1334.14 -294.986  1334.14  363.328
-559   43    5 -559.428  43.8186  5.30626  357.605 -141.216  130.669 -141.216  195.539 -3.12224  130.669 -3.12224  145.701
-553   31    0   -553.381     31.361 -0.0928862  47.3111 -64.7755  494.926 -64.7755  139.354 -1067.73  494.926 -1067.73  8984.72
-559    4    4 -559.727  4.57892  4.21664  3458.51  135.191 -265.519  135.191  16.1812 -14.1409 -265.519 -14.1409  44.7798
-559   37    5 -559.444  37.4176   5.8179  81.9572  128.705 -8.01321  128.705  578.207  -39.924 -8.01321  -39.924  35.3466
-559   34    5 -559.492  34.4329  5.83471  2287.02 -298.136  1465.32 -298.136  59.7077 -259.713  1465.32 -259.713  1815.87
-556   32    0 -556.579  32.4316 0.188473  125.831 -8.04204  647.332 -8.04204  38.1803 -332.534  647.332 -332.534  6172.18
-550   47    1 -550.08 47.2173 1.36882  5343.47 -1359.36 -54.8834 -1359.36  376.321  13.4027 -54.8834  13.4027  33.2294
-559   43    6 -559.387  43.9209  6.33872  1171.07  -950.72  177.667  -950.72  1096.49 -73.3742  177.667 -73.3742   54.401
-559   37    6 -559.14 37.2592 6.67019  266.705  -99.225 -105.999  -99.225  60.9678  48.4691 -105.999  48.4691  56.8923
-550   33    0  -550.688   33.3475 -0.134486   24.227  2.99951  157.044  2.99951  10.0341 -5.22238  157.044 -5.22238  1543.04
-552   38    0 -552.532  38.2961 0.243663  43.0629 -241.261 -119.476 -241.261  5219.33  2370.14 -119.476  2370.14  1087.65
-555   34    6 -555.891  34.4518  6.57263 717.012 83.3779 123.352 83.3779 17.7474 25.8345 123.352 25.8345 105.903
-550   45    6 -550.745  45.5733  6.84536  1172.25  151.361 -2459.16  151.361  32.4809 -324.117 -2459.16 -324.117  5245.52
-563   27    0 -563.288  27.4937 0.455972  140.193 -36.5112  371.633 -36.5112   36.792  290.067  371.633  290.067  11969.1
-559   37    7 -559.258  37.4244  7.47968  266.231  -119.28  91.9553  -119.28    106.4 -32.6273  91.9553 -32.6273   41.551
-552   41    0   -552.42   41.5394 0.0358248   36.209 -79.7537  125.328 -79.7537  345.798  491.098  125.328  491.098  11838.5
-575    5   10 -575.42  5.7149 10.7017  2635.03 -1732.17  2090.56 -1732.17  1167.41 -1354.42  2090.56 -1354.42  1705.23
-559   43    7 -559.366  43.8122  7.08528  24575.8 -13106.3 -2484.11 -13106.3  7079.97  1400.75 -2484.11  1400.75  1153.25
-558   34    7 -558.497  34.5678  7.24646  56.0063 -48.1176  60.0324 -48.1176  65.5917 -51.3288  60.0324 -51.3288   568.81
-550   45    7 -550.365  45.4814  7.03921  404.414 -403.103  2035.73 -403.103  437.809 -1963.87  2035.73 -1963.87  12517.9
-558   37    5 -558.918  37.6204  5.51143   1245.5  -198.54  30.1115  -198.54  77.6451 -2.79801  30.1115 -2.79801  9.62279
-558   37    4 -558.803  37.6053  4.49971  343.024 -142.925 0.754076 -142.925  120.304 -6.88091 0.754076 -6.88091  13.4799
-559   43    9 -559.251  43.8013  9.38737  8525.34 -5083.75 -2930.18 -5083.75  3089.06  1765.12 -2930.18  1765.12  1026.92
-559   36    9 -559.088  36.5471  9.33859 1320.14 223.309 44.9623 223.309 101.879 95.1639 44.9623 95.1639 182.065
-559   31   10 -559.148  31.3083  10.4103  606.061 -406.016 -1326.54 -406.016  659.733  2652.33 -1326.54  2652.33  11506.2
